tree
version=v4
num_class=1
num_tree_per_iteration=1
label_index=0
max_feature_idx=48
objective=huber
feature_names=source_log_return_1 source_log_return_5 source_log_return_20 source_log_return_60 source_log_return_126 source_log_return_252 source_intraday_log_range source_close_to_open_log_return source_realized_volatility_20 source_realized_volatility_60 source_downside_volatility_20 source_downside_volatility_60 source_drawdown_from_60_session_peak source_drawdown_from_252_session_peak cross_section_momentum_20_percentile cross_section_positive_return_breadth cross_section_return_dispersion source_momentum_12_1 source_ma5_ma20_ratio source_close_ma50_ratio source_close_ma200_ratio source_rsi_14 source_bollinger_pct_b_20 source_bollinger_bandwidth_20 source_adx_14 source_directional_index_spread_14 source_parkinson_volatility_20 source_overnight_gap_1 source_positive_day_ratio_20 source_max_daily_log_return_20 source_return_skewness_60 source_distance_from_252_session_low source_volatility_ratio_20_60 universe58_loo_log_return_1 universe58_loo_log_return_20 universe58_loo_log_return_60 universe58_loo_log_return_126 universe58_loo_realized_volatility_20 universe58_loo_drawdown_252 source_beta_universe58_60 source_beta_universe58_252 source_correlation_universe58_60 source_residual_momentum_20 source_residual_momentum_126 source_idiosyncratic_volatility_60 cross_section_momentum_126_percentile cross_section_momentum_252_percentile cross_section_volatility_60_percentile cross_section_beta_60_percentile
feature_infos=[-0.2207123190164566:0.182477205991745] [-0.54819971323013306:0.44636186957359314] [-1.1351611614227295:1.0206978321075439] [-1.1748896837234497:1.5560240745544434] [-1.0490233898162842:2.3170430660247803] [-1.2514438629150391:2.9264204502105713] [0:0.27988538146018982] [-0.16868740320205688:0.25632256269454956] [0.0055316057987511158:0.11531444638967514] [0.0079651456326246262:0.088721774518489838] [0.00095409812638536096:0.092050075531005859] [0.0049325018189847469:0.063900329172611237] [-0.71968960762023926:0] [-0.76062244176864624:0] [0.017241379246115685:1] [0.017241379246115685:1] [0.0096504408866167068:0.043657612055540085] [-1.3928108215332031:2.8910765647888184] [-0.47595494985580444:0.52646303176879883] [-0.62940984964370728:1.3056344985961914] [-0.57781422138214111:3.874976634979248] [0:100] [-0.40451541543006897:1.4870842695236206] [0.015483886934816837:1.7820020914077759] [6.1712346076965332:84.119827270507812] [-54.177944183349609:71.899559020996094] [0.0063288267701864243:0.099167443811893463] [-0.22113896906375885:0.095378585159778595] [0.10000000149011612:0.89999997615814209] [0.005115102045238018:0.18252909183502197] [-4.4435362815856934:3.4834246635437012] [0:18.523586273193359] [0.17268767952919006:1.6647372245788574] [-0.092919811606407166:0.057573974132537842] [-0.39400303363800049:0.26549568772315979] [-0.32455301284790039:0.55794161558151245] [-0.30797004699707031:0.86915600299835205] [0.005578002892434597:0.041373930871486664] [-0.35748890042304993:0] [-0.96327811479568481:2.3354122638702393] [0.20776782929897308:1.7303366661071777] [-0.25081929564476013:0.94294917583465576] [-1.1516678333282471:1.0071370601654053] [-1.3436253070831299:1.9539748430252075] [0.0059593440964818001:0.072794802486896515] [0.017241379246115685:1] [0.017241379246115685:1] [0.017241379246115685:1] [0.017241379246115685:1]
tree_sizes=4025 3602 3681 3762 4181 3857 3687 3673 3847 4115

Tree=0
num_leaves=43
num_cat=0
split_feature=40 40 13 17 43 5 40 44 13 41 5 41 40 31 41 29 11 5 40 31 43 11 30 13 11 40 17 38 5 35 5 43 40 37 3 47 30 38 13 40 48 5
split_gain=36.5194 31.6899 22.9759 19.2936 13.8757 13.1247 10.8672 8.66027 7.25954 8.53509 8.37875 6.14287 5.88595 8.92893 9.71857 4.944 4.71159 4.40962 4.83653 4.39083 3.93846 3.86525 6.52951 3.6559 3.52867 3.39132 3.2575 2.83447 2.81258 2.38081 2.24293 2.15327 1.98918 1.61523 1.51682 1.51063 1.19532 1.06985 1.04017 1.00852 0.991119 0.215317
threshold=0.7297625243663789 1.3337206840515139 -0.19384183734655377 1.2917022705078127 -0.21351585537195203 -0.45503072440624232 0.90890428423881542 0.01663173828274012 -0.10567105561494826 0.51365593075752269 -0.25214226543903345 0.5676870346069337 0.46519245207309728 0.43743975460529333 0.23608846962451938 0.073515191674232497 0.020841591060161594 -0.33554603159427637 1.3827578425407412 0.46246370673179632 0.42163954675197607 0.016568548977375034 -0.3237201571464538 -0.12661331892013547 0.011586926411837341 1.5085739493370058 0.237523227930069 -0.15019310265779492 0.89566811919212352 0.16050910204648974 0.54501301050186168 0.52909600734710704 0.57489916682243358 0.014734101016074421 0.0098151974380016344 0.43892149627208715 0.35629682242870336 -0.05429223179817199 -0.13659953325986859 1.4848831892013552 0.057776963338255889 1.7137365937232973
decision_type=2 2 2 2 2 2 2 2 2 2 2 2 2 2 2 2 2 2 2 2 2 2 2 2 2 2 2 2 2 2 2 2 2 2 2 2 2 2 2 2 2 2
left_child=12 3 15 4 5 16 11 39 10 -10 -6 41 26 23 20 17 -2 34 -19 -7 36 30 -23 24 -14 28 33 -26 -9 40 -16 38 -25 35 -3 -1 -15 -34 -8 -4 -28 -5
right_child=1 2 7 6 8 19 31 25 9 -11 -12 -13 13 14 21 -17 -18 18 -20 -21 -22 22 -24 32 27 -27 29 -29 -30 -31 -32 -33 37 -35 -36 -37 -38 -39 -40 -41 -42 -43
leaf_value=-0.001757367894189795 0.0061490127791824275 0.0026112290848438963 -0.0078147134497315914 -0.0075450251047906635 0.0026255725662004846 -0.0019261483273732181 -0.0036126494279159114 -0.0046475478508712989 0.0028955416609606809 0.001046914170597355 0.00023119519970863918 -0.001888812634417982 0.00053655294007548147 -0.0042028427172851211 0.0029532866647474019 0.0031818429421274974 0.00070568217942493943 -0.0063303903967577473 -0.00099189205248843251 -9.3133156471692351e-05 -0.0083908948385515193 0.0041363063473536217 -0.0033330770662532666 -0.0026136783492680753 -0.0021761142532017146 -0.0083856526567227425 -0.0052124357441977838 -0.0052434823543810261 0.0001290463574751742 -0.0028939692288510606 3.3992794527280139e-05 0.0025598073125852393 -0.004794133100862426 -0.00012828931523006066 -0.0012233250515428324 -0.0056116366622379447 -0.00050257609640083753 -0.0089479484912845346 -0.00035988352717615524 -0.012357499289616897 -0.0085034696430419526 -0.01081203878856124
leaf_weight=92 137 108 63 64 682 1171 66 165 1569 2765 4003 67 119 66 269 117 119 100 205 945 61 61 172 64 362 67 101 186 69 93 173 62 63 79 63 78 74 68 95 78 97 67
leaf_count=92 137 108 63 64 682 1171 66 165 1569 2765 4003 67 119 66 269 117 119 100 205 945 61 61 172 64 362 67 101 186 69 93 173 62 63 79 63 78 74 68 95 78 97 67
internal_value=-9.39723e-05 0.000319948 -0.00303048 0.000614301 0.000770116 -0.000590161 -0.00357484 -0.00646566 0.00112806 0.00171793 0.000581417 -0.00694814 -0.00242611 -0.00185277 -0.000426621 -0.000448684 0.00366006 -0.00135749 -0.00279008 -0.00110929 -0.00425349 0.000725239 -0.00134561 -0.00329442 -0.00256693 -0.00446872 -0.00424912 -0.00324192 -0.00325104 -0.00568796 0.00182085 -0.000522805 -0.00570118 -0.00251592 0.00119602 -0.00359822 -0.00230556 -0.00710983 -0.00174111 -0.0105398 -0.00693254 -0.00942806
internal_weight=15125 12847 1035 11812 11391 2372 421 442 9019 4334 4685 198 2278 1738 876 593 256 476 305 2116 201 675 233 862 667 301 540 548 234 291 442 223 195 249 171 170 140 131 161 141 198 131
internal_count=15125 12847 1035 11812 11391 2372 421 442 9019 4334 4685 198 2278 1738 876 593 256 476 305 2116 201 675 233 862 667 301 540 548 234 291 442 223 195 249 171 170 140 131 161 141 198 131
is_linear=0
shrinkage=1


Tree=1
num_leaves=38
num_cat=0
split_feature=40 40 31 13 13 17 46 46 41 44 13 44 31 40 44 36 29 4 13 35 41 40 44 44 48 4 46 14 46 38 45 19 38 30 40 29 30
split_gain=35.9245 30.8669 20.6841 19.8006 12.0694 17.5265 11.2309 10.4083 9.44705 8.44747 7.02318 6.37553 6.2971 9.65627 5.90243 5.5379 5.52527 4.83665 4.71838 4.71692 4.40638 4.25961 3.52486 4.20428 3.24726 4.20244 2.69508 2.29955 2.22797 2.14239 2.0272 1.93298 1.65373 1.64362 1.24346 0.856725 0.466937
threshold=0.7297625243663789 1.3337206840515139 3.2325458526611333 -0.19384183734655377 -0.14998793601989743 -0.3298244029283523 0.16405374556779864 0.96521475911140453 0.51862660050392162 0.01663173828274012 -0.22866798192262647 0.034447779878973968 0.4899324774742127 0.46519245207309728 0.021322259679436687 0.21314036846160891 0.073515191674232497 0.98402836918830883 -0.31998525559902186 0.062758024781942381 0.66314572095870983 0.67268040776252758 0.032727172598242767 0.028469235636293892 0.077035948634147658 -0.0044170883484184733 0.6347549855709077 0.69589141011238109 0.44270250201225286 -0.21742141991853711 0.1241746135056019 0.0023211508523672823 -0.19337134063243863 -0.05066243186593055 1.4848831892013552 0.032704915851354606 -0.14384940266609189
decision_type=2 2 2 2 2 2 2 2 2 2 2 2 2 2 2 2 2 2 2 2 2 2 2 2 2 2 2 2 2 2 2 2 2 2 2 2 2
left_child=7 2 4 16 5 20 -7 12 11 34 -4 -6 24 28 27 -12 18 -17 30 -10 -2 -16 23 -11 33 31 -20 -15 -14 -27 -3 -26 -9 35 -5 -1 -30
right_child=1 3 10 9 8 6 -8 32 19 22 15 -13 13 14 21 17 -18 -19 26 -21 -22 -23 -24 -25 25 29 -28 -29 36 -31 -32 -33 -34 -35 -36 -37 -38
leaf_value=0.0019938414350394416 0.0040149969767534445 -0.0028391831400426662 -0.0095394604162258277 -0.0074692357312078064 0.0029055070930389037 -0.0022797415627940389 0.00011777781678822208 -0.0044975812365802429 0.0019923589109138769 -0.0034014785297989069 0.0028485178900309479 -0.001431634942849947 -0.0011690616842993684 0.00095586327490266676 -0.0028279773160612624 -0.0016515995217999666 0.0034390928926792234 -0.0067076222203005624 -0.0060665492941710088 0.00041614444766398858 0.0011456524887963444 0.0014195753249868349 2.4126355943735687e-05 -0.0094506365225558563 -0.0032248725390880985 -0.0024977688719626276 -0.00084015753392630553 0.0044301579727879948 -0.0037818871158515179 -0.0059363474546706464 0.00099635431396961427 -0.00066621804307465267 -0.0091655391681681776 -0.0027486537011097308 -0.012161440423349055 -0.001069006060696628 -0.0064809781924855935
leaf_weight=70 469 71 65 66 1729 984 3750 62 1035 151 62 145 66 201 259 206 106 120 107 2848 400 145 61 68 346 105 64 123 60 303 213 183 91 112 79 70 105
leaf_count=70 469 71 65 66 1729 984 3750 62 1035 151 62 145 66 201 259 206 106 120 107 2848 400 145 61 68 346 105 64 123 60 303 213 183 91 112 79 70 105
internal_value=-0.000106158 0.000307558 0.000591646 -0.00308648 0.000759187 9.80542e-05 -0.000381483 -0.00240524 0.00140208 -0.00632686 -0.00358498 0.00256764 -0.00203894 -0.00082797 0.000305558 -0.00251936 -0.000609285 -0.00355994 -0.00157096 0.00083775 0.00270387 -0.0013018 -0.00421653 -0.00538659 -0.00301029 -0.00355179 -0.00416443 0.00230641 -0.00436269 -0.00507854 1.43309e-05 -0.00235037 -0.00740323 -0.000974832 -0.0102271 0.000465126 -0.0055905
internal_weight=15100 12799 11813 986 11360 5603 4734 2301 5757 425 453 1874 2148 959 728 388 561 326 455 3883 869 404 280 219 1189 937 171 324 231 408 284 529 153 252 145 140 165
internal_count=15100 12799 11813 986 11360 5603 4734 2301 5757 425 453 1874 2148 959 728 388 561 326 455 3883 869 404 280 219 1189 937 171 324 231 408 284 529 153 252 145 140 165
is_linear=0
shrinkage=0.02


Tree=2
num_leaves=39
num_cat=0
split_feature=40 40 13 31 13 17 46 46 40 13 41 36 35 43 31 40 44 5 11 9 5 46 5 40 17 48 4 41 36 47 46 38 11 38 41 13 38 13
split_gain=35.156 28.7112 20.7501 18.7662 12.0596 14.1539 10.9665 10.347 7.96855 7.52136 7.10227 6.74028 5.70324 5.57898 5.12785 9.04331 6.25496 5.02795 4.99429 4.44933 4.78998 5.05835 3.91805 3.90747 3.78871 3.32621 3.81564 3.20612 2.39774 2.28162 2.16831 2.1196 2.11713 2.00643 1.94373 1.79899 1.04952 0.925798
threshold=0.7297625243663789 1.3337206840515139 -0.19384183734655377 3.2325458526611333 -0.096480675041675554 -0.35050962865352625 0.15653356909751895 0.96521475911140453 1.4848831892013552 -0.22866798192262647 0.51610162854194652 0.20221763849258426 0.061445608735084541 0.6283441185951234 0.4899324774742127 0.46519245207309728 0.021031276322901252 0.57054764032363903 0.021168857812881473 0.034066529944539077 -0.33554603159427637 0.59996974468231212 0.89566811919212352 0.67268040776252758 0.16795223206281665 0.077035948634147658 -0.0044170883484184733 0.76394981145858776 0.32109481096267706 0.57171678543090831 0.19993950426578525 -0.20318674296140668 0.011586926411837341 -0.056674452498555176 0.4072625488042832 -0.11296671256422995 -0.19590003788471219 -0.084212385118007646
decision_type=2 2 2 2 2 2 2 2 2 2 2 2 2 2 2 2 2 2 2 2 2 2 2 2 2 2 2 2 2 2 2 2 2 2 2 2 2 2
left_child=7 3 19 4 5 18 -7 14 22 -5 17 -11 -12 -13 25 33 28 -6 -2 20 30 -22 24 -18 -4 34 32 -21 -17 -9 -3 -28 -27 -16 36 -10 -1 -35
right_child=1 2 8 9 10 6 -8 29 35 11 12 13 -14 -15 15 16 23 -19 -20 27 21 -23 -24 -25 -26 26 31 -29 -30 -31 -32 -33 -34 37 -36 -37 -38 -39
leaf_value=0.00010826427602275674 0.0037050157806484854 0.0037444060363457537 -0.00094842647299880087 -0.0095367338718736882 0.0042012578787857194 -0.0018143116141439621 0.00033492470929256935 -0.0039763761574313754 -0.0065567888005664855 0.0036855890586739402 0.0027452130880235332 -0.0017807211844529281 0.00052328850488562127 -0.0076469409248412969 -0.0063216592559108033 0.0008912721106340652 -0.0028819101667493757 0.0018000733663836291 6.8713627872057261e-05 -7.1313933162843885e-05 -0.0050831438967914779 0.00033321529146060987 0.00029756007682193406 0.0012235611797206929 -0.0068954594980516447 0.00044353679210731861 -0.0025211144756690108 0.0059632754970055362 0.0044651387465936649 -0.0093195351897738879 -0.00090620488602162149 -0.0058465930025965963 -0.0028683010859248854 -0.00061731583710079863 0.0019985264814655545 -0.011663144730904606 -0.002988573634326191 -0.0040295434821754281
leaf_weight=67 587 77 60 65 563 1161 5153 60 63 61 585 238 2177 88 105 193 259 939 204 76 169 114 63 141 161 92 116 62 123 93 78 283 440 60 68 93 119 70
leaf_count=67 587 77 60 65 563 1161 5153 60 63 61 585 238 2177 88 105 193 259 939 204 76 169 114 63 141 161 92 116 62 123 93 78 283 440 60 68 93 119 70
internal_value=-8.36019e-05 0.000323639 -0.00289751 0.000601242 0.000760529 0.000255514 -6.07863e-05 -0.00236533 -0.00615209 -0.00338164 0.00160102 -0.00227987 0.000996728 -0.00342257 -0.0019982 -0.000898698 0.000221737 0.00270736 0.00277227 -0.000390649 -0.00137906 -0.00291718 -0.00408003 -0.00143391 -0.00531967 -0.00287525 -0.0034279 0.00270198 0.00231441 -0.00734735 0.001425 -0.0049083 -0.00229443 -0.00427642 -0.000829308 -0.00976987 -0.00188374 -0.00251164
internal_weight=15126 12837 1016 11821 11369 7105 6314 2289 440 452 4264 387 2762 326 2136 951 716 1502 791 576 438 283 284 400 221 1185 931 138 316 153 155 399 532 235 254 156 186 130
internal_count=15126 12837 1016 11821 11369 7105 6314 2289 440 452 4264 387 2762 326 2136 951 716 1502 791 576 438 283 284 400 221 1185 931 138 316 153 155 399 532 235 254 156 186 130
is_linear=0
shrinkage=0.02


Tree=3
num_leaves=40
num_cat=0
split_feature=40 40 13 17 43 5 44 9 46 46 36 39 40 31 40 10 30 44 9 9 48 31 29 17 5 40 39 13 17 36 35 46 30 30 35 48 46 12 30
split_gain=32.7296 27.4941 18.7965 18.5322 11.2737 12.3696 10.1996 9.1407 8.79865 8.227 7.04685 6.4364 6.06114 5.68311 10.0238 4.94883 4.45624 4.02544 3.51156 3.21987 3.04711 3.89339 3.01524 2.97595 2.85053 3.65448 2.567 2.55744 2.00978 1.89973 1.84925 1.62431 1.575 1.46172 1.45621 1.08449 0.906558 0.797088 0.185228
threshold=0.7297625243663789 1.3337206840515139 -0.25583374500274653 1.1649196147918703 0.024624778889119629 -0.42667298018932337 0.01663173828274012 0.034761307761073119 0.96521475911140453 0.095583789050579085 0.11115137860178949 0.67764529585838329 0.81122258305549633 0.4899324774742127 0.46519245207309728 0.018718852661550048 0.077523652464151396 0.025529052130877975 0.034066529944539077 0.031301656737923629 0.077035948634147658 0.16120673716068271 0.034740129485726363 -0.5274316370487212 -0.33554603159427637 1.3827578425407412 0.35905502736568456 -0.27366895973682398 0.15648832917213443 0.20221763849258426 0.16466236859560016 0.19993950426578525 -0.05066243186593055 -0.065112799406051622 0.0091122374869883078 0.038517974317073829 0.26088929176330572 -0.064471781253814683 -0.13175240904092786
decision_type=2 2 2 2 2 2 2 2 2 2 2 2 2 2 2 2 2 2 2 2 2 2 2 2 2 2 2 2 2 2 2 2 2 2 2 2 2 2 2
left_child=8 3 18 4 5 23 28 17 13 -7 -5 -9 -12 20 30 26 29 -6 24 -18 32 36 -23 -2 31 -26 -16 -14 -4 -8 38 -3 35 -17 -10 -1 -22 -34 -15
right_child=1 2 6 10 7 9 16 11 34 -11 12 -13 27 14 15 33 19 -19 -20 -21 21 22 -24 -25 25 -27 -28 -29 -30 -31 -32 -33 37 -35 -36 -37 -38 -39 -40
leaf_value=-0.0013087310943854591 0.0048526320026711905 0.0033480078838268911 -0.0058747379945384131 0.0027822235929114477 0.001705961811009098 -0.0019695878479312808 -0.0039775287468940754 -0.0057106478033881435 -0.0042918884039147573 0.00026279085522643215 -0.007541513146583698 0.00032849837570638217 -0.0061668988533968485 -0.0044528096186381488 -0.0017212658626429567 0.00022667186601230732 -0.0041778679048506224 0.003500568978296753 0.0032714790864144718 0.0010932784922786545 -0.003027954507431538 -0.0062458551838414549 -0.0032073235839273091 0.0018040951502005075 -0.0056591863382335116 -0.00031949371175551917 0.0020263013436575424 -0.0017928502897746868 -0.011021498128868126 -0.0085014671078095082 -0.002101565738810071 -0.00070761222121793605 -0.00088719868442664552 -0.0034494124766316836 -0.0086949488530782132 0.0020714751782626669 -0.00095217213724578737 -0.0041911633287719085 -0.0067606814125010482
leaf_weight=70 232 72 60 81 3001 753 118 73 64 5215 113 988 60 60 85 62 79 604 103 104 136 222 353 298 79 139 437 407 113 62 93 81 60 134 85 76 230 60 76
leaf_count=70 232 72 60 81 3001 753 118 73 64 5215 113 988 60 60 85 62 79 604 103 104 136 222 353 298 79 139 437 407 113 62 93 81 60 134 85 76 230 60 76
internal_value=-7.78382e-05 0.000316168 -0.00284607 0.000587 0.000779952 0.000240984 -0.0054009 0.00152968 -0.00227169 -1.95555e-05 -0.00265917 -0.000101003 -0.00343122 -0.00193964 -0.000774848 0.000390105 -0.00344394 0.00200958 5.66385e-05 -0.00120755 -0.00284851 -0.00338227 -0.00440852 0.00316023 -0.0008523 -0.0023096 0.00140781 -0.00239273 -0.00937274 -0.00565506 -0.00438953 0.00122219 -0.00093988 -0.00229566 -0.00693232 0.000450397 -0.00174456 -0.00260924 -0.00586778
internal_weight=15138 12835 1010 11825 11164 6498 536 4666 2303 5968 661 1061 580 2154 947 718 363 3605 474 183 1207 941 575 530 371 218 522 467 173 180 229 153 266 196 149 146 366 120 136
internal_count=15138 12835 1010 11825 11164 6498 536 4666 2303 5968 661 1061 580 2154 947 718 363 3605 474 183 1207 941 575 530 371 218 522 467 173 180 229 153 266 196 149 146 366 120 136
is_linear=0
shrinkage=0.02


Tree=4
num_leaves=45
num_cat=0
split_feature=40 40 13 17 43 17 46 44 31 40 9 41 44 40 11 36 30 30 40 47 44 6 38 47 17 20 38 13 11 45 9 3 17 43 13 41 31 27 41 40 46 3 44 47
split_gain=29.5571 25.0547 19.5052 15.3615 11.8526 10.3643 9.9264 9.16713 8.71533 9.56454 6.90921 8.2428 7.03308 6.66104 5.23318 5.018 4.54744 3.98822 3.7083 4.15752 3.44505 3.16646 3.14052 4.34944 2.84592 2.85705 2.49426 2.42248 2.38676 2.30656 2.24951 2.15908 2.01512 2.46943 2.01298 1.79895 1.4773 1.35027 1.13979 0.9926 0.915988 0.990225 0.807966 0.541372
threshold=0.73328164219856273 1.3337206840515139 -0.25583374500274653 1.1649196147918703 -0.21351585537195203 -0.43578933179378504 0.87825167179107677 0.01663173828274012 0.43743975460529333 0.52690666913986217 0.034066529944539077 0.22821884602308276 0.026522146537899974 0.8083191215991975 0.020756267942488197 0.10890723764896394 -0.62986296415328968 0.077523652464151396 0.46519245207309728 0.35326485335826879 0.023275360465049747 0.032777562737464912 -0.18716789782047269 0.077035948634147658 0.44104826450347906 0.3380457609891892 -0.0789298079907894 -0.27816140651702875 0.011586926411837341 0.48606015741825109 0.031640630215406425 -0.18505331873893735 -0.38895161449909205 -0.074162796139717088 -0.11296671256422995 0.55570313334465038 2.5424801111221318 0.0018008201732300224 0.29422789812088018 1.4242213964462282 0.37386569380760198 -0.14871069788932798 0.020530888810753826 0.1241746135056019
decision_type=2 2 2 2 2 2 2 2 2 2 2 2 2 2 2 2 2 2 2 2 2 2 2 2 2 2 2 2 2 2 2 2 2 2 2 2 2 2 2 2 2 2 2 2
left_child=6 3 21 4 5 14 8 39 22 20 12 -12 -6 -5 -2 -15 -7 26 38 -20 -10 32 40 34 35 -26 -9 -17 -25 -22 -19 -23 -3 -34 -24 -11 37 -21 -8 -4 43 -42 -33 -1
right_child=1 2 7 13 10 16 18 17 9 24 11 -13 -14 15 -16 27 -18 30 19 36 29 31 23 28 25 -27 -28 -29 -30 -31 -32 42 33 -35 -36 -37 -38 -39 -40 -41 41 -43 -44 -45
leaf_value=-0.0043057548295529118 0.0057619649106133231 0.00118015374816703 -0.0066437647967111492 -0.0068620603958261207 0.0011630601751636206 0.0011032201637014253 -0.0053805538604980987 -0.0033724930550759801 8.8811878832655223e-05 0.0038177523109893322 -0.007182262279329792 0.00019215086679830407 0.0035421224615308114 0.0034853959847766327 -0.00035360655773674022 -0.0058593780891314966 -0.0013553687646335462 -0.0039161046575979293 -0.00010919800353697454 -0.0058418408589838424 -0.0017947069102898238 0.0047313555910981986 0.0012972768076706207 -0.0020882687333184454 -0.0017947262407986861 0.0023027714380018764 -0.0082139101593733527 -0.0016442364664993841 -0.005550125168412052 -0.0062079609263013926 0.00048884660045985342 -0.0010039104485042292 -0.0048213589710930545 -0.00011993192648515105 -0.0031433816859846352 0 -0.007785003045806661 -0.0020450401741599791 -0.009788024953724099 -0.010815379806194861 0.0010812249589882987 -0.001486126173098154 0.0018963144946797395 -0.0015206262735220103
leaf_weight=60 145 86 60 109 6480 358 65 101 106 218 60 1606 537 68 89 61 1810 80 96 76 87 71 84 113 145 123 83 421 328 113 103 70 88 89 74 64 61 83 62 98 73 287 78 62
leaf_count=60 145 86 60 109 6480 358 65 101 106 218 60 1606 537 68 89 61 1810 80 96 76 87 71 84 113 145 123 83 421 328 113 103 70 88 89 74 64 61 83 62 98 73 287 78 62
internal_value=-9.05291e-05 0.000291434 -0.00273126 0.000551335 0.000727974 -0.00051467 -0.00213513 -0.00538687 -0.00151211 -2.42019e-06 0.0010719 -8.52677e-05 0.0013467 -0.00240822 0.0034567 -0.00149131 -0.00094796 -0.00359826 -0.00482854 -0.00360323 -0.0028219 0.000174624 -0.00270333 -0.00367028 0.00157123 8.68255e-05 -0.00565848 -0.00221269 -0.00468543 -0.00434802 -0.00146354 0.0019389 -0.00129603 -0.00250432 -0.000796132 0.00296266 -0.00510143 -0.00394061 -0.00771615 -0.00939075 -0.00148434 -0.000958136 0.000525272 -0.00296883
internal_weight=15131 12751 1007 11744 11085 2402 2380 525 1937 856 8683 1666 7017 659 234 550 2168 367 443 316 306 482 1081 599 550 268 184 482 441 200 183 219 263 177 158 282 220 159 127 158 482 360 148 122
internal_count=15131 12751 1007 11744 11085 2402 2380 525 1937 856 8683 1666 7017 659 234 550 2168 367 443 316 306 482 1081 599 550 268 184 482 441 200 183 219 263 177 158 282 220 159 127 158 482 360 148 122
is_linear=0
shrinkage=0.02


Tree=5
num_leaves=41
num_cat=0
split_feature=40 40 31 13 13 17 46 46 40 31 41 41 13 36 44 43 11 29 13 19 3 40 38 11 30 40 11 30 46 46 5 48 45 29 13 46 17 46 39 48
split_gain=28.4225 26.6918 19.2922 16.6852 10.8246 15.1074 9.47685 8.49905 7.72224 7.72127 9.4011 7.46549 7.04254 6.59228 5.39914 4.67648 4.56 4.25085 5.02449 3.55294 3.37685 3.23931 3.09917 3.21002 2.98043 4.15666 2.97127 2.96833 2.7654 2.64727 2.57122 2.27702 1.8407 1.5622 1.54554 1.23842 1.08069 1.44367 0.879526 0.571939
threshold=0.7297625243663789 1.3337206840515139 3.2325458526611333 -0.19384183734655377 -0.13926986604928968 -0.35050962865352625 0.15653356909751895 0.87825167179107677 1.4848831892013552 0.43743975460529333 0.2815821915864945 0.52352130413055431 -0.22866798192262647 0.19711802899837497 0.034966891631484039 0.6283441185951234 0.020841591060161594 0.073515191674232497 -0.35753300786018366 0.31527613103389746 0.14567374438047412 0.46519245207309728 -0.1728362366557121 0.011586926411837341 0.56110018491745006 0.65654709935188305 0.009441990405321123 0.55280578136444103 0.6347549855709077 0.98260739445686351 -0.27817234396934504 0.1241746135056019 0.29548789560794836 0.063295509666204466 -0.10871141776442526 0.40388205647468572 -0.14861603081226346 0.79128858447074901 0.50726205110549938 0.3706896454095841
decision_type=2 2 2 2 2 2 2 2 2 2 2 2 2 2 2 2 2 2 2 2 2 2 2 2 2 2 2 2 2 2 2 2 2 2 2 2 2 2 2 2
left_child=7 2 4 17 5 16 -7 9 20 22 27 14 -4 -14 -6 -15 -2 18 30 -13 -5 38 36 26 25 -12 -24 35 -20 31 -3 -23 -25 -22 -10 -11 39 -38 -9 -1
right_child=1 3 12 8 11 6 -8 21 34 10 24 19 13 15 -16 -17 -18 -19 28 -21 33 29 23 32 -26 -27 -28 -29 -30 -31 -32 -33 -34 -35 -36 -37 37 -39 -40 -41
leaf_value=-0.0030515238750101386 0.0036601004022862207 0.002252674686303675 -0.0095976232785444995 -0.0064620167055242771 0.0026940099902647086 -0.0019804344237956913 0.00016637574528015933 -0.00520960445406418 -0.0063251756092622168 -0.0018839746618616411 -0.0011275486217534288 0.00094805455792762883 0.0035260539996079246 -0.002049336820315769 -0.0015297484490025134 -0.0074276138534667083 0.00024711750504798866 0.0028086341633819616 -0.0049051116948552213 -0.0027181992374035878 0.00044948812123121962 -0.00019107514937673141 -0.0051514484129512482 -0.0033740656825909884 0.0042982617805487127 0.0028113779626115398 -4.5056485666000116e-05 0.00047813153050083198 -0.00034625266326299636 -0.0066836270107121414 -0.0022881199749310811 -0.0042220070189680934 -0.0063890698527807703 -0.0034514634367443764 -0.011206137986140365 -0.0053543919488417769 0.00066974364391788113 -0.0026690673589443736 -0.0092913541162270123 -0.00089998444368829947
leaf_weight=164 563 146 62 108 1722 1029 4047 60 60 66 232 3559 60 240 128 88 218 114 162 106 67 106 64 187 113 194 144 69 80 76 72 118 167 99 91 138 151 75 61 77
leaf_count=164 563 146 62 108 1722 1029 4047 60 60 66 232 3559 60 240 128 88 218 114 162 106 67 106 64 187 113 194 144 69 80 76 72 118 167 99 91 138 151 75 61 77
internal_value=-6.31264e-05 0.000301616 0.000567196 -0.0028325 0.000728325 0.000129222 -0.000269539 -0.00212859 -0.0058218 -0.00153672 -7.61621e-05 0.00136398 -0.00348037 -0.00243417 0.00239923 -0.00354955 0.0027133 -0.00059867 -0.00145798 0.000839609 -0.00374682 -0.00468526 -0.00268472 -0.00368493 0.00145289 0.00067102 -0.0016719 -0.00308166 -0.00342483 -0.00350395 0.000737735 -0.00234665 -0.00484094 -0.00189104 -0.00943418 -0.00428002 -0.00146309 -0.000454353 -0.00745042 -0.00238772
internal_weight=15083 12821 11822 999 11372 5857 5076 2262 425 1841 812 5515 450 388 1850 328 781 574 460 3665 274 421 1029 562 539 426 208 273 242 300 218 224 354 166 151 204 467 226 121 241
internal_count=15083 12821 11822 999 11372 5857 5076 2262 425 1841 812 5515 450 388 1850 328 781 574 460 3665 274 421 1029 562 539 426 208 273 242 300 218 224 354 166 151 204 467 226 121 241
is_linear=0
shrinkage=0.02


Tree=6
num_leaves=39
num_cat=0
split_feature=40 40 13 17 40 43 5 46 9 41 11 44 41 9 30 46 31 40 44 5 46 40 30 11 48 31 29 38 36 41 38 44 11 38 30 29 40 13
split_gain=28.7348 23.9132 17.6197 16.256 10.3264 10.2406 11.8204 8.56452 6.85767 8.36186 6.7384 6.44409 6.07868 4.52238 4.41019 4.40806 4.3729 7.98025 5.65102 4.07329 3.61695 3.31619 3.26362 3.10939 2.70621 3.64197 3.50681 2.3568 2.03445 1.94151 1.79461 1.61814 1.31546 1.28542 1.12889 0.961269 0.876522 0.739517
threshold=0.7297625243663789 1.3337206840515139 -0.19384183734655377 1.2917022705078127 0.90709242224693309 -0.21351585537195203 -0.5325154960155486 0.96521475911140453 0.034066529944539077 0.22821884602308276 0.010840746574103834 0.01663173828274012 0.5457189977169038 0.034066529944539077 -0.62986296415328968 0.99137932062149059 0.4899324774742127 0.46519245207309728 0.021031276322901252 -0.38437293469905848 0.59996974468231212 0.67268040776252758 0.29881086945533758 0.020538715645670894 0.077035948634147658 0.17076850682497027 0.034456359222531326 -0.016378542408347126 0.16503754258155826 0.76394981145858776 -0.056674452498555176 0.025315541774034504 0.012347038369625809 -0.19337134063243863 -0.05066243186593055 0.032704915851354606 1.4848831892013552 -0.07865328341722487
decision_type=2 2 2 2 2 2 2 2 2 2 2 2 2 2 2 2 2 2 2 2 2 2 2 2 2 2 2 2 2 2 2 2 2 2 2 2 2 2
left_child=7 3 13 5 12 6 23 16 10 -10 -7 36 -5 19 -8 31 24 30 28 -3 -21 -20 27 -2 34 32 -27 -13 -19 -15 -18 -6 -26 -9 35 -1 -4 -32
right_child=1 2 11 4 15 8 14 33 9 -11 -12 22 -14 29 -16 -17 17 18 21 20 -22 -23 -24 -25 25 26 -28 -29 -30 -31 37 -33 -34 -35 -36 -37 -38 -39
leaf_value=0.0020689691756985017 0.0071481299630055829 0.0017830086831121751 -0.0069648801515351478 -0.0095037295294925581 1.7433721007722795e-05 -0.00045135715027126418 0.0011171898379973653 -0.0041011519875663975 -0.0070384843036094139 0.00011208018651038323 0.0014466535554681266 -0.0038021418810822065 -0.0023360557107872135 0.00047526494891402156 -0.0012996821335569983 0.0036366079893708227 -0.0059648350186714341 -0.00015058271569715252 -0.0027157179375528807 -0.0040496106718701666 0.00027427506334776799 0.001012021244065651 -0.0010656085251586603 0.0017906502909415089 0.00041038264469148557 -0.0062174005508033002 -0.0028914545282221005 -0.0085529190170977806 0.0032811160828670437 0.0053520299020747191 -0.00065834766159218467 -0.0042633681001165245 -0.0023047416698998629 -0.0082249315726803628 -0.0022753339561669894 -0.0011884443077693383 -0.011215324959821171 -0.0038014079873378462
leaf_weight=67 84 119 64 117 63 845 357 62 65 1715 6396 133 83 69 1876 72 106 100 258 211 120 148 102 93 95 212 341 67 215 61 60 76 268 93 113 72 69 62
leaf_count=67 84 119 64 117 63 845 357 62 65 1715 6396 133 83 69 1876 72 106 100 258 211 120 148 102 93 95 212 341 67 215 61 60 76 268 93 113 72 69 62
internal_value=-0.000118004 0.000248484 -0.00269297 0.000501303 -0.00339193 0.000642225 -0.000515178 -0.00218995 0.000951609 -0.000159878 0.00122493 -0.00572108 -0.00661255 -0.00040241 -0.000911858 -0.000284625 -0.00185093 -0.000837131 0.000197218 -0.00135398 -0.00249066 -0.00135694 -0.00403175 0.0044155 -0.00266952 -0.00317385 -0.00419497 -0.00550146 0.0021974 0.00284022 -0.00407244 -0.00235673 -0.0015939 -0.00669094 -0.000816644 0.000385173 -0.00937611 -0.00231654
internal_weight=15129 12857 1015 11842 411 11431 2410 2272 9021 1780 7241 435 200 580 2233 211 2117 949 721 450 331 406 302 177 1168 916 553 200 315 130 228 139 363 155 252 139 133 122
internal_count=15129 12857 1015 11842 411 11431 2410 2272 9021 1780 7241 435 200 580 2233 211 2117 949 721 450 331 406 302 177 1168 916 553 200 315 130 228 139 363 155 252 139 133 122
is_linear=0
shrinkage=0.02


Tree=7
num_leaves=39
num_cat=0
split_feature=40 40 13 31 13 17 46 46 41 44 13 44 35 24 41 5 31 30 4 41 31 13 9 5 40 9 48 31 47 31 38 17 29 48 47 45 31 40
split_gain=26.8537 22.5449 15.9164 15.8259 10.2784 12.9634 9.085 8.2032 7.91483 7.4772 6.09589 5.51241 4.76638 4.75411 4.05339 3.79385 3.89794 3.78644 4.15869 3.48544 5.98408 3.00636 2.66165 3.06886 2.9066 2.62359 2.15368 2.68804 2.65852 2.53157 2.11883 1.66977 1.1811 1.1231 1.04536 0.898154 0.518683 0.500012
threshold=0.7297625243663789 1.3337206840515139 -0.25583374500274653 2.8392467498779301 -0.13659953325986859 -0.3298244029283523 0.23105636239051822 0.96521475911140453 0.51862660050392162 0.01663173828274012 -0.23416599631309507 0.034447779878973968 0.0016982766683213415 23.656573295593265 0.64640077948570263 1.0002340674400332 1.6873898506164553 0.67884969711303722 1.1340988874435427 0.2815821915864945 0.4899324774742127 -0.13659953325986859 0.034066529944539077 -0.38437293469905848 1.3827578425407412 0.031189960427582267 0.1241746135056019 0.57889869809150707 0.67663240432739269 0.17541613429784778 -0.046728802844882004 0.15648832917213443 0.075643308460712447 0.82868674397468578 0.59097579121589672 0.31474687159061437 1.2592091560363772 0.52690666913986217
decision_type=2 2 2 2 2 2 2 2 2 2 2 2 2 2 2 2 2 2 2 2 2 2 2 2 2 2 2 2 2 2 2 2 2 2 2 2 2 2
left_child=7 3 22 4 5 14 -7 13 11 31 -5 -6 -10 26 -2 16 -11 18 -12 32 21 -21 23 33 -25 -22 28 29 35 -28 -29 -4 37 -3 -9 -1 -34 -15
right_child=1 2 9 10 8 6 -8 34 12 15 17 -13 -14 19 -16 -17 -18 -19 -20 20 25 -23 -24 24 -26 -27 27 30 -30 -31 -32 -33 36 -35 -36 -37 -38 -39
leaf_value=-0.0027641138042158934 0.0037446850982183312 0.0036014092791592702 -0.0054582913804740183 -0.0078381109847442103 0.0027363972889034422 -0.0016043318733042946 0.00026355059142514712 -0.0042282349222734798 0.0024381437737682255 -0.0028583529693332987 -0.0016571370308270997 -0.001719693944370374 0.00045627324504374597 -0.0025502801500570057 0.00099778607638886449 0.00087453375884464818 -0.0080332996693572838 0.0024567689949998982 -0.0068653928852743578 -0.00059527816204135199 0.0022968604647667346 -0.0039119404167289569 0.0026840661078528856 -0.004962364158241285 -0.00046181218143213882 -0.0019250515756688805 -0.0021910513600595532 -0.0034967376849954091 -0.0043350620827113748 -0.0054468591303876669 0.0016923615183193413 -0.010263887595493817 -0.0025932747656479478 -0.00013929553507742556 -0.0080563949215743287 -0.00016091574099520224 -0.005414237708525939 -0.00032166909945417982
leaf_weight=65 427 61 60 73 1610 1470 3552 63 578 215 450 117 2979 93 438 67 81 71 69 316 327 166 111 87 162 69 154 60 109 285 60 100 60 63 87 247 69 73
leaf_count=65 427 61 60 73 1610 1470 3552 63 578 215 450 117 2979 93 438 67 81 71 69 316 327 166 111 87 162 69 154 60 109 285 60 100 60 63 87 247 69 73
internal_value=-9.87605e-05 0.000257974 -0.00261018 0.000502721 0.000681188 0.000106109 -0.000283634 -0.00208601 0.00132128 -0.00501854 -0.00249232 0.00243147 0.000780384 -0.00176448 0.00236318 -0.00337896 -0.00434421 -0.0017929 -0.00238696 -0.000900618 -0.000264077 -0.00175673 5.06867e-06 -0.000804561 -0.00207862 0.00154978 -0.00279154 -0.00360741 -0.00168801 -0.00432962 -0.000916063 -0.00860155 -0.00277005 0.00173462 -0.00656954 -0.000727583 -0.0041985 -0.00159925
internal_weight=15144 12841 1007 11834 11171 5887 5022 2303 5284 523 663 1727 3557 2153 865 363 296 590 519 1173 878 482 484 373 249 396 980 559 421 439 120 160 295 124 150 312 129 166
internal_count=15144 12841 1007 11834 11171 5887 5022 2303 5284 523 663 1727 3557 2153 865 363 296 590 519 1173 878 482 484 373 249 396 980 559 421 439 120 160 295 124 150 312 129 166
is_linear=0
shrinkage=0.02


Tree=8
num_leaves=41
num_cat=0
split_feature=40 40 13 17 43 5 46 31 41 26 41 5 11 40 17 38 47 13 40 17 41 40 9 13 46 30 38 9 35 5 46 30 47 9 41 47 41 11 5 9
split_gain=27.6475 23.3488 15.0415 13.1205 9.99502 11.0593 8.2866 9.96103 9.09589 7.11462 6.96957 6.42103 5.20634 4.56693 4.22967 3.88864 4.44337 4.18431 3.55124 4.67964 3.4836 3.21395 3.20784 2.91054 5.08225 2.88657 2.88399 2.68984 2.66554 2.43712 2.92916 2.06041 1.97216 1.90202 1.64776 1.27285 1.15115 0.953532 0.812409 0.752928
threshold=0.7393348515033723 1.3337206840515139 -0.25583374500274653 1.1649196147918703 0.024624778889119629 -0.49876053631305689 0.87825167179107677 0.43743975460529333 0.2815821915864945 0.01487207366153598 0.19853758066892627 1.0094448924064638 0.019729902967810634 0.8083191215991975 -0.15401538461446759 -0.18006064742803571 0.40040352940559393 -0.23044268041849134 0.46519245207309728 1.186229467391968 0.75119560956954967 0.46519245207309728 0.032263701781630523 -0.27816140651702875 0.99137932062149059 -0.12683644145727155 -0.068819910287857042 0.034066529944539077 0.08667249977588655 -0.38437293469905848 0.59996974468231212 0.56110018491745006 0.35326485335826879 0.024610197171568874 0.34899315237998968 0.10491563007235528 0.29422789812088018 0.012417673598974945 -0.065720167011022554 0.025369782932102684
decision_type=2 2 2 2 2 2 2 2 2 2 2 2 2 2 2 2 2 2 2 2 2 2 2 2 2 2 2 2 2 2 2 2 2 2 2 2 2 2 2 2
left_child=6 3 27 4 5 20 7 15 28 -7 22 14 -12 -5 -4 35 17 -17 36 32 -2 -10 -6 -15 -25 -23 -16 29 -9 39 -31 -30 -20 -18 -34 37 -8 -1 -37 -3
right_child=1 2 11 13 10 9 18 8 21 -11 12 -13 -14 23 26 16 33 -19 19 -21 -22 25 -24 24 -26 -27 -28 -29 31 30 -32 -33 34 -35 -36 38 -38 -39 -40 -41
leaf_value=-0.00099425385174617994 0.0046457603310011853 0.0030231939094466347 -0.00076759480477564719 -0.0058678924478257882 -2.5115148510251727e-05 -0.00194493310128421 -0.0049709204820109834 -0.0061743753684891586 -0.0025274702170331557 0.00025685589688847663 0.0020853506287482849 0.0010306368959483816 0.00063152579032130902 -0.0051398246525595449 -0.0038051277119392421 0.00034988957104322164 -0.0079960014704486427 -0.0038965732387732715 0.00012199935481173567 -0.008210068446584045 -0.00010958519909116958 0.0042354371477569264 -0.0063023426467552776 -0.0017687397181981944 0.0036701184248170223 0.0010517670047458716 -0.0075449920347842739 0.0027673676069116808 -0.0029423902666210382 -0.0037217936801120033 0.00075031336526177369 0.0013418658220424101 -0.0017808791735519963 -0.0033096804097996991 -0.0056406306572887414 -0.0014662734181720349 -0.0093760401468191822 -0.0043929094501115656 0.00047620827991935152 -8.7432136167846041e-05
leaf_weight=61 281 60 63 109 67 655 64 69 67 5439 2864 64 1510 70 133 130 113 314 98 61 78 163 61 397 80 377 282 107 145 145 95 62 117 60 74 216 60 78 139 60
leaf_count=61 281 60 63 109 67 655 64 69 67 5439 2864 64 1510 70 133 130 113 314 98 61 78 163 61 397 80 377 282 107 145 145 95 62 117 60 74 216 60 78 139 60
internal_value=-7.12042e-05 0.000307455 -0.00260609 0.000561337 0.000726105 0.000221122 -0.00200589 -0.00143598 0.000149011 1.9197e-05 0.00144908 -0.00486317 0.00158446 -0.0021795 -0.00565589 -0.0026936 -0.00375117 -0.002657 -0.00437715 -0.00329223 0.00361746 0.00151776 -0.00310006 -0.0014147 -0.000837242 0.0020327 -0.00638474 2.5678e-05 -0.0028416 -0.000802594 -0.00196006 -0.00165358 -0.0021771 -0.00646049 -0.00334554 -0.00135604 -0.00728143 -0.00296097 -0.000705286 0.00149555
internal_weight=15088 12620 1009 11611 10955 6453 2468 1994 883 6094 4502 542 4374 656 478 1111 617 444 474 350 359 607 128 547 477 540 415 467 276 360 240 207 289 173 191 494 124 139 355 120
internal_count=15088 12620 1009 11611 10955 6453 2468 1994 883 6094 4502 542 4374 656 478 1111 617 444 474 350 359 607 128 547 477 540 415 467 276 360 240 207 289 173 191 494 124 139 355 120
is_linear=0
shrinkage=0.02


Tree=9
num_leaves=44
num_cat=0
split_feature=40 40 31 13 13 5 44 11 41 13 5 40 35 40 31 41 35 30 40 41 11 30 36 30 6 31 38 38 17 38 5 30 40 11 3 30 48 44 45 41 47 5 45
split_gain=24.9871 21.4095 17.4446 15.2285 9.85808 11.7096 7.82214 7.54042 7.46435 6.92063 5.9529 5.17862 4.94622 4.85673 6.91302 7.90512 4.82832 4.3117 4.02403 3.56114 3.40589 5.60795 3.50314 3.1325 3.04921 2.93082 3.45152 2.66747 2.47097 2.25063 2.22857 2.22658 2.14273 2.09666 2.04734 1.89667 1.52609 1.7814 1.40813 1.35892 0.788069 0.711183 0.229053
threshold=0.7297625243663789 1.3337206840515139 3.3479471206665044 -0.25839060544967646 -0.1104048117995262 -0.25214226543903345 0.017277503386139873 0.037145419046282775 0.51365593075752269 -0.22540763020515439 0.57054764032363903 0.92028588056564342 -0.14671169966459272 0.46519245207309728 0.43743975460529333 0.23608846962451938 0.062758024781942381 0.077523652464151396 1.0473650693893435 0.46527297794818884 0.016568548977375034 -0.3237201571464538 0.30831910669803625 0.35629682242870336 0.032777562737464912 0.30281817913055425 -0.056674452498555176 -0.033964132890105241 0.10059041902422906 -0.0789298079907894 -0.33554603159427637 -0.065112799406051622 1.4098771810531618 0.01288843108341098 -0.19074321538209912 -0.20927981287240979 0.077035948634147658 0.025928970426321033 0.57171678543090831 0.31398834288120275 0.43892149627208715 -0.1965566202998161 0.76228907704353344
decision_type=2 2 2 2 2 2 2 2 2 2 2 2 2 2 2 2 2 2 2 2 2 2 2 2 2 2 2 2 2 2 2 2 2 2 2 2 2 2 2 2 2 2 2
left_child=13 2 4 24 5 12 28 -7 10 -4 -6 19 -2 25 27 23 -10 29 -13 -11 22 -22 -17 -16 30 40 39 36 -5 -8 -3 -32 -19 -29 -26 -28 -15 -38 -37 42 -1 -36 -27
right_child=1 3 9 6 8 7 17 -9 16 11 -12 18 -14 14 15 20 -18 32 -20 -21 21 -23 -24 -25 34 26 35 33 -30 -31 31 -33 -34 -35 41 38 37 -39 -40 -41 -42 -43 -44
leaf_value=4.6833683178090397e-05 -0.0021227840961676025 0.00086113352948817817 -0.0097173913878107823 -0.0043915031717130636 0.0040269474780896732 -0.00035489298391090494 -0.0029845723891931191 0.0058306614728178829 0.0022041770569842124 -0.0080149469887492841 0.0014865804411865278 0.0025680275438170808 0.0022492663812045096 0.00016101926358619539 -0.0061882053874071363 0.00014057990719366028 0.00033870615146192377 -0.0035078787789813112 -0.0033624033259160545 -0.0019838412223109865 0.0035934784164796518 -0.003073282329144755 0.0036547672863707021 -0.0011225082792900504 0.0044832388952978563 -0.0057972905404369036 -6.0121635726617679e-05 -0.0028699726917748819 -0.0095741263745243062 -0.0078562990557157295 -0.005768423073223004 -0.00085976543501820621 0.00094567098354805367 -0.0071483567375689736 -0.00075946946448336055 -0.0017916534462128766 -0.0029049655239872679 0.00066642853447410749 -0.0062114820393718894 -0.0085987407270964097 -0.0028585015327024918 0.001926936212724208 -0.0035602470663420498
leaf_weight=86 111 100 60 63 598 5354 90 77 719 78 977 99 1164 98 100 246 2414 67 80 82 68 172 209 97 71 72 76 113 133 73 62 90 110 85 87 61 515 61 60 74 62 67 60
leaf_count=86 111 100 60 63 598 5354 90 77 719 78 977 99 1164 98 100 246 2414 67 80 82 68 172 209 97 71 72 76 113 133 73 62 90 110 85 87 61 515 61 60 74 62 67 60
internal_value=-9.49519e-05 0.000250289 0.000489855 -0.0025356 0.000633993 0.000141182 -0.00483906 -0.00026384 0.0013352 -0.00360491 0.00245757 -0.00244438 0.00186377 -0.002006 -0.00148859 -0.000247495 0.000768836 -0.00295724 -8.8685e-05 -0.00502354 0.00075663 -0.00115921 0.00177034 -0.00375318 6.47584e-05 -0.00364363 -0.00452447 -0.00275181 -0.00800463 -0.00527496 -0.00143611 -0.00294133 -0.000764948 -0.00479091 0.0017469 -0.00256369 -0.00213273 -0.00252352 -0.00408862 -0.00633108 -0.00119625 0.000417409 -0.00488957
internal_weight=15141 12826 11813 1013 11414 6706 536 5431 4708 399 1575 339 1275 2315 1764 892 3133 340 179 160 695 240 455 197 477 551 403 872 196 163 252 152 177 198 225 197 674 576 121 206 148 154 132
internal_count=15141 12826 11813 1013 11414 6706 536 5431 4708 399 1575 339 1275 2315 1764 892 3133 340 179 160 695 240 455 197 477 551 403 872 196 163 252 152 177 198 225 197 674 576 121 206 148 154 132
is_linear=0
shrinkage=0.02


end of trees

feature_importances:
source_beta_universe58_252=55
source_drawdown_from_252_session_peak=35
source_correlation_universe58_60=28
cross_section_momentum_252_percentile=28
source_log_return_252=24
source_distance_from_252_session_low=24
source_return_skewness_60=23
source_momentum_12_1=21
source_idiosyncratic_volatility_60=21
universe58_loo_drawdown_252=19
source_downside_volatility_60=18
source_realized_volatility_60=14
cross_section_volatility_60_percentile=11
cross_section_beta_60_percentile=11
source_residual_momentum_126=10
source_max_daily_log_return_20=9
universe58_loo_log_return_60=9
universe58_loo_log_return_126=9
cross_section_momentum_126_percentile=6
source_log_return_60=5
source_log_return_126=4
source_beta_universe58_60=3
source_intraday_log_range=2
source_close_ma50_ratio=2
source_downside_volatility_20=1
source_drawdown_from_60_session_peak=1
cross_section_momentum_20_percentile=1
source_close_ma200_ratio=1
source_adx_14=1
source_parkinson_volatility_20=1
source_overnight_gap_1=1
universe58_loo_realized_volatility_20=1

parameters:
[boosting: gbdt]
[objective: huber]
[metric: huber]
[tree_learner: serial]
[device_type: cpu]
[data_sample_strategy: bagging]
[data: ]
[valid: ]
[num_iterations: 10]
[learning_rate: 0.02]
[num_leaves: 47]
[num_threads: 12]
[seed: 122408]
[deterministic: 1]
[force_col_wise: 1]
[force_row_wise: 0]
[histogram_pool_size: -1]
[max_depth: 6]
[min_data_in_leaf: 60]
[min_sum_hessian_in_leaf: 0.001]
[bagging_fraction: 0.9]
[pos_bagging_fraction: 1]
[neg_bagging_fraction: 1]
[bagging_freq: 1]
[bagging_seed: 122408]
[bagging_by_query: 0]
[feature_fraction: 0.9]
[feature_fraction_bynode: 1]
[feature_fraction_seed: 122408]
[extra_trees: 0]
[extra_seed: 1155]
[early_stopping_round: 0]
[early_stopping_min_delta: 0]
[first_metric_only: 0]
[max_delta_step: 0]
[lambda_l1: 0.05]
[lambda_l2: 3]
[linear_lambda: 0]
[min_gain_to_split: 0]
[drop_rate: 0.1]
[max_drop: 50]
[skip_drop: 0.5]
[xgboost_dart_mode: 0]
[uniform_drop: 0]
[drop_seed: 31794]
[top_rate: 0.2]
[other_rate: 0.1]
[min_data_per_group: 100]
[max_cat_threshold: 32]
[cat_l2: 10]
[cat_smooth: 10]
[max_cat_to_onehot: 4]
[top_k: 20]
[monotone_constraints: ]
[monotone_constraints_method: basic]
[monotone_penalty: 0]
[feature_contri: ]
[forcedsplits_filename: ]
[refit_decay_rate: 0.9]
[cegb_tradeoff: 1]
[cegb_penalty_split: 0]
[cegb_penalty_feature_lazy: ]
[cegb_penalty_feature_coupled: ]
[path_smooth: 0]
[interaction_constraints: ]
[verbosity: -1]
[saved_feature_importance_type: 0]
[use_quantized_grad: 0]
[num_grad_quant_bins: 4]
[quant_train_renew_leaf: 0]
[stochastic_rounding: 1]
[linear_tree: 0]
[max_bin: 255]
[max_bin_by_feature: ]
[min_data_in_bin: 3]
[bin_construct_sample_cnt: 200000]
[data_random_seed: 122408]
[is_enable_sparse: 1]
[enable_bundle: 1]
[use_missing: 1]
[zero_as_missing: 0]
[feature_pre_filter: 1]
[pre_partition: 0]
[two_round: 0]
[header: 0]
[label_column: ]
[weight_column: ]
[group_column: ]
[ignore_column: ]
[categorical_feature: ]
[forcedbins_filename: ]
[precise_float_parser: 0]
[parser_config_file: ]
[objective_seed: 11472]
[num_class: 1]
[is_unbalance: 0]
[scale_pos_weight: 1]
[sigmoid: 1]
[boost_from_average: 1]
[reg_sqrt: 0]
[alpha: 0.9]
[fair_c: 1]
[poisson_max_delta_step: 0.7]
[tweedie_variance_power: 1.5]
[lambdarank_truncation_level: 30]
[lambdarank_norm: 1]
[label_gain: ]
[lambdarank_position_bias_regularization: 0]
[eval_at: ]
[multi_error_top_k: 1]
[auc_mu_weights: ]
[num_machines: 1]
[local_listen_port: 12400]
[time_out: 120]
[machine_list_filename: ]
[machines: ]
[gpu_platform_id: -1]
[gpu_device_id: -1]
[gpu_use_dp: 0]
[num_gpu: 1]

end of parameters

pandas_categorical:[]
