tree
version=v4
num_class=1
num_tree_per_iteration=1
label_index=0
max_feature_idx=58
objective=quantile
feature_names=source_log_return_1 source_log_return_5 source_log_return_20 source_log_return_60 source_log_return_126 source_log_return_252 source_intraday_log_range source_close_to_open_log_return source_realized_volatility_20 source_realized_volatility_60 source_downside_volatility_20 source_downside_volatility_60 source_drawdown_from_60_session_peak source_drawdown_from_252_session_peak cross_section_momentum_20_percentile cross_section_positive_return_breadth cross_section_return_dispersion source_momentum_12_1 source_ma5_ma20_ratio source_close_ma50_ratio source_close_ma200_ratio source_rsi_14 source_bollinger_pct_b_20 source_bollinger_bandwidth_20 source_adx_14 source_directional_index_spread_14 source_parkinson_volatility_20 source_overnight_gap_1 source_positive_day_ratio_20 source_max_daily_log_return_20 source_return_skewness_60 source_distance_from_252_session_low source_volatility_ratio_20_60 universe58_loo_log_return_1 universe58_loo_log_return_20 universe58_loo_log_return_60 universe58_loo_log_return_126 universe58_loo_realized_volatility_20 universe58_loo_drawdown_252 source_beta_universe58_60 source_beta_universe58_252 source_correlation_universe58_60 source_residual_momentum_20 source_residual_momentum_126 source_idiosyncratic_volatility_60 cross_section_momentum_126_percentile cross_section_momentum_252_percentile cross_section_volatility_60_percentile cross_section_beta_60_percentile tpp_day1_weighted_average tpp_day1_rate_change_1_observed tpp_day1_rate_change_5_observed tpp_day1_rate_change_20_observed tpp_day1_rate_change_volatility_20 tpp_day1_rate_vs_ma20 tpp_observation_age_calendar_days tpp_available tpp_observed_same_day tpp_source_zero_weighted_average
feature_infos=[-0.2207123190164566:0.182477205991745] [-0.54819971323013306:0.44636186957359314] [-1.1351611614227295:1.077221155166626] [-1.1748896837234497:1.5560240745544434] [-1.0490233898162842:2.3170430660247803] [-1.2514438629150391:2.9264204502105713] [0:0.27988538146018982] [-0.16868740320205688:0.25632256269454956] [0.0055316057987511158:0.11531444638967514] [0.0079651456326246262:0.088721774518489838] [0.00095409812638536096:0.092050075531005859] [0.0049325018189847469:0.063900329172611237] [-0.71968960762023926:0] [-0.76062244176864624:0] [0.017241379246115685:1] [0.017241379246115685:1] [0.0096504408866167068:0.043657612055540085] [-1.3928108215332031:2.8910765647888184] [-0.47595494985580444:0.57290768623352051] [-0.62940984964370728:1.5476077795028687] [-0.57781422138214111:3.874976634979248] [0:100] [-0.40451541543006897:1.4870842695236206] [0.015483886934816837:1.7820020914077759] [6.1712346076965332:84.119827270507812] [-54.177944183349609:77.140235900878906] [0.0063288267701864243:0.099167443811893463] [-0.22113896906375885:0.095378585159778595] [0.10000000149011612:0.89999997615814209] [0.005115102045238018:0.18252909183502197] [-4.4435362815856934:3.4834246635437012] [0:18.523586273193359] [0.17268767952919006:1.6647372245788574] [-0.092919811606407166:0.057573974132537842] [-0.39400303363800049:0.26549568772315979] [-0.32455301284790039:0.55794161558151245] [-0.30797004699707031:0.86915600299835205] [0.005578002892434597:0.041373930871486664] [-0.35748890042304993:0] [-0.96327811479568481:2.3354122638702393] [0.20776782929897308:1.7303366661071777] [-0.25081929564476013:0.94294917583465576] [-1.1516678333282471:1.0071370601654053] [-1.3436253070831299:1.9539748430252075] [0.0059593440964818001:0.072794802486896515] [0.017241379246115685:1] [0.017241379246115685:1] [0.017241379246115685:1] [0.017241379246115685:1] [10.880000114440918:53.220001220703125] [-1.8400000333786011:6.619999885559082] [-14.850000381469727:17.459999084472656] [-23.670000076293945:19.930000305175781] [0.2905217707157135:4.723813533782959] [-10.732000350952148:16.643999099731445] [0:0] [0:1] [0:1] [0:0]
tree_sizes=1185 1259 1262 1530 1531 1439 1520 1521 1524 1440 1441 1531 1528 1524 1535 1529 1531 1431 1351 1522 1530 1529 1526 1530 1534 1529 1531 1526 1533 1528 1531 1441 1533 1521 1537 1428 1537 1537 1525 1361 1350 1527 1536 1536 1449 1533 1539 1528 1267 1531 1433 1529 1535

Tree=0
num_leaves=12
num_cat=0
split_feature=36 38 31 52 34 37 36 41 20 38 23
split_gain=100.635 89.6684 75.4246 44.9997 38.163 34.2126 29.1336 26.9652 9.02901 4.81637 2.45571
threshold=-0.15029136836528775 -0.032211959362030022 0.42196588218212133 1.2149999737739565 0.14941007643938067 0.012494436930865051 0.13881857693195346 0.53776258230209362 -0.28794164955615992 -0.30924575030803675 0.18678818643093112
decision_type=2 2 2 8 2 2 2 2 2 2 2
left_child=8 2 3 -2 6 -6 -3 -4 -1 -10 -11
right_child=1 4 7 -5 5 -7 -8 -9 9 10 -12
leaf_value=0.18115273024886847 0.17613498507998884 0.1824260599911213 0.18338435292243957 0.18219955973327159 0.18657607957720757 0.18043884504586458 0.178624475793913 0.18653966188430787 0.17949505308642982 0.17662200285121799 0.1784889092668891
leaf_weight=170 430 1028 1771 2911 651 668 3174 3806 130 577 280
leaf_count=170 430 1028 1771 2911 651 668 3174 3806 130 577 280
internal_value=0.182052 0.182621 0.184171 0.181202 0.180118 0.18382 0.178954 0.185949 0.174973 0.174058 0.17337
internal_weight=15596 14439 8918 3341 5521 1319 4202 5577 1157 987 857
internal_count=15596 14439 8918 3341 5521 1319 4202 5577 1157 987 857
is_linear=0
shrinkage=1


Tree=1
num_leaves=12
num_cat=0
split_feature=49 49 41 17 54 34 9 45 49 20 17
split_gain=234.592 186.654 42.6224 39.0715 33.1565 38.5368 13.1111 6.26543 5.98958 1.92531 3.89966
threshold=45.494998931884773 12.944999694824221 0.39981979131698614 -0.065009191632270799 1.2565000057220461 0.033480638638138778 0.030411773361265663 0.65737342834472667 46.930000305175788 -0.06565550714731215 0.4856575876474381
decision_type=10 10 2 2 10 2 2 2 10 2 2
left_child=1 2 7 -4 6 -6 -3 -1 -2 -10 -11
right_child=8 4 3 -5 5 -7 -8 -9 9 10 -12
leaf_value=-0.0038002787297591566 -0.0032750623766332866 0.009218078777194022 -0.0013544915081001819 0.001027506719110534 0.0064473019540309904 -0.00027170364279299964 0.005603870451450348 -0.0017447678255848587 -0.0066332962934393435 -0.0048749930725898597 -0.0056793572951573876
leaf_weight=849 196 1024 2688 5809 867 833 791 1069 359 535 703
leaf_count=849 196 1024 2688 5809 867 833 791 1069 359 535 703
internal_value=-4.17249e-05 0.00105445 -0.000626799 0.000133057 0.00603161 0.00350073 0.00838255 -0.00398791 -0.00854074 -0.00905509 -0.00846239
internal_weight=15723 13930 10415 8497 3515 1700 1815 1918 1793 1597 1238
internal_count=15723 13930 10415 8497 3515 1700 1815 1918 1793 1597 1238
is_linear=0
shrinkage=0.025


Tree=2
num_leaves=12
num_cat=0
split_feature=49 49 36 38 36 54 38 20 49 4 36
split_gain=236.428 185.162 81.7748 80.1106 43.0174 17.5585 11.4938 8.19545 7.33477 2.51996 6.75511
threshold=45.494998931884773 12.944999694824221 -0.15029136836528775 -0.020506440661847588 0.45839054882526403 1.4054999947547915 -0.032211959362030022 -0.28794164955615992 46.930000305175788 -0.037664683535695069 0.080940533429384245
decision_type=10 10 2 2 2 10 2 2 10 2 2
left_child=1 2 7 -4 6 -6 -3 -1 -2 -10 -11
right_child=8 4 3 -5 5 -7 -8 -9 9 10 -12
leaf_value=-0.0014477106001577339 -0.0031454294675495481 0.0086059611365199087 0.0013913157270580999 -0.0022655062439152968 0.0055217897258698946 0.00025073460862040517 0.0051191244274377823 -0.0042918890088913036 -0.006617384709854378 -0.0032882533011143094 -0.0060831265569722751
leaf_weight=171 195 1447 6225 3060 414 884 726 969 447 414 741
leaf_count=171 195 1447 6225 3060 414 884 726 969 447 414 741
internal_value=-2.90642e-05 0.00107501 -0.000590244 0.000186356 0.00607199 0.00245107 0.00822142 -0.0068941 -0.00854953 -0.00911248 -0.00836746
internal_weight=15693 13896 10425 9285 3471 1298 2173 1140 1797 1602 1155
internal_count=15693 13896 10425 9285 3471 1298 2173 1140 1797 1602 1155
is_linear=0
shrinkage=0.025


Tree=3
num_leaves=15
num_cat=0
split_feature=49 49 35 38 38 37 36 36 11 34 9 44 43 36
split_gain=221.49 145.208 116.947 82.842 86.2448 52.6497 18.815 17.7251 10.6338 8.83985 7.00472 4.84158 3.05239 5.49111
threshold=44.45000076293946 46.930000305175788 0.32863776385784155 -0.19192274659872052 -0.020506440661847588 0.021232314407825473 0.67559540271759044 0.46885423362255102 0.023256230168044571 0.12593027204275134 0.026555140502750877 0.031341815367341049 -0.083221878856420503 0.22228828817605975
decision_type=8 10 2 2 2 2 2 2 2 2 2 2 2 2
left_child=2 3 7 5 -5 -2 10 9 -9 -1 -4 -8 -3 -14
right_child=1 12 6 4 -6 -7 11 8 -10 -11 -12 -13 13 -15
leaf_value=0.009283267115987837 -0.0033869168652672674 -0.0065868556866378646 0.0036215385626768696 0.0018630460271313494 -0.0020701119346107585 0.0036966570088341542 -0.0026095798417009063 0.0043325397313572463 -0.00032394171683117759 0.0046447041137143976 -0.00011392978489311624 -0.0065468275821389393 -0.003822830034162325 -0.0062061334863268711
leaf_weight=1560 2071 564 147 4936 2797 295 314 445 210 497 668 123 673 369
leaf_count=1560 2071 564 147 4936 2797 295 314 445 210 497 668 123 673 369
internal_value=-7.85537e-05 -0.00180882 0.00502488 -0.000695888 0.000556507 -0.00478437 -0.00128779 0.00793844 0.00428977 0.00908402 0.000952744 -0.005444 -0.00877948 -0.00784981
internal_weight=15669 11705 3964 10099 7733 2366 1252 2712 655 2057 815 437 1606 1042
internal_count=15669 11705 3964 10099 7733 2366 1252 2712 655 2057 815 437 1606 1042
is_linear=0
shrinkage=0.025


Tree=4
num_leaves=15
num_cat=0
split_feature=49 49 36 36 36 34 54 20 43 36 13 17 17 39
split_gain=212.726 171.671 74.9893 56.8234 46.6263 23.612 16.9443 8.44682 5.52013 10.9095 5.9592 0.903028 0.743973 0.872288
threshold=45.494998931884773 12.944999694824221 -0.15029136836528775 0.31140942871570593 0.45839054882526403 0.11154261231422426 1.5205000042915346 -0.28794164955615992 -0.083221878856420503 0.17942246049642566 -0.086583137512207017 0.62351730465888988 0.25030548870563513 1.0078601241111758
decision_type=10 10 2 2 2 2 10 2 2 2 2 2 2 2
left_child=1 2 7 -4 5 -3 -6 -1 12 10 -10 -11 -2 -14
right_child=8 4 3 -5 6 -7 -8 -9 9 11 -12 -13 13 -15
leaf_value=-0.00096318654493461478 -0.0067047653993274076 0.0087928071745252238 0.001123396744038082 -0.0023833197705604285 0.0047980015519517479 0.0026751316267773287 -2.6655972695443717e-05 -0.0044470309653008369 -0.0041728309500350226 -0.0046854713196923881 -0.0012175436631698901 -0.0063838695098936485 -0.0064990621124876823 -0.0055365423220604861
leaf_weight=156 332 1515 6364 2846 451 681 858 966 514 129 238 308 122 177
leaf_count=156 332 1515 6364 2846 451 681 858 966 514 129 238 308 122 177
internal_value=-4.19008e-05 0.00101548 -0.000606438 0.000137683 0.00579238 0.00801624 0.00204053 -0.00669366 -0.00806507 -0.0069776 -0.00507761 -0.0101386 -0.0100334 -0.00857319
internal_weight=15657 13837 10332 9210 3505 2196 1309 1122 1820 1189 752 437 631 299
internal_count=15657 13837 10332 9210 3505 2196 1309 1122 1820 1189 752 437 631 299
is_linear=0
shrinkage=0.025


Tree=5
num_leaves=14
num_cat=0
split_feature=49 49 35 36 36 4 36 37 4 9 50 54 17
split_gain=203.431 131.844 117.746 70.5822 45.3113 17.1851 15.1835 12.5787 7.06712 5.86963 3.7617 2.63602 2.55734
threshold=44.45000076293946 46.930000305175788 0.32863776385784155 -0.15029136836528775 0.15957265347242358 0.89350837469100963 0.67559540271759044 0.016422113403677944 -0.37105117738246912 0.026176590472459797 0.32500000298023229 2.3190000057220463 0.53362634778022777
decision_type=8 10 2 2 2 2 2 2 2 2 10 10 2
left_child=2 3 5 8 -5 7 9 -1 -2 -4 -8 12 -3
right_child=1 11 6 4 -6 -7 10 -9 -10 -11 -12 -13 -14
leaf_value=0.0093104047023818137 -0.0014987559389975785 -0.0052772528559789081 0.0031009523744712935 0.001282853690589118 -0.001431514504167123 -0.0013951563684259892 -0.0052018810586794834 0.0050262924825431668 -0.0043591380066522979 -0.00034729217387431124 -0.0012461895622349333 -0.0030565590465483211 -0.0054903343952574799
leaf_weight=1171 307 870 129 4836 4172 141 258 1453 827 673 179 121 598
leaf_count=1171 307 870 129 4836 4172 141 258 1453 827 673 179 121 598
internal_value=-1.78685e-05 -0.00167913 0.00484379 -0.000627649 0.000113031 0.00770984 -0.00155245 0.00816613 -0.00649144 0.000487918 -0.00527432 -0.00836339 -0.00866853
internal_weight=15735 11731 4004 10142 9008 2765 1239 2624 1134 802 437 1589 1468
internal_count=15735 11731 4004 10142 9008 2765 1239 2624 1134 802 437 1589 1468
is_linear=0
shrinkage=0.025


Tree=6
num_leaves=15
num_cat=0
split_feature=49 54 36 36 36 36 34 43 49 30 20 49 17 2
split_gain=200.976 126.958 93.1561 67.3843 42.7701 29.1506 17.1466 14.5452 7.52526 7.40134 6.89124 5.5142 6.15764 4.07793
threshold=44.45000076293946 2.3349999189376835 0.45839054882526403 -0.15029136836528775 0.31140942871570593 0.67559540271759044 0.11154261231422426 0.42212997376918798 40.170000076293952 0.04159891605377198 -0.28794164955615992 46.930000305175788 0.61259663105010997 0.2018537446856499
decision_type=8 8 2 2 2 2 2 2 10 2 2 10 2 2
left_child=2 11 6 10 -5 7 8 -4 -1 -8 -3 12 -2 -7
right_child=1 3 5 4 -6 13 9 -9 -10 -11 -12 -13 -14 -15
leaf_value=0.009595866484436711 -0.003954169453075993 -0.0012147085855513261 0.0020474545020814777 0.00088187044052959087 -0.002355425819428535 -0.0022190326619938535 0.0060154340062863344 -0.0053181765434022936 0.0039476463718894315 0.0015661331705023891 -0.0039695634124251528 -0.0051647008672410641 -0.00016308264546604641 -0.0058846640631306174
leaf_weight=1333 123 170 1207 6492 2371 286 239 121 319 380 978 1505 122 142
leaf_count=1333 123 170 1207 6492 2371 286 239 121 319 380 978 1505 122 142
internal_value=-3.44298e-05 -0.00168547 0.00478206 -0.00059717 0.000141661 0.000450738 0.00812006 0.00228338 0.0094561 0.0044972 -0.00628252 -0.00788818 -0.004225 -0.00518187
internal_weight=15788 11761 4027 10011 8863 1756 2271 1328 1652 619 1148 1750 245 428
internal_count=15788 11761 4027 10011 8863 1756 2271 1328 1652 619 1148 1750 245 428
is_linear=0
shrinkage=0.025


Tree=7
num_leaves=15
num_cat=0
split_feature=49 54 35 38 38 37 36 36 34 11 43 36 3 44
split_gain=197.769 123.984 98.5949 73.5552 76.8883 48.3258 16.6967 13.7958 8.64361 7.83247 5.93706 10.304 5.00017 4.406
threshold=44.45000076293946 2.3349999189376835 0.32863776385784155 -0.19192274659872052 -0.020506440661847588 0.021232314407825473 0.46885423362255102 0.67559540271759044 0.09154869988560678 0.018285502679646019 -0.083221878856420503 0.19889858365058902 0.59830841422081005 0.03016229905188084
decision_type=8 8 2 2 2 2 2 2 2 2 2 2 2 2
left_child=2 10 6 5 -5 -3 8 12 -1 -8 -2 -12 -4 -9
right_child=1 3 7 4 -6 -7 9 13 -10 -11 11 -13 -14 -15
leaf_value=0.0085357170943158433 -0.005972348195882389 -0.0032064702235479223 0.0011199091162392011 0.0018734254749353122 -0.0020190675588270717 0.0034804287036666057 0.0068239659039901375 -0.0018634216158913192 0.0044515853944659236 0.0015066594488614541 -0.0030077183254677876 -0.0057020931540750202 -0.0019606998962679186 -0.0057846082750385554
leaf_weight=1594 601 2067 655 4901 2713 295 205 288 524 448 741 423 154 137
leaf_count=1594 601 2067 655 4901 2713 295 205 288 524 448 741 423 154 137
internal_value=3.29344e-05 -0.00160321 0.004827 -0.000520364 0.000675121 -0.00436998 0.00744101 -0.00104419 0.00852273 0.00388488 -0.00770127 -0.00658148 0.000867629 -0.0046657
internal_weight=15746 11741 4005 9976 7614 2362 2771 1234 2118 653 1765 1164 809 425
internal_count=15746 11741 4005 9976 7614 2362 2771 1234 2118 653 1765 1164 809 425
is_linear=0
shrinkage=0.025


Tree=8
num_leaves=15
num_cat=0
split_feature=49 54 35 38 36 37 36 36 34 43 9 43 53 2
split_gain=188.875 123.454 97.7114 75.0875 77.2386 45.8356 14.9058 13.707 8.46581 7.47985 6.55041 6.20131 10.0696 4.2198
threshold=44.45000076293946 2.3349999189376835 0.32863776385784155 -0.19192274659872052 0.14776464551687243 0.021232314407825473 0.46271611750125891 0.67559540271759044 0.12593027204275134 0.28973373770713812 0.026337463408708576 -0.083221878856420503 0.85306793451309215 0.17363113164901736
decision_type=8 8 2 2 2 2 2 2 2 2 2 2 10 2
left_child=2 11 6 5 -5 -3 8 10 -1 -8 -4 -2 -13 -9
right_child=1 3 7 4 -6 -7 9 13 -10 -11 -12 12 -14 -15
leaf_value=0.0083087439553050282 -0.0057806854573170235 -0.0031697143318823572 0.0033749585981075348 0.0022682970609223078 -0.0012966754339444637 0.0030570101160206954 0.003552442830835697 -0.0017108735125295283 0.004112456060029755 -0.0007392911444146108 -0.00029376828618509697 -0.0025079782067313726 -0.0044641147104175693 -0.0055929322546763886
leaf_weight=1561 611 2048 139 3455 4074 293 541 267 506 122 673 498 680 162
leaf_count=1561 611 2048 139 3455 4074 293 541 267 506 122 673 498 680 162
internal_value=-4.43716e-05 -0.00164877 0.00466078 -0.000551266 0.000664488 -0.00445705 0.00730119 -0.00114868 0.00835244 0.00397642 0.000757344 -0.00768186 -0.00654586 -0.0047379
internal_weight=15630 11659 3971 9870 7529 2341 2730 1241 2067 663 812 1789 1178 429
internal_count=15630 11659 3971 9870 7529 2341 2730 1241 2067 663 812 1789 1178 429
is_linear=0
shrinkage=0.025


Tree=9
num_leaves=14
num_cat=0
split_feature=49 49 38 38 37 54 38 37 4 53 46 52 11
split_gain=179.276 141.988 53.1975 85.335 44.286 27.6889 25.8446 13.0901 4.0901 8.92957 2.75087 2.65813 0.79458
threshold=45.494998931884773 12.944999694824221 -0.19192274659872052 -0.020506440661847588 0.02212188579142094 1.2565000057220461 -0.10436018183827399 0.016492548398673538 -0.033063482493162148 1.0671114921569826 0.6347549855709077 -0.98500001430511464 0.017152115702629093
decision_type=10 10 2 2 2 10 2 2 2 10 2 10 2
left_child=1 2 4 -4 -1 7 -7 -3 12 11 -11 -10 -2
right_child=8 5 3 -5 -6 6 -8 -9 9 10 -12 -13 -14
leaf_value=-0.0029220774881587794 -0.0050040015431541615 0.0088817781603814788 0.001889112582951754 -0.0020094115587122605 0.0034167302891126143 0.0064639685732965635 0.00080598137841239148 0.0041697732788017923 -0.0044771942542323846 -0.0051975142303858548 -0.0052895925686151203 -0.0025544408616159421 -0.0057300647845193895
leaf_weight=2110 221 899 4937 3118 308 459 1216 906 141 329 308 507 279
leaf_count=2110 221 899 4937 3118 308 459 1216 906 141 329 308 507 279
internal_value=-2.65991e-05 0.000928231 -0.000525506 0.000450527 -0.00377373 0.0052995 0.00296503 0.0074482 -0.00747556 -0.00665213 -0.00877142 -0.00450804 -0.00949257
internal_weight=15738 13953 10473 8055 2418 3480 1675 1805 1785 1285 637 648 500
internal_count=15738 13953 10473 8055 2418 3480 1675 1805 1785 1285 637 648 500
is_linear=0
shrinkage=0.025


Tree=10
num_leaves=14
num_cat=0
split_feature=49 49 35 36 38 49 54 34 43 36 49 46 40
split_gain=167.191 129.334 50.4615 50.4325 66.2997 21.9976 9.69792 5.48489 5.32802 10.1461 3.88871 2.4977 0.893254
threshold=45.494998931884773 12.944999694824221 0.32863776385784155 -0.15029136836528775 -0.020506440661847588 32.11000061035157 0.82875001430511486 -0.039185879752039902 -0.093021426349878297 0.17942246049642566 46.930000305175788 0.65214762091636669 1.115531384944916
decision_type=10 10 2 2 2 10 10 2 2 2 10 2 2
left_child=1 3 5 7 -5 -3 -4 -1 12 10 -10 -11 -2
right_child=8 2 6 4 -6 -7 -8 -9 9 11 -12 -13 -14
leaf_value=-0.0015592014471102042 -0.0055426730684859683 0.0071889554323729208 0.004131448683513235 0.001267361005102527 -0.0020568648776374443 0.0019993837697776023 -0.00094229745762332219 -0.0039013086527583092 -0.00056152261698519911 -0.0043092214175446467 -0.0031981022653513286 -0.0066928926495963686 -0.0053494196349973449
leaf_weight=367 418 1882 153 6208 3080 750 672 775 130 220 629 228 183
leaf_count=367 418 1882 153 6208 3080 750 672 775 130 220 629 228 183
internal_value=-4.0207e-05 0.00089125 0.00507835 -0.000497724 0.000112316 0.00676669 -0.000308735 -0.00544355 -0.00718078 -0.00615202 -0.00432755 -0.00914735 -0.00916873
internal_weight=15695 13887 3457 10430 9288 2632 825 1142 1808 1207 759 448 601
internal_count=15695 13887 3457 10430 9288 2632 825 1142 1808 1207 759 448 601
is_linear=0
shrinkage=0.025


Tree=11
num_leaves=15
num_cat=0
split_feature=49 49 38 38 34 36 34 20 36 4 53 40 44 17
split_gain=168.383 125.943 54.8506 80.3026 44.6225 36.1813 23.4064 14.4913 5.48785 11.0215 2.51411 2.25799 1.64461 1.34554
threshold=45.494998931884773 12.944999694824221 -0.19192274659872052 -0.020506440661847588 -0.090860929340124116 0.46271611750125891 0.10144246369600297 0.77045351266860973 0.17942246049642566 0.014543098397552969 1.0395900607109072 1.0038154125213625 0.018380561843514446 0.20069205015897754
decision_type=10 10 2 2 2 2 2 2 2 2 10 2 2 2
left_child=1 2 4 -4 -1 6 -3 -7 9 13 -11 12 -10 -2
right_child=8 5 3 -5 -6 7 -8 -9 11 10 -12 -13 -14 -15
leaf_value=0.0024045815508988442 -0.0053400405847136437 0.0075032729252817263 0.001860838307411181 -0.0018182274882158423 -0.0029350336362804412 0.0019115148636322833 0.0021971190994987517 -0.0038028888126996857 -0.004708181795553875 -0.0022460146447503856 -0.0030393192010508704 -0.0045728404228984765 -0.0065148219227986973 -0.0035779903577667863
leaf_weight=351 325 1506 4966 3056 2033 1085 724 175 126 487 164 210 310 198
leaf_count=351 325 1506 4966 3056 2033 1085 724 175 126 487 164 210 310 198
internal_value=3.29973e-05 0.000970704 -0.000407622 0.000581631 -0.00373326 0.0050769 0.00698826 0.0016749 -0.00710616 -0.00601675 -0.00378239 -0.00901498 -0.0101332 -0.00872396
internal_weight=15716 13896 10406 8022 2384 3490 2230 1260 1820 1174 651 646 436 523
internal_count=15716 13896 10406 8022 2384 3490 2230 1260 1820 1174 651 646 436 523
is_linear=0
shrinkage=0.025


Tree=12
num_leaves=15
num_cat=0
split_feature=49 54 35 38 36 34 49 20 9 46 44 11 49 41
split_gain=156.54 103.714 89.9788 60.6502 64.4968 34.1555 16.6932 13.3985 11.9505 7.35715 5.00762 4.8268 4.12754 2.94619
threshold=44.45000076293946 2.3349999189376835 0.31873199343681341 -0.19192274659872052 0.14776464551687243 -0.090860929340124116 32.11000061035157 0.64474865794181835 0.030246966518461708 0.31746919453144079 0.028027215972542766 0.015475511085242035 46.930000305175788 0.55241781473159801
decision_type=8 8 2 2 2 2 10 2 2 2 2 2 10 2
left_child=2 12 6 5 -5 -3 8 11 -1 -8 -9 -4 -2 -14
right_child=1 3 7 4 -6 -7 9 10 -10 -11 -12 -13 13 -15
leaf_value=0.0087958615689500506 -0.0024554859760839648 0.0020361662262667205 0.0022437452060363339 0.0020560423818640366 -0.0011984746107656132 -0.0029272050694063544 -0.00067843414383034174 -0.00099576994673373337 0.0054933252473856635 0.003165819736318529 -0.0058655149716601712 -0.00030859781931607963 -0.0054181542228926918 -0.0038453925391266209
leaf_weight=940 242 319 216 3492 4141 2081 150 218 1094 520 249 597 619 897
leaf_count=940 242 319 216 3492 4141 2081 150 218 1094 520 249 597 619 897
internal_value=9.90177e-06 -0.00143746 0.00429149 -0.0004539 0.000635801 -0.00391632 0.00687292 -0.00116245 0.00800331 0.00339815 -0.00451536 0.000771699 -0.00702992 -0.00752383
internal_weight=15775 11791 3984 10033 7633 2400 2704 1280 2034 670 467 813 1758 1516
internal_count=15775 11791 3984 10033 7633 2400 2704 1280 2034 670 467 813 1758 1516
is_linear=0
shrinkage=0.025


Tree=13
num_leaves=15
num_cat=0
split_feature=49 54 35 40 17 44 19 49 45 49 17 49 46 40
split_gain=154.967 102.144 85.7553 41.9502 27.0104 14.0746 12.21 9.14903 8.18425 7.5035 7.41566 7.40288 6.54236 2.8517
threshold=43.470001220703132 2.3349999189376835 0.32863776385784155 0.72040212154388439 -0.065009191632270799 0.030813989229500297 0.31583194434642797 32.11000061035157 0.82868674397468578 46.930000305175788 0.62976354360580455 13.34500026702881 0.68693286180496227 1.0134177803993227
decision_type=8 8 2 2 2 2 2 10 2 10 2 10 2 2
left_child=2 9 5 12 -5 7 11 -1 -7 10 -2 -4 -3 -11
right_child=1 3 6 4 -6 8 -8 -9 -10 13 -12 -13 -14 -15
leaf_value=0.0070674166131600505 -0.0030463424891365685 -0.0017480734055422761 -0.0017566286505113886 -0.0011123418629232528 0.0010259725907539295 0.0042555387022045754 -0.0045231158488114528 0.0028721642773509928 -0.0015624375508625653 -0.0044838611427259374 0.0014916810628558396 0.00088247153961869143 -0.0026495692735186392 -0.004268093799711734
leaf_weight=1807 152 1062 330 2626 5716 183 183 553 161 972 131 731 628 557
leaf_count=1807 152 1062 330 2626 5716 183 183 553 161 972 131 731 628 557
internal_value=6.29075e-05 -0.00136668 0.00434954 -0.000377976 0.000349677 0.00684524 -0.00107586 0.00753436 0.00205946 -0.006821 -0.00297309 -2.93152e-05 -0.00396386 -0.00751711
internal_weight=15792 11844 3948 10032 8342 2704 1244 2360 344 1812 283 1061 1690 1529
internal_count=15792 11844 3948 10032 8342 2704 1244 2360 344 1812 283 1061 1690 1529
is_linear=0
shrinkage=0.025


Tree=14
num_leaves=15
num_cat=0
split_feature=31 38 38 53 52 38 44 34 33 40 36 12 31 14
split_gain=58.2401 78.94 29.6961 28.5316 27.8207 33.7901 26.2645 24.2321 18.1109 17.3889 16.0387 12.2857 10.7152 5.841
threshold=0.48688763380050665 -0.032211959362030022 -0.17977250367403028 0.69493454694747936 12.450000286102297 -0.019125402905046936 0.029933155514299873 -0.090860929340124116 0.0011239950545132162 0.712202548980713 0.19889858365058902 -0.1479690074920654 1.4140648245811465 0.46680118143558508
decision_type=2 2 2 8 8 2 2 2 2 2 2 2 2 2
left_child=2 6 7 -3 10 -6 9 13 -5 -2 -4 -9 -8 -1
right_child=1 3 4 8 5 -7 12 11 -10 -11 -12 -13 -14 -15
leaf_value=0.0029409755704992123 -0.00077293578921015696 0.0058015393057437806 -0.0049490515461220984 -0.0030010869998160859 0.0012896568996544372 -0.0025036380897883433 0.0036041696711540147 -0.002178039882125915 -0.00056955456178024754 0.0035287672996574711 -0.00060190804389776949 -0.0035955662657587138 -0.0024434270721808505 -0.00056952566175720381
leaf_weight=151 370 223 365 1193 2298 825 391 897 2914 4108 264 1024 553 159
leaf_count=151 370 223 365 1193 2298 825 391 897 2914 4108 264 1024 553 159
internal_value=-1.78685e-05 0.00117288 -0.00195913 -0.00134227 -0.000597219 0.000369645 0.00318201 -0.00424027 -0.00181937 0.00398031 -0.00537263 -0.00528621 -0.000599315 0.00220238
internal_weight=15735 9752 5983 4330 3752 3123 5422 2231 4107 4478 629 1921 944 310
internal_count=15735 9752 5983 4330 3752 3123 5422 2231 4107 4478 629 1921 944 310
is_linear=0
shrinkage=0.025


Tree=15
num_leaves=15
num_cat=0
split_feature=49 54 20 40 40 49 34 46 53 4 53 43 49 11
split_gain=151.789 95.7307 47.359 34.8934 30.3198 14.0648 25.3838 13.1001 12.162 8.29236 7.36605 6.77455 8.17417 0.830542
threshold=44.45000076293946 2.3349999189376835 0.58240729570388805 0.73103401064872753 1.308019816875458 30.645000457763675 0.10873667523264886 0.31746919453144079 0.83660978078842174 0.29787981510162359 0.88930633664131176 -0.083221878856420503 46.930000305175788 0.017208747565746311
decision_type=8 8 2 2 2 10 2 2 10 2 10 2 10 2
left_child=2 11 5 9 -5 6 -1 -7 -4 -3 -10 13 -13 -2
right_child=1 3 8 4 -6 7 -8 -9 10 -11 -12 12 -14 -15
leaf_value=0.0071806638763144432 -0.0045133912845321065 -0.0022194948942301043 0.0049672019580392487 0.00063239645462942582 -0.0023223841619050348 -0.0013900320068514272 0.002325068574345291 0.0031891836913964539 -0.0046079723217337188 0.00028014407705167225 -0.00045862545380270689 -0.00018511952753585346 -0.0035334590684221942 -0.0055781197953903051
leaf_weight=1391 304 1538 191 7050 1127 184 922 549 191 275 522 155 1000 303
leaf_count=1391 304 1538 191 7050 1127 184 922 549 191 275 522 155 1000 303
internal_value=1.55186e-05 -0.00140927 0.00425253 -0.000459605 0.000236036 0.00574197 0.00670028 0.00268462 -0.000763201 -0.00359255 -0.00227194 -0.00677349 -0.00558728 -0.00895629
internal_weight=15702 11752 3950 9990 8177 3046 2313 733 904 1813 713 1762 1155 607
internal_count=15702 11752 3950 9990 8177 3046 2313 733 904 1813 713 1762 1155 607
is_linear=0
shrinkage=0.025


Tree=16
num_leaves=15
num_cat=0
split_feature=49 49 36 36 36 34 9 4 43 36 48 46 11 34
split_gain=138.304 107.503 46.3656 40.6795 34.0869 26.2342 14.1069 6.55444 6.38059 10.2859 4.12541 2.31409 1.59709 3.44324
threshold=45.875000000000007 12.944999694824221 -0.15029136836528775 0.15957265347242358 0.45839054882526403 0.11154261231422426 0.027279488742351535 -0.35805916786193842 -0.083221878856420503 0.14776464551687243 0.3706896454095841 0.65214762091636669 0.017208747565746311 0.013271817471832039
decision_type=10 10 2 2 2 2 2 2 2 2 2 2 2 2
left_child=1 2 7 -4 5 -3 -6 -1 12 10 -10 -11 13 -2
right_child=8 4 3 -5 6 -7 -8 -9 9 11 -12 -13 -14 -15
leaf_value=-0.0015043792931409773 -0.0025954417933250679 0.0068842376459923582 0.0011537618935311515 -0.0011701067142133874 0.0039502601877042364 0.0014894754583994149 -5.8145472885132168e-05 -0.0037273380004037141 -0.0030391118307505223 -0.0031787274423283511 -0.0012435350768727122 -0.0052086789284605355 -0.0052980183054877261 -0.0051934376384251942
leaf_weight=328 138 1504 4745 4542 314 734 983 801 296 209 394 253 313 171
leaf_count=328 138 1504 4745 4542 314 734 983 801 296 209 394 253 313 171
internal_value=5.16529e-06 0.00084238 -0.000436019 0.000145959 0.00460629 0.00647292 0.00136809 -0.00520833 -0.00655916 -0.0053965 -0.00340827 -0.00828426 -0.00864234 -0.00702627
internal_weight=15725 13951 10416 9287 3535 2238 1297 1129 1774 1152 690 462 622 309
internal_count=15725 13951 10416 9287 3535 2238 1297 1129 1774 1152 690 462 622 309
is_linear=0
shrinkage=0.025


Tree=17
num_leaves=14
num_cat=0
split_feature=37 38 38 52 36 53 38 36 34 34 45 3 30
split_gain=53.2259 55.0938 69.5788 44.3144 34.4674 33.8763 19.6467 12.4845 15.9058 9.81672 6.24742 5.74875 3.05669
threshold=0.02212188579142094 -0.19192274659872052 -0.03130389750003814 -0.40500000119209284 0.06532625108957292 0.69493454694747936 -0.121187936514616 0.096612785011529936 -0.033649481832981103 -0.039185879752039902 0.24834922701120379 0.18975388258695605 0.12203380465507509
decision_type=2 2 2 8 2 8 2 2 2 2 2 2 2
left_child=1 4 3 -3 9 -4 10 12 -9 -1 -2 -12 -8
right_child=6 2 5 -5 -6 -7 7 8 -10 -11 11 -13 -14
leaf_value=-0.0012262967867540061 0.0025892855880118404 -0.0029857412377624036 0.0058015746760883731 0.0020820017335820792 0.0070709815077690088 -0.0016208136122967108 0.0073730768290422473 -0.0027376282234950183 0.0024297729829206409 -0.0033432343158836366 0.006560911186772914 0.0022415527614781869 0.0022467383284052655
leaf_weight=698 226 587 251 5303 124 5244 166 366 425 1421 593 202 120
leaf_count=698 226 587 251 5303 124 5244 166 366 425 1421 593 202 120
internal_value=6.31714e-05 -0.0005075 0.00019809 0.00208545 -0.00408419 -0.00182386 0.00376545 0.0013921 -0.000227701 -0.00484051 0.00624391 0.00728906 0.00582045
internal_weight=15726 13628 11385 5890 2243 5495 2098 1077 791 2119 1021 795 286
internal_count=15726 13628 11385 5890 2243 5495 2098 1077 791 2119 1021 795 286
is_linear=0
shrinkage=0.025


Tree=18
num_leaves=13
num_cat=0
split_feature=36 40 35 53 53 46 4 35 31 30 30 48
split_gain=50.3538 36.7822 30.0178 51.2563 47.8015 11.4806 8.65032 5.20146 5.05306 2.76466 5.61599 1.67668
threshold=-0.15029136836528775 0.71685934066772472 0.066941913217306151 0.69493454694747936 0.73899400234222423 0.68693286180496227 -0.48790499567985529 -0.069672532379627214 0.44165354967117315 -0.43004988133907313 -0.01472808141261339 0.45689655840396887
decision_type=2 2 2 8 8 2 2 2 2 2 2 2
left_child=6 5 4 -4 -3 8 -1 -7 -2 11 -11 -8
right_child=1 2 3 -5 -6 7 9 -9 -10 10 -12 -13
leaf_value=0.00021896390556557546 -0.0015696168145703606 -0.0038084644511791055 0.0072215438185394311 -0.00058144646975968048 0.0021851020254264292 -0.00052433748185430552 -0.0059175184174683412 -0.0036048807515288886 4.7526720854452341e-05 -0.0012183334924563095 -0.0039222084047136696 -0.0025920561214662699
leaf_weight=150 605 447 478 6918 4883 134 132 466 531 315 398 148
leaf_count=150 605 447 478 6918 4883 134 132 466 531 315 398 148
internal_value=-6.12588e-05 0.00033827 0.00080463 -0.000225476 0.00223407 -0.00306936 -0.00510126 -0.00585744 -0.00157209 -0.00594314 -0.00502263 -0.00813596
internal_weight=15605 14462 12726 7396 5330 1736 1143 600 1136 993 713 280
internal_count=15605 14462 12726 7396 5330 1736 1143 600 1136 993 713 280
is_linear=0
shrinkage=0.025


Tree=19
num_leaves=15
num_cat=0
split_feature=49 49 38 38 34 35 49 54 45 53 54 17 17 44
split_gain=130.093 101.054 41.3396 70.6151 37.507 35.468 21.9349 6.47796 4.35867 6.78773 3.77107 3.55529 1.93719 1.84504
threshold=45.494998931884773 12.944999694824221 -0.19192274659872052 -0.020506440661847588 -0.090860929340124116 0.32863776385784155 32.11000061035157 2.151999950408936 0.38114453852176672 1.0671114921569826 0.43299999833107 0.6888374686241151 0.1640279218554497 0.021477556787431244
decision_type=10 10 2 2 2 2 10 10 2 10 10 2 2 2
left_child=1 2 4 -4 -1 6 -3 -7 12 10 -10 -11 -2 -14
right_child=8 5 3 -5 -6 7 -8 -9 9 11 -12 -13 13 -15
leaf_value=0.0029138985628609005 -0.0052218765126680645 0.0062368749445274405 0.0016535434821098594 -0.0017260169195902635 -0.0025390470183565186 0.0018899474524957495 0.0015561900474994881 -0.001474035313584459 -0.0030810573969746752 -0.0030591824875134317 -0.0010464175865773845 -0.0048026987956485689 -0.0031984315396172166 -0.0060450802011106988
leaf_weight=363 284 1877 4919 3080 2054 373 761 463 418 176 232 318 257 127
leaf_count=363 284 1877 4919 3080 2054 373 761 463 418 176 232 318 257 127
internal_value=5.96868e-06 0.000828985 -0.000402433 0.00046305 -0.00326435 0.00451818 0.00593785 2.22949e-05 -0.0062844 -0.00528177 -0.00354008 -0.00750251 -0.00794019 -0.0065392
internal_weight=15702 13890 10416 7999 2417 3474 2638 836 1812 1144 650 494 668 384
internal_count=15702 13890 10416 7999 2417 3474 2638 836 1812 1144 650 494 668 384
is_linear=0
shrinkage=0.025


Tree=20
num_leaves=15
num_cat=0
split_feature=49 49 36 36 36 34 20 4 43 36 13 17 11 39
split_gain=122.504 96.2642 41.1256 40.4893 34.4064 25.946 13.2657 6.64231 5.49668 8.93837 2.61863 2.20816 2.04707 4.07835
threshold=45.875000000000007 12.944999694824221 -0.14294604957103726 0.31140942871570593 0.44856065511703497 0.1220250613987446 0.65741929411888134 -0.35805916786193842 -0.083221878856420503 0.23827721923589709 -0.18359960615634915 0.6888374686241151 0.017208747565746311 0.97331091761589061
decision_type=10 10 2 2 2 2 2 2 2 2 2 2 2 2
left_child=1 2 7 -4 5 -3 -6 -1 12 10 -10 -11 13 -2
right_child=8 4 3 -5 6 -7 -8 -9 9 11 -12 -13 -14 -15
leaf_value=-0.00103454950581249 -0.0045824658769857063 0.0064788143401533138 0.00089849148094105083 -0.0018618726657649355 0.0018988925712107724 0.0013300743714953053 -0.0021928108855121058 -0.0032066815751901397 -0.0035601894074591411 -0.0036707335654841914 -0.0018716091199451148 -0.0046879386964159032 -0.0051915350609538736 -0.0021311262756535765
leaf_weight=347 164 1490 6398 2913 1121 669 277 876 276 127 496 247 314 132
leaf_count=347 164 1490 6398 2913 1121 669 277 876 276 127 496 247 314 132
internal_value=1.61652e-05 0.000793221 -0.000407415 0.000159001 0.00434622 0.0063222 0.00127851 -0.00470786 -0.00620031 -0.00512055 -0.00353121 -0.00829485 -0.00816057 -0.00637458
internal_weight=15847 14091 10534 9311 3557 2159 1398 1223 1756 1146 772 374 610 296
internal_count=15847 14091 10534 9311 3557 2159 1398 1223 1756 1146 772 374 610 296
is_linear=0
shrinkage=0.025


Tree=21
num_leaves=15
num_cat=0
split_feature=49 49 35 38 38 12 9 38 9 53 34 12 49 40
split_gain=126.105 77.2298 71.9526 39.807 53.4387 21.0119 15.6814 13.7732 8.88581 5.67339 4.65632 4.5697 4.21456 2.1993
threshold=44.45000076293946 46.930000305175788 0.32863776385784155 -0.19192274659872052 -0.03130389750003814 -0.2802355140447616 0.027988169342279438 -0.16106848418712613 0.028942990116775039 0.95476597547531139 -0.018235540017485615 -0.18702229112386701 32.11000061035157 1.0038154125213625
decision_type=8 10 2 2 2 2 2 2 2 10 2 2 10 2
left_child=2 3 6 5 -5 -2 12 -8 -4 -10 11 -3 -1 -12
right_child=1 10 8 4 -6 -7 7 -9 9 -11 13 -13 -14 -15
leaf_value=0.0081160773173826299 0.0012208300318825916 -0.0038770307329903581 0.0016006913965561948 0.0015697425692847494 -0.0013844794147117971 -0.0023180322463369043 0.0062485379572738593 0.0026585455483739795 -0.0040249645232026251 -0.00054240749426059498 -0.0044018023143493927 -0.001398284023002771 0.0032213562760051205 -0.0039569143122158605
leaf_weight=763 362 229 375 4406 3329 2017 473 1289 285 582 648 338 245 405
leaf_count=763 362 229 375 4406 3329 2017 473 1289 285 582 648 338 245 405
internal_value=-2.81728e-05 -0.00133689 0.00379481 -0.00052315 0.000346415 -0.00334784 0.00603378 0.0045805 -0.00119787 -0.00258744 -0.00639615 -0.00446897 0.00853282 -0.00740194
internal_weight=15746 11734 4012 10114 7735 2379 2770 1762 1242 867 1620 567 1008 1053
internal_count=15746 11734 4012 10114 7735 2379 2770 1762 1242 867 1620 567 1008 1053
is_linear=0
shrinkage=0.025


Tree=22
num_leaves=15
num_cat=0
split_feature=49 54 36 38 36 37 36 34 49 9 30 43 36 3
split_gain=117.65 79.0915 75.0266 43.7201 58.6701 35.8463 19.2476 15.2165 15.6911 10.3185 8.20994 4.63876 7.13307 2.63034
threshold=44.45000076293946 2.3349999189376835 0.47541341185569769 -0.19192274659872052 0.14776464551687243 0.021232314407825473 0.67559540271759044 0.11154261231422426 31.135000228881839 0.027196174487471584 0.04159891605377198 -0.075835932046174989 0.23062656074762347 0.30720716714859014
decision_type=8 8 2 2 2 2 2 2 10 2 2 2 2 2
left_child=2 11 7 5 -5 -3 9 8 -1 -4 -9 -2 -13 -8
right_child=1 3 6 4 -6 -7 13 10 -10 -11 -12 12 -14 -15
leaf_value=0.0073737974516033941 -0.0043590120764357022 -0.0024426991446741125 0.0035873086998426066 0.0019037874171402057 -0.0012108484653650449 0.0028952941520208951 -0.0012581546406063501 0.0046789957022773171 0.00220694201017059 -3.3466376863571655e-05 0.00082306998260106741 -0.0022746909983415594 -0.0040564343570804792 -0.0034628699151144221
leaf_weight=1305 634 2079 287 3487 4112 307 121 273 359 915 398 764 379 305
leaf_count=1305 634 2079 287 3487 4112 307 121 273 359 915 398 764 379 305
internal_value=1.47012e-05 -0.00124023 0.00373771 -0.000373498 0.000553163 -0.00332235 -0.000378904 0.00660524 0.0078902 0.00123757 0.00337463 -0.00609217 -0.00507949 -0.00491589
internal_weight=15725 11762 3963 9985 7599 2386 1628 2335 1664 1202 671 1777 1143 426
internal_count=15725 11762 3963 9985 7599 2386 1628 2335 1664 1202 671 1777 1143 426
is_linear=0
shrinkage=0.025


Tree=23
num_leaves=15
num_cat=0
split_feature=49 49 36 37 40 49 9 24 43 36 13 39 30 47
split_gain=115.664 96.7812 35.8263 32.6355 29.6766 17.5054 13.8131 6.61183 4.98435 6.8856 4.26149 2.82172 1.81434 1.45603
threshold=45.494998931884773 12.944999694824221 0.4352110624313355 0.027394290082156662 0.73103401064872753 40.979999542236335 0.027279488742351535 25.98957443237305 -0.080099318176507936 0.17942246049642566 -0.18566012382507321 0.76611617207527172 -0.33853396773338312 0.63811445236206066
decision_type=10 10 2 2 2 10 2 2 2 2 2 2 2 2
left_child=1 3 5 4 -1 -3 -4 -5 12 10 -10 -11 -2 -14
right_child=8 2 6 7 -6 -7 -8 -9 9 11 -12 -13 13 -15
leaf_value=-0.0020303846696534053 -0.0039678096021504988 0.0061916406875259147 0.0039185724500643794 0.0069946512657343531 -0.00012888394863674047 0.0009678686845219415 -1.4638778889081161e-05 0.0018949667051014218 -0.0034099505717887046 -0.0066497919260817846 -0.0012371158844918422 -0.0027355966150770187 -0.0038038219345897743 -0.0053184478500991105
leaf_weight=1775 120 1676 370 267 8003 364 1109 431 288 141 452 281 362 161
leaf_count=1775 120 1676 370 267 8003 364 1109 431 288 141 452 281 362 161
internal_value=-9.09522e-06 0.000759375 0.00434343 -0.000445449 -0.000819662 0.00648839 0.00136877 0.0047564 -0.00595649 -0.00492181 -0.00341443 -0.00747951 -0.00776427 -0.00843987
internal_weight=15800 13995 3519 10476 9778 2040 1479 698 1805 1162 740 422 643 523
internal_count=15800 13995 3519 10476 9778 2040 1479 698 1805 1162 740 422 643 523
is_linear=0
shrinkage=0.025


Tree=24
num_leaves=15
num_cat=0
split_feature=49 49 40 38 36 49 20 40 34 13 41 44 17 14
split_gain=107.084 81.7152 33.8144 32.0729 23.7792 27.1717 13.5675 6.33003 5.59242 4.89159 2.60188 3.42107 2.45851 1.9917
threshold=46.835000991821296 12.944999694824221 0.71685934066772472 -0.021524118259549137 0.4544337540864945 40.979999542236335 0.77045351266860973 0.3367693573236466 -0.018235540017485615 -0.20627488195896146 0.55241781473159801 0.016456750221550468 0.41340015828609472 0.61885544657707225
decision_type=10 10 2 2 2 10 2 2 2 2 2 2 2 2
left_child=1 2 7 -4 5 -3 -6 -1 9 -2 12 -12 -10 -11
right_child=8 4 3 -5 6 -7 -8 -9 10 13 11 -13 -14 -15
leaf_value=-0.0020311737886074938 -0.0033524510587582407 0.0056042794860833777 0.00089557707711682979 -0.0014427580858260782 0.0015344100843792141 0.00036902073204973936 -0.0040099346921719748 -0.0016884447445790923 -0.0040244442245790024 0.00028246622808035109 -0.0037678563939509387 -0.0029682972071570488 -0.0052441258409154897 -0.0021691643263349633
leaf_weight=123 308 1812 6094 2654 1158 519 169 1529 136 139 228 356 331 155
leaf_count=123 308 1812 6094 2654 1158 519 169 1529 136 139 228 356 331 155
internal_value=6.40271e-05 0.000772861 -0.0003574 0.000262053 0.0039841 0.00550353 0.00129974 -0.00363232 -0.00594466 -0.00394357 -0.00706084 -0.00580433 -0.00854078 -0.00156773
internal_weight=15711 14058 10400 8748 3658 2331 1327 1652 1653 602 1051 584 467 294
internal_count=15711 14058 10400 8748 3658 2331 1327 1652 1653 602 1051 584 467 294
is_linear=0
shrinkage=0.025


Tree=25
num_leaves=15
num_cat=0
split_feature=49 49 38 38 35 34 49 39 45 36 41 11 39 30
split_gain=106.608 82.8925 38.9701 64.0216 34.567 29.089 24.0014 5.51305 5.22551 8.99824 3.58163 3.50434 4.2117 2.76675
threshold=45.875000000000007 12.944999694824221 -0.19192274659872052 -0.020506440661847588 0.32863776385784155 -0.090860929340124116 32.11000061035157 0.90952736139297496 0.40040352940559393 0.21145890653133395 0.55024009943008434 0.017208747565746311 0.94636958837509166 -0.21698494255542752
decision_type=10 10 2 2 2 2 10 2 2 2 2 2 2 2
left_child=1 2 5 -4 6 -1 -3 -6 11 -10 -11 12 -2 -13
right_child=8 4 3 -5 7 -7 -8 -9 9 10 -12 13 -14 -15
leaf_value=0.0022990607456754688 -0.0039184399633199439 0.0054315576536091209 0.0016459790407569168 -0.0015848836992023532 0.0016378025828513783 -0.0023582093780365465 0.0010500212021447106 -0.0012567256771186615 -0.001918861248737044 -0.004917804797713133 -0.0014156110470366751 -0.0045422727239101237 -0.0016034090224288375 -0.005160152792849957
leaf_weight=351 190 1920 4937 3069 362 2054 778 480 735 249 126 130 155 218
leaf_count=351 190 1920 4937 3069 362 2054 778 480 735 249 126 130 155 218
internal_value=2.49857e-05 0.000765352 -0.000358223 0.000479809 0.00406735 -0.00314575 0.00544534 -0.000346812 -0.00568653 -0.00456839 -0.00771382 -0.00742299 -0.00544643 -0.00925992
internal_weight=15754 13951 10411 8006 3540 2405 2698 842 1803 1110 375 693 345 348
internal_count=15754 13951 10411 8006 3540 2405 2698 842 1803 1110 375 693 345 348
is_linear=0
shrinkage=0.025


Tree=26
num_leaves=15
num_cat=0
split_feature=31 31 40 46 4 41 36 35 37 35 26 50 36 31
split_gain=41.9861 37.3288 22.451 17.8167 16.5152 14.9314 14.3357 13.7473 12.1476 9.21553 8.97928 7.42013 7.07828 4.02232
threshold=0.56389895081520092 2.1143788099288945 0.54518643021583568 0.57171678543090831 -0.20282519608736035 0.58130195736885082 0.31419000029563909 0.13189423829317096 0.01952917501330376 0.12778954952955249 0.013972036074846985 -1.049999952316284 0.12693190574645999 0.4603783786296845
decision_type=2 2 2 2 2 2 2 2 2 2 2 10 2 2
left_child=3 2 11 4 10 12 -6 -4 13 -7 -1 -2 -3 -5
right_child=1 5 7 8 6 9 -8 -9 -10 -11 -12 -13 -14 -15
leaf_value=0.00093201671704086714 -0.0033362536322747351 0.0018723099248289543 0.0025804549922259709 -0.0024157230032168437 0.00044363139229627022 0.0041786851722247914 -0.0023307802983370766 0.00078348429536044474 0.0012546596793099924 -0.00060891327028071555 -0.0022715263964700632 0.0003377378487300093 -0.0041484891988628888 -0.0018007320375913105
leaf_weight=146 233 131 3289 834 3102 225 920 3529 158 398 1335 138 1013 224
leaf_count=146 233 131 3289 834 3102 225 920 3529 158 398 1335 138 1013 224
internal_value=-4.66358e-05 0.0010734 0.00187396 -0.00154019 -0.000931599 -0.00217621 -9.77775e-05 0.00220119 -0.00427416 0.000925557 -0.00318388 -0.00407247 -0.00386749 -0.00523871
internal_weight=15675 8956 7189 6719 5503 1767 4022 6818 1216 623 1481 371 1144 1058
internal_count=15675 8956 7189 6719 5503 1767 4022 6818 1216 623 1481 371 1144 1058
is_linear=0
shrinkage=0.025


Tree=27
num_leaves=15
num_cat=0
split_feature=49 49 38 38 35 34 49 9 43 4 39 11 39 30
split_gain=106.294 86.8705 33.5093 60.6325 31.273 29.416 21.311 6.615 5.64658 4.91359 3.80431 1.7146 3.88315 2.33085
threshold=45.494998931884773 12.944999694824221 -0.19192274659872052 -0.020506440661847588 0.32863776385784155 -0.090860929340124116 32.11000061035157 0.034256292507052429 -0.083221878856420503 0.35392105579376226 0.72164574265480053 0.017420218326151374 0.96767300367355358 -0.21698494255542752
decision_type=10 10 2 2 2 2 10 2 2 2 2 2 2 2
left_child=1 2 5 -4 6 -1 -3 -6 11 10 -10 12 -2 -13
right_child=8 4 3 -5 7 -7 -8 -9 9 -11 -12 13 -14 -15
leaf_value=0.002272996198682869 -0.0040629497922248063 0.0053476210520813326 0.0015624345874494891 -0.0015878908012705449 0.0010197438326959268 -0.002246548455575531 0.0012813192635924718 -0.002489878834203858 -0.0030907270091142464 -0.0030382739024836262 -0.0018085848908925032 -0.0044518985620757108 -0.0021802564850867969 -0.0046598294068046489
leaf_weight=355 175 1883 4984 3094 569 2100 733 247 166 428 584 123 152 188
leaf_count=355 175 1883 4984 3094 569 2100 733 247 166 428 584 123 152 188
internal_value=-3.9988e-05 0.000700161 -0.000425247 0.000351819 0.00415151 -0.00298018 0.00548216 -0.00011419 -0.00572144 -0.00464391 -0.00336921 -0.00764969 -0.00611822 -0.00911788
internal_weight=15781 13965 10533 8078 3432 2455 2616 816 1816 1178 750 638 327 311
internal_count=15781 13965 10533 8078 3432 2455 2616 816 1816 1178 750 638 327 311
is_linear=0
shrinkage=0.025


Tree=28
num_leaves=15
num_cat=0
split_feature=49 36 49 38 36 37 34 49 36 30 43 43 36 31
split_gain=93.5341 65.8971 60.2708 38.1871 56.3983 29.828 17.8161 16.1402 15.7181 9.39364 7.98796 5.13057 6.89041 3.55135
threshold=43.470001220703132 0.47541341185569769 44.45000076293946 -0.19192274659872052 0.15957265347242358 0.022743333131074909 0.11154261231422426 31.135000228881839 0.67559540271759044 0.018233191221952442 0.37040129303932195 -0.083221878856420503 0.22228828817605975 1.7627219557762148
decision_type=8 2 10 2 2 2 2 10 2 2 2 2 2 2
left_child=1 6 3 5 -5 -2 7 -1 10 -8 -3 -4 -13 -10
right_child=2 8 11 4 -6 -7 9 -9 13 -11 -12 12 -14 -15
leaf_value=0.0067102672557693786 -0.0022138408592971368 0.0012688111755380623 -0.0039622552866254183 0.0018282915189765847 -0.0011725273703306574 0.0026956349399677101 0.004450409159981376 0.0017856981435818396 -0.00067431886677506267 5.2957640196524273e-05 -0.0044388794727242232 -0.0018302668952409258 -0.0033836318487952726 -0.0035717400014393403
leaf_weight=1327 2067 1049 662 3469 4013 295 240 354 134 403 148 871 367 306
leaf_count=1327 2067 1049 662 3469 4013 295 240 354 134 403 148 871 367 306
internal_value=-1.98918e-06 0.00331726 -0.00112297 -0.000334425 0.000540103 -0.00310256 0.00601921 0.00737322 -0.000521468 0.0024402 0.000961938 -0.00519357 -0.00419851 -0.00453652
internal_weight=15705 3961 11744 9844 7482 2362 2324 1681 1637 643 1197 1900 1238 440
internal_count=15705 3961 11744 9844 7482 2362 2324 1681 1637 643 1197 1900 1238 440
is_linear=0
shrinkage=0.025


Tree=29
num_leaves=15
num_cat=0
split_feature=49 49 40 35 38 49 40 39 36 43 49 39 29 11
split_gain=92.696 72.9535 30.1547 27.6229 27.3331 18.647 6.68251 6.5577 3.97187 6.69497 3.33619 3.1098 2.79167 2.21323
threshold=45.494998931884773 12.944999694824221 0.73103401064872753 0.32863776385784155 -0.19192274659872052 32.11000061035157 0.3367693573236466 0.94024464488029491 0.24278982728719714 -0.075835932046174989 46.930000305175788 0.72164574265480053 0.050412032753229148 0.016972062177956108
decision_type=10 10 2 2 2 10 2 2 2 2 10 2 2 2
left_child=1 2 6 5 -4 -3 -1 -5 9 12 -11 -10 -2 -13
right_child=8 3 4 7 -6 -7 -8 -9 11 10 -12 13 -14 -15
leaf_value=-0.0020119364040430995 -0.0032673544839589815 0.0049676452531360318 -0.0014495648018247745 0.0019067269674952953 0.00074314052052661952 0.0010899684795183148 -0.0015744015411361105 -0.0012444572023053526 -0.0055116358736812705 0.00039999260239439869 -0.0023565957190412245 -0.0024007804867308951 -0.0039151037207577778 -0.0039333424576190315
leaf_weight=126 327 1906 1771 397 6760 748 1744 448 125 133 697 258 137 122
leaf_count=126 327 1906 1771 397 6760 748 1744 448 125 133 697 258 137 122
internal_value=-6.76579e-06 0.000684556 -0.000365775 0.00380458 0.000264322 0.00505594 -0.00323667 -0.000125 -0.00533883 -0.00455639 -0.00316617 -0.00726716 -0.00696962 -0.00595779
internal_weight=15699 13900 10401 3499 8531 2654 1870 845 1799 1294 830 505 464 380
internal_count=15699 13900 10401 3499 8531 2654 1870 845 1799 1294 830 505 464 380
is_linear=0
shrinkage=0.025


Tree=30
num_leaves=15
num_cat=0
split_feature=49 49 41 36 40 34 36 54 11 40 30 45 40 6
split_gain=89.0397 68.5732 28.1449 26.9722 25.5816 23.386 15.3437 7.94834 4.00053 7.52307 6.3609 6.86049 4.23125 2.16869
threshold=45.494998931884773 12.944999694824221 0.44439063966274267 0.47541341185569769 1.3155034780502322 0.11701405793428422 0.38198925554752355 1.5205000042915346 0.017262415029108528 1.0275760293006899 -0.34693646430969233 0.50531914830207836 0.81426894664764415 0.032864006236195571
decision_type=10 10 2 2 2 2 2 10 2 2 2 2 2 2
left_child=1 2 6 5 -4 -3 -1 -5 9 12 -10 -12 -2 -11
right_child=8 3 4 7 -6 -7 -8 -9 10 13 11 -13 -14 -15
leaf_value=-0.0011321432186319588 -0.00080651116508156744 0.005171214420933809 0.00059044172121640911 0.0028349863841057883 -0.0021825031638054541 0.0012014277329008894 -0.0056051109666737965 -0.0004327952681222498 -0.0022011178273092318 -0.00087283645718253748 -0.0048929002806931236 -0.002895447514157426 -0.0032067976775492155 0.00058739908796326575
leaf_weight=2128 174 1576 6872 387 1001 726 399 793 229 146 304 253 588 123
leaf_count=2128 174 1576 6872 387 1001 726 399 793 229 146 304 253 588 123
internal_value=-8.95472e-05 0.00059183 -0.000424676 0.00362597 0.000311786 0.00519885 -0.00271771 0.000543249 -0.00528609 -0.00420487 -0.00666087 -0.00810721 -0.00546773 -0.000570255
internal_weight=15699 13882 10400 3482 7873 2302 2527 1180 1817 1031 786 557 762 269
internal_count=15699 13882 10400 3482 7873 2302 2527 1180 1817 1031 786 557 762 269
is_linear=0
shrinkage=0.025


Tree=31
num_leaves=14
num_cat=0
split_feature=49 35 54 38 36 37 37 49 35 19 36 9 4
split_gain=85.7187 61.0259 58.6693 35.979 49.961 29.2202 15.74 13.9602 11.7855 8.09394 5.3158 4.27292 4.67015
threshold=44.45000076293946 0.31873199343681341 2.3349999189376835 -0.19192274659872052 0.14776464551687243 0.022743333131074909 0.017586472444236282 38.465000152587898 0.12062104418873788 0.30369827151298529 0.73602223396301281 0.033384447917342193 -0.021364969201385971
decision_type=8 2 8 2 2 2 2 10 2 2 2 2 2
left_child=1 6 11 5 -5 -4 7 -1 -8 10 -3 12 -2
right_child=2 9 3 4 -6 -7 8 -9 -10 -11 -12 -13 -14
leaf_value=0.0068096167913381652 -0.0033553783471337822 0.00014259882265606379 -0.0021969392710124089 0.001665065768895633 -0.0010119844719847226 0.0026935788385615434 0.0035223872543902316 0.00081460547533999082 0.00053039313875028924 -0.0035243761495723242 -0.0030390971753182926 -0.0080782513410333958 -0.0021956716707855657
leaf_weight=1119 484 870 2065 3504 4060 274 843 206 556 192 196 128 1167
leaf_count=1119 484 870 2065 3504 4060 274 843 206 556 192 196 128 1167
internal_value=-1.87472e-05 0.00314616 -0.00109898 -0.000346311 0.000491313 -0.00305301 0.00524689 0.00720395 0.00336984 -0.00140044 -0.000531046 -0.00527256 -0.00489508
internal_weight=15664 3982 11682 9903 7564 2339 2724 1325 1399 1258 1066 1779 1651
internal_count=15664 3982 11682 9903 7564 2339 2724 1325 1399 1258 1066 1779 1651
is_linear=0
shrinkage=0.025


Tree=32
num_leaves=15
num_cat=0
split_feature=49 35 49 36 36 37 36 35 36 20 34 9 12 44
split_gain=83.4236 58.3498 53.6587 25.3255 31.5872 16.3609 11.0724 10.772 7.85373 6.34577 4.83033 4.58549 3.85033 2.9534
threshold=44.45000076293946 0.32863776385784155 45.875000000000007 -0.15029136836528775 0.14776464551687243 0.016492548398673538 0.37452036142349249 0.060058290138840682 0.67559540271759044 -0.24403703957796094 -0.015148038044571875 0.028942990116775039 -0.1855746582150459 0.027380510233342651
decision_type=8 2 10 2 2 2 2 2 2 2 2 2 2 2
left_child=1 5 3 9 -5 6 -1 -7 11 -2 12 -3 -4 -10
right_child=2 8 10 4 -6 7 -8 -9 13 -11 -12 -13 -14 -15
leaf_value=0.0071051581859604852 -0.00069685587039562897 0.0019098664861534221 -0.0030359137227032296 0.00090144215290000333 -0.0011755901310255947 0.003563680130070199 0.0025251500199161463 0.00096818781341979356 -0.00095083691442825614 -0.0024984630939263609 -0.0030953446054432995 -0.00077436662606859656 -0.00093946595472662708 -0.0041637277190635022
leaf_weight=930 287 251 260 4665 4161 769 310 735 231 846 1141 558 359 199
leaf_count=930 287 251 260 4665 4161 769 310 735 231 846 1141 558 359 199
internal_value=-9.98759e-05 0.00302313 -0.00116268 -0.000449744 2.1232e-06 0.00505411 0.00718373 0.00327618 -0.00147207 -0.0039598 -0.00518059 -7.67813e-06 -0.00333534 -0.00418103
internal_weight=15702 3983 11719 9959 8826 2744 1240 1504 1239 1133 1760 809 619 430
internal_count=15702 3983 11719 9959 8826 2744 1240 1504 1239 1133 1760 809 619 430
is_linear=0
shrinkage=0.025


Tree=33
num_leaves=15
num_cat=0
split_feature=49 49 35 40 40 37 35 36 4 34 4 44 40 40
split_gain=81.8322 55.28 54.038 27.0068 23.2606 17.2636 11.1368 10.1921 8.63047 7.36626 7.26937 5.08485 4.68222 4.02637
threshold=30.645000457763675 46.930000305175788 0.31873199343681341 0.71685934066772472 1.308019816875458 0.01789745315909386 0.12062104418873788 0.67559540271759044 0.40786859393119818 -0.014218381606042383 0.26951286196708685 0.030813989229500297 1.1394094824790957 1.0038154125213625
decision_type=8 10 2 2 2 2 2 2 2 2 2 2 2 2
left_child=2 3 5 10 -5 8 -7 12 -1 -3 -2 -9 -4 -11
right_child=1 9 7 4 -6 6 -8 11 -10 13 -12 -13 -14 -15
leaf_value=0.0076772845555681622 -0.00186388504853457 -0.0018122714842100326 -0.0001837992319965405 0.00048733697730670784 -0.0020336506351614535 0.0038621331035259381 0.0002930733805706937 -0.0013420600493706291 0.0046563318467122668 -0.0035414650937074482 6.4886234340421486e-05 -0.0050247501647188849 0.0023234685616469256 -0.0030908879301812624
leaf_weight=746 1370 585 522 8149 1110 428 433 293 420 626 351 124 170 391
leaf_count=746 1370 585 522 8149 1110 428 433 293 420 626 351 124 170 391
internal_value=-3.77631e-05 -0.000938965 0.00357171 -0.000304392 0.000230057 0.00599471 0.00326934 -0.000858393 0.00797929 -0.00526991 -0.0031757 -0.00392476 0.000995337 -0.00656189
internal_weight=15718 12582 3136 10980 9259 2027 861 1109 1166 1602 1721 417 692 1017
internal_count=15718 12582 3136 10980 9259 2027 861 1109 1166 1602 1721 417 692 1017
is_linear=0
shrinkage=0.025


Tree=34
num_leaves=15
num_cat=0
split_feature=31 38 46 39 31 38 53 2 43 10 8 53 16 30
split_gain=34.4188 45.0118 17.9119 16.7804 15.3648 14.5653 23.118 12.9972 11.5401 12.246 10.3609 9.37583 6.21007 4.4724
threshold=0.58090299367904674 -0.032211959362030022 0.57171678543090831 0.45830485224723821 2.0145317316055302 -0.15664397180080411 1.0303152203559878 -0.093288470059633241 0.31018099188804632 0.023717259988188747 0.025606232695281509 1.3879075050354006 0.019442908465862278 0.47454044222831732
decision_type=2 2 2 2 2 2 10 2 2 2 2 8 2 2
left_child=2 8 5 13 -5 7 -7 -1 11 -10 -4 -2 -12 -3
right_child=1 3 10 4 -6 6 -8 -9 9 -11 12 -13 -14 -15
leaf_value=0.00040943546648256751 0.0010644953648299774 -0.0064137527178271554 -0.0023244231013226507 0.00053746777914040857 -0.002131146355012084 0.00052522089038959871 -0.0039161975148951133 -0.0022417030450251883 0.0019486442523437902 -0.0029920806034616151 -0.0029037755477540695 0.003012466417789789 0.0013864586962400985 -0.0012790982154744397
leaf_weight=530 1519 206 894 2520 1051 3573 280 1187 803 404 150 2196 199 146
leaf_count=530 1519 206 894 2520 1051 3573 280 1187 803 404 150 2196 199 146
internal_value=-7.58156e-06 0.00102048 -0.00134295 -0.000975369 -0.000456166 -0.000734305 0.000118261 -0.00264591 0.00261188 0.000479579 -0.00405148 0.00330141 -0.000370763 -0.00614496
internal_weight=15658 8845 6813 3923 3571 5570 3853 1717 4922 1207 1243 3715 349 352
internal_count=15658 8845 6813 3923 3571 5570 3853 1717 4922 1207 1243 3715 349 352
is_linear=0
shrinkage=0.025


Tree=35
num_leaves=14
num_cat=0
split_feature=37 40 40 13 9 24 45 36 46 4 45 41 24
split_gain=34.6728 30.4184 24.2907 20.0793 13.4874 11.078 11.1701 10.8422 7.19939 10.0715 7.63902 3.56316 2.38537
threshold=0.02212188579142094 0.73103401064872753 1.308019816875458 -0.17439858615398404 0.023736509494483474 18.914869308471683 0.20983126014471057 0.11999177932739259 0.68693286180496227 0.21976065635681155 0.81896552443504345 0.6997799575328828 29.432391166687015
decision_type=2 2 2 2 2 2 2 2 2 2 2 2 2
left_child=1 8 3 -3 -4 11 12 -8 9 -1 -10 -2 -7
right_child=5 2 4 -5 -6 6 7 -9 10 -11 -12 -13 -14
leaf_value=-0.0018668458062577242 0.0043834924148467473 -0.0005077050015164828 -0.0037887726540706472 0.00099786256872831593 -0.0011948875110693131 -6.3533489233882223e-05 0.0040339281966033603 0.00082418230483020732 -0.003326808134400039 0.0009118172339442316 -0.0011461739488442568 0.0063266872570355241 -0.0017263063981806195
leaf_weight=975 226 4316 319 6137 732 171 502 826 430 328 364 206 148
leaf_count=975 226 4316 319 6137 732 171 502 826 430 328 364 206 148
internal_value=1.07587e-05 -0.000448791 5.59345e-05 0.000421328 -0.00355705 0.00301404 0.00206189 0.00307108 -0.0032142 -0.00204989 -0.0050923 0.00656465 -0.00210262
internal_weight=15680 13601 11504 10453 1051 2079 1647 1328 2097 1303 794 432 319
internal_count=15680 13601 11504 10453 1051 2079 1647 1328 2097 1303 794 432 319
is_linear=0
shrinkage=0.025


Tree=36
num_leaves=15
num_cat=0
split_feature=49 49 37 38 9 35 49 35 41 43 24 36 13 40
split_gain=79.7066 56.0654 26.0457 31.3171 23.4315 16.183 10.8654 7.30456 7.20987 6.10502 3.11302 3.04179 4.07288 2.93516
threshold=45.875000000000007 12.944999694824221 0.027394290082156662 -0.19192274659872052 0.027748592197895054 0.18042039126157763 42.905000686645515 0.24156108498573306 0.55480119585990917 -0.078292977064847932 24.711516380310062 0.17465551197528842 -0.19090895354747769 1.1025916934013369
decision_type=10 10 2 2 2 2 10 2 2 2 2 2 2 2
left_child=1 2 3 -1 6 -6 -3 -4 11 13 -11 12 -2 -10
right_child=8 4 7 -5 5 -7 -8 -9 9 10 -12 -13 -14 -15
leaf_value=-0.0017297457468899728 -0.0035712424876445173 0.0048638651938339569 0.0047566118887108428 5.5563081876533477e-05 0.0027212385683833373 -0.00025865955954560148 -1.2708997749127927e-05 -0.00010210697059382657 -0.0034325095913977956 -0.00032363716910331668 -0.0020164798883278872 -0.0044958561699535915 -0.0009969954023519871 -0.0029050711075017891
leaf_weight=2190 217 1085 541 7586 1231 1090 157 147 264 329 254 360 174 185
leaf_count=2190 217 1085 541 7586 1231 1090 157 147 264 329 254 360 174 185
internal_value=-3.75435e-05 0.000595514 -0.000326559 -0.000658803 0.00330192 0.00180836 0.00606957 0.00435606 -0.00500909 -0.00361017 -0.00188138 -0.00688657 -0.00519255 -0.0057957
internal_weight=15810 14027 10464 9776 3563 2321 1242 688 1783 1032 583 751 391 449
internal_count=15810 14027 10464 9776 3563 2321 1242 688 1783 1032 583 751 391 449
is_linear=0
shrinkage=0.025


Tree=37
num_leaves=15
num_cat=0
split_feature=49 49 38 38 35 34 49 41 9 43 30 34 13 36
split_gain=75.7852 55.8331 26.2862 50.0504 24.3802 22.079 16.4016 5.66466 5.09346 4.46899 3.74044 2.75001 2.71797 2.39161
threshold=45.875000000000007 12.944999694824221 -0.020506440661847588 -0.19192274659872052 0.32863776385784155 0.15052194893360141 32.11000061035157 0.55241781473159801 0.034561304375529296 -0.078292977064847932 -0.31092178821563715 0.008980362210422756 -0.11483782529830931 0.19889858365058902
decision_type=10 10 2 2 2 2 10 2 2 2 2 2 2 2
left_child=1 2 3 -1 6 -4 -3 10 -6 11 -2 -9 -11 -12
right_child=7 4 5 -5 8 -7 -8 9 -10 12 13 -13 -14 -15
leaf_value=-0.0013828494764827727 -0.00084992884637898893 0.0042597527548839291 -0.002158980651731908 0.0014432588766333618 0.00066489557212657049 0.0014709753959534296 0.00088644772928998632 -0.0022343496170749541 -0.002424914766286649 -0.0025848457775839201 -0.0025422486282916695 -0.0038810270258929874 -0.00043849455263067169 -0.0049806118287280257
leaf_weight=2413 125 1890 2524 4945 597 564 800 195 235 274 317 233 313 315
leaf_count=2413 125 1890 2524 4945 597 564 800 195 235 274 317 233 313 315
internal_value=1.23055e-05 0.000631128 -0.000286456 0.000525431 0.00335094 -0.00222074 0.00450603 -0.00485017 -0.000380824 -0.00358456 -0.00650427 -0.00552829 -0.00212204 -0.00729003
internal_weight=15740 13968 10446 7358 3522 3088 2690 1772 832 1015 757 428 587 632
internal_count=15740 13968 10446 7358 3522 3088 2690 1772 832 1015 757 428 587 632
is_linear=0
shrinkage=0.025


Tree=38
num_leaves=15
num_cat=0
split_feature=49 35 49 31 31 37 41 35 4 40 49 34 18 11
split_gain=71.6418 51.6774 50.01 22.806 28.8503 14.2654 13.6436 9.85652 8.61145 6.81062 7.88506 5.98468 3.62822 3.53363
threshold=30.645000457763675 0.32863776385784155 46.930000305175788 0.58090299367904674 2.1384083032608037 0.01789745315909386 0.47503933310508734 0.086282566189765944 0.58246424794197094 1.1541202664375307 15.170000076293947 -0.017379590310156342 0.029668798670172695 0.017483075149357322
decision_type=8 2 10 2 2 2 2 2 2 2 10 2 2 2
left_child=1 5 3 6 -5 8 -2 -7 -1 10 -3 13 -13 -4
right_child=2 9 11 4 -6 7 -8 -9 -10 -11 -12 12 -14 -15
leaf_value=0.006214785544250593 -0.0016918287044816614 -0.0029654981769624794 -0.00036797970638618592 0.0012438985017157464 -0.0037249186322529737 0.0042311524091587869 -0.0003894405717931718 0.00089770661591398048 0.0035283489602869812 0.0012016163298251448 0.00030747388131364826 -0.0033070673227766027 -0.0028603704575915745 -0.0027766259143974744
leaf_weight=951 1298 457 261 4360 681 341 4647 546 212 234 389 598 410 330
leaf_count=951 1298 457 261 4360 681 341 4647 546 212 234 389 598 410 330
internal_value=5.16858e-06 0.00338716 -0.000836477 -0.000233714 0.00100203 0.00571472 -0.00128256 0.00328615 0.0075396 -0.00103111 -0.00207844 -0.00496026 -0.00613894 -0.00290478
internal_weight=15715 3130 12585 10986 5041 2050 5945 887 1163 1080 846 1599 1008 591
internal_count=15715 3130 12585 10986 5041 2050 5945 887 1163 1080 846 1599 1008 591
is_linear=0
shrinkage=0.025


Tree=39
num_leaves=13
num_cat=0
split_feature=40 38 5 33 38 44 53 36 37 47 48 52
split_gain=29.5096 27.8579 40.5356 22.1325 20.4815 19.7901 15.8482 9.19569 7.84315 6.99532 5.20807 4.13557
threshold=0.73103401064872753 -0.020506440661847588 0.20876629650592807 0.0012154666474089029 -0.17977250367403028 0.02948364615440369 0.69493454694747936 0.34546464681625372 0.020028842613101009 0.93360236287117015 0.094827588647604003 1.1349999904632571
decision_type=2 2 2 2 2 2 8 2 2 2 2 10
left_child=8 2 4 7 -2 -4 -5 -3 9 11 -10 -1
right_child=1 3 5 6 -6 -7 -8 -9 10 -11 -12 -13
leaf_value=-0.0015704748181587722 -0.0014883790984867324 -0.001472187978015974 0.0023575964893898433 0.0046646370559322919 0.00059872085556560985 -0.00075110073725298239 -0.00049789141884869735 -0.0041691069679505744 0.0027003708789885604 -0.0073260311065219521 -0.0015716166895857406 0.00079908006465331219
leaf_weight=1709 1806 526 4393 222 2266 810 2916 530 169 129 150 122
leaf_count=1709 1806 526 4393 222 2266 810 2916 530 169 129 150 122
internal_value=-3.45172e-05 0.000410513 0.00117524 -0.00127858 -0.000691378 0.00263657 -0.000220729 -0.00440033 -0.00266254 -0.00325382 0.000945216 -0.00283565
internal_weight=15748 13469 9275 4194 4072 5203 3138 1056 2279 1960 319 1831
internal_count=15748 13469 9275 4194 4072 5203 3138 1056 2279 1960 319 1831
is_linear=0
shrinkage=0.025


Tree=40
num_leaves=13
num_cat=0
split_feature=49 49 40 43 35 49 17 9 43 40 3 40
split_gain=65.9364 49.8395 24.4946 29.7422 19.1072 16.3888 7.00106 5.13881 5.20631 5.59209 4.74577 3.17133
threshold=45.875000000000007 12.944999694824221 0.71685934066772472 -0.20349823683500287 0.32863776385784155 32.11000061035157 0.62351730465888988 0.033384447917342193 -0.093021426349878297 1.0038154125213625 0.59830841422081005 1.1025916934013369
decision_type=10 10 2 2 2 10 2 2 2 2 2 2
left_child=1 2 6 -4 5 -3 -1 8 11 -10 -6 -2
right_child=7 4 3 -5 10 -7 -8 -9 9 -11 -12 -13
leaf_value=-0.0010986042730184587 -0.0032026963070736175 0.004095094160456148 -0.0017430992358424963 0.00068192924688623016 0.00054219394107786587 0.00078518112426495957 -0.0048809127021877509 -0.0072358740467063469 -0.0019661577666728945 -0.00023227087509675032 -0.0018227958802361282 -0.0027508003230743319
leaf_weight=1471 380 1862 1889 6867 676 800 180 123 733 363 158 185
leaf_count=1471 380 1862 1889 6867 676 800 180 123 733 363 158 185
internal_value=2.11095e-05 0.000602621 -0.000264719 0.000261814 0.00318302 0.00421588 -0.00305329 -0.00449623 -0.00410039 -0.00305972 -0.00011174 -0.0060636
internal_weight=15687 13903 10407 8756 3496 2662 1651 1784 1661 1096 834 565
internal_count=15687 13903 10407 8756 3496 2662 1651 1784 1661 1096 834 565
is_linear=0
shrinkage=0.025


Tree=41
num_leaves=15
num_cat=0
split_feature=49 49 37 43 35 49 32 41 43 39 30 11 13 11
split_gain=67.1176 44.8939 28.0046 23.0505 20.6192 17.991 6.01862 4.81015 4.6263 4.47443 3.4574 3.05527 2.35753 1.94999
threshold=45.875000000000007 12.944999694824221 0.027394290082156662 -0.20349823683500287 0.32863776385784155 32.11000061035157 1.2816699743270876 0.55480119585990917 -0.078292977064847932 0.94024464488029491 -0.31092178821563715 0.018937210552394394 -0.11658246442675589 0.017420218326151374
decision_type=10 10 2 2 2 10 2 2 2 2 2 2 2 2
left_child=1 2 3 -1 5 -3 -4 10 13 -6 -2 -12 -10 -9
right_child=7 4 6 -5 9 -7 -8 8 12 -11 11 -13 -14 -15
leaf_value=-0.0022465174416866694 -0.00070382366220465918 0.0039249338344558432 0.0053216759561901493 1.3837497454075726e-05 0.0013978650258624919 0.00058187072211850904 0.0013478236921691665 -0.0022452519088604086 -0.0020752546411421705 -0.0011653063643932622 -0.0026419750346158908 -0.0057294879416228848 -0.00035837460239639487 -0.0037684273583473843
leaf_weight=2006 128 1885 408 7727 410 800 287 259 265 442 422 198 313 177
leaf_count=2006 128 1885 408 7727 410 800 287 259 265 442 422 198 313 177
internal_value=-3.57551e-06 0.000576682 -0.00024861 -0.000596247 0.00300854 0.00408225 0.00458036 -0.00459465 -0.00342861 -0.000371937 -0.0061338 -0.00691 -0.00191895 -0.00537132
internal_weight=15727 13965 10428 9733 3537 2685 695 1762 1014 852 748 620 578 436
internal_count=15727 13965 10428 9733 3537 2685 695 1762 1014 852 748 620 578 436
is_linear=0
shrinkage=0.025


Tree=42
num_leaves=15
num_cat=0
split_feature=49 49 38 38 9 26 35 35 45 31 49 41 34 17
split_gain=63.9045 48.7154 23.9874 45.8853 23.552 19.4931 13.6128 7.7059 4.48957 5.07816 6.47732 3.75981 3.72632 2.82915
threshold=44.45000076293946 12.944999694824221 -0.020506440661847588 -0.19192274659872052 0.027748592197895054 0.018456518650054935 0.20975317060947421 0.34362672269344335 0.5524578094482423 0.72791206836700451 46.930000305175788 0.60244524478912365 0.0079674567095935362 0.15292645245790484
decision_type=10 10 2 2 2 2 2 2 2 2 10 2 2 2
left_child=1 2 3 -1 7 -4 -6 -3 11 -10 -11 13 -13 -2
right_child=8 4 5 -5 6 -7 -8 -9 9 10 -12 12 -14 -15
leaf_value=-0.0013023608574718874 -0.0044609594571049212 0.0046982835410064464 -0.0026818618644137062 0.0013535801604996696 0.0024975810755262008 -0.00054056590895956475 -0.00036857891929309059 0.00056485597263018078 0.00076740769585194833 0.00077677029405758761 -0.0020716110814190387 -0.001352496243140973 -0.0029883253658727713 -0.0036520382764983167
leaf_weight=2394 122 994 1018 4972 1280 2056 976 158 169 130 555 253 329 321
leaf_count=2394 122 994 1018 4972 1280 2056 976 158 169 130 555 253 329 321
internal_value=3.57551e-06 0.000591478 -0.000255505 0.000518078 0.00318452 -0.00210905 0.00168897 0.00608794 -0.00431595 -0.00293219 -0.00388587 -0.00544296 -0.00403535 -0.00721261
internal_weight=15727 13848 10440 7366 3408 3074 2256 1152 1879 854 685 1025 582 443
internal_count=15727 13848 10440 7366 3408 3074 2256 1152 1879 854 685 1025 582 443
is_linear=0
shrinkage=0.025


Tree=43
num_leaves=15
num_cat=0
split_feature=49 35 49 43 36 13 37 36 4 30 40 9 34 44
split_gain=59.4312 46.0984 37.2098 30.9952 27.7067 19.9873 12.7603 9.30952 8.21667 8.21281 6.07458 5.69506 5.17996 1.15531
threshold=30.645000457763675 0.32863776385784155 45.494998931884773 -0.20349823683500287 -0.15029136836528775 -0.19553107768297193 0.01789745315909386 0.73602223396301281 0.40786859393119818 -0.090835373848676668 1.1541202664375307 0.034561304375529296 -0.018235540017485615 0.027027207426726822
decision_type=8 2 10 2 2 2 2 2 2 2 2 2 2 2
left_child=1 6 3 5 -5 -2 8 10 -1 -8 -3 12 -4 -9
right_child=2 7 11 4 -6 -7 9 13 -10 -11 -12 -13 -14 -15
leaf_value=0.0063550405917917642 -0.001292317235033311 -0.00052194146166226478 -0.00088811158363833517 -0.0018163673651500904 0.00060528007794165219 -0.0057185370755097721 0.0038314370305180959 -0.0025339760648443684 0.0037138485508758723 0.00069759203704120726 0.0019486616127526845 -0.0071153918778571719 -0.0022841020386381557 -0.0049575835152964702
leaf_weight=733 1742 636 568 959 7659 412 308 126 440 583 170 120 1108 121
leaf_count=733 1742 636 568 959 7659 412 308 126 440 583 170 120 1108 121
internal_value=-2.58923e-05 0.00306094 -0.00079287 -0.000236035 0.000434159 -0.00291512 0.00522898 -0.00118738 0.00694503 0.00293666 0.000115598 -0.00411924 -0.00371431 -0.00538194
internal_weight=15685 3117 12568 10772 8618 2154 2064 1053 1173 891 806 1796 1676 247
internal_count=15685 3117 12568 10772 8618 2154 2064 1053 1173 891 806 1796 1676 247
is_linear=0
shrinkage=0.025


Tree=44
num_leaves=14
num_cat=0
split_feature=37 38 38 36 33 35 24 45 34 11 44 38 16
split_gain=27.793 24.1394 37.5256 21.8367 20.5623 19.1621 13.5787 12.3426 8.88348 7.48433 6.40587 2.19596 1.57038
threshold=0.02212188579142094 -0.17977250367403028 -0.03130389750003814 0.080940533429384245 0.0011239950545132162 -0.0077628544531762591 21.013014793396 0.20983126014471057 -0.042797766625881188 0.028758800588548187 0.028191897086799148 -0.11940892040729521 0.024845681153237823
decision_type=2 2 2 2 2 2 2 2 2 2 2 2 2
left_child=1 3 5 8 -4 -3 10 12 -1 -9 11 -2 -8
right_child=6 2 4 -5 -6 -7 7 9 -10 -11 -12 -13 -14
leaf_value=-0.00071876134777415989 0.0060063380263236949 -0.00017156513999611774 -0.0024114862211702731 0.0046287502931489314 -0.00037916908523531609 0.002078109270265686 -0.0020808877461052115 0.0010384498912899707 -0.0022996365567572378 0.0060012532316888198 0.00072622008691770813 0.0035421749525867854 -0.00037327073096654482
leaf_weight=793 217 2235 1560 161 3923 3238 162 997 1681 181 120 241 133
leaf_count=793 217 2235 1560 161 3923 3238 162 997 1681 181 120 241 133
internal_value=-0.000164169 -0.000574158 -5.64501e-05 -0.00272017 -0.00151808 0.00140676 0.00254438 0.00125592 -0.00330526 0.00240385 0.0057783 0.00711393 -0.00327083
internal_weight=15642 13591 10956 2635 5483 5473 2051 1473 2474 1178 578 458 295
internal_count=15642 13591 10956 2635 5483 5473 2051 1473 2474 1178 578 458 295
is_linear=0
shrinkage=0.025


Tree=45
num_leaves=15
num_cat=0
split_feature=49 49 9 40 38 19 34 40 34 11 48 40 40 45
split_gain=56.3371 38.1577 21.5454 21.2687 20.5079 13.258 9.68456 6.02642 4.89622 5.31963 4.40773 3.94882 3.86227 3.24413
threshold=45.875000000000007 12.944999694824221 0.027748592197895054 0.73103401064872753 -0.020506440661847588 0.22251503914594653 0.1162516660988331 0.3367693573236466 1.0000000180025095e-35 0.017483075149357322 0.33400586247444158 0.8271319866180421 1.0202269554138186 0.50531914830207836
decision_type=10 10 2 2 2 2 2 2 2 2 2 2 2 2
left_child=1 3 6 7 -5 -4 -3 -1 9 10 -2 -10 -13 -11
right_child=8 2 5 4 -6 -7 -8 -9 11 13 -12 12 -14 -15
leaf_value=-0.0017068526394322333 -0.0015376118468756585 0.0050103613411368311 0.0017016113342837856 0.00072878441210136454 -0.0010925590449065111 -0.0015759976274130868 0.0014908903925025337 -0.0013516533687778878 -0.0011040332748147909 -0.0033670288172314849 0.00086106126376032498 -0.0032756187715768034 -0.0028890595499879838 -0.00089613431601618374
leaf_weight=127 159 758 1865 5955 2583 413 425 1751 195 176 182 501 386 188
leaf_count=127 159 758 1865 5955 2583 413 425 1751 195 176 182 501 386 188
internal_value=-2.79214e-06 0.000535316 0.00280763 -0.000220108 0.000309464 0.00137703 0.00553977 -0.00262546 -0.0041748 -0.0025088 -0.000234827 -0.00523804 -0.00594871 -0.00459011
internal_weight=15664 13877 3461 10416 8538 2278 1183 1878 1787 705 341 1082 887 364
internal_count=15664 13877 3461 10416 8538 2278 1183 1878 1787 705 341 1082 887 364
is_linear=0
shrinkage=0.025


Tree=46
num_leaves=15
num_cat=0
split_feature=31 38 47 38 53 2 39 34 37 46 31 31 4 15
split_gain=30.5742 45.2193 18.3206 15.9176 17.3561 16.1055 14.6243 12.6767 11.5506 9.04248 5.78099 5.00895 4.69971 3.83457
threshold=0.41001355648040777 -0.032211959362030022 0.95286133885383617 -0.16342016309499738 1.0303152203559878 -0.093288470059633241 0.44537879526615148 0.039252821356058128 0.01017960160970688 0.61552816629409801 1.0771821737289431 1.0771821737289431 -0.20282519608736035 0.75000000000000011
decision_type=2 2 2 2 10 2 2 2 2 2 2 2 2 2
left_child=3 2 8 5 9 12 10 -8 -2 -5 -3 -4 -1 -7
right_child=1 6 11 4 -6 13 7 -9 -10 -11 -12 -13 -14 -15
leaf_value=-0.00096363612467118768 0.0039008507837055557 -0.00055402983367770808 0.00073494636517865944 0.00031130389873033665 -0.0040025533075418989 -0.002471867659861314 -0.0023850416064846746 -4.1580942347763107e-05 0.0015412378670033597 -0.0022999774217499626 -0.0053348330969358905 -0.0044886909911859372 0.0010915449945176994 -0.00092770657651522069
leaf_weight=349 673 131 123 2764 156 1310 670 3559 4843 158 250 275 277 304
leaf_count=349 673 131 123 2764 156 1310 670 3559 4843 158 250 275 277 304
internal_value=1.85366e-05 0.000799577 0.00224595 -0.00152522 -0.000354768 -0.00312639 -0.00105498 -0.000627362 0.00262068 8.32764e-05 -0.00571567 -0.00290012 0.000267433 -0.00444333
internal_weight=15842 10524 5914 5318 3078 2240 4610 4229 5516 2922 381 398 626 1614
internal_count=15842 10524 5914 5318 3078 2240 4610 4229 5516 2922 381 398 626 1614
is_linear=0
shrinkage=0.025


Tree=47
num_leaves=15
num_cat=0
split_feature=49 49 41 43 9 36 36 39 41 53 13 34 9 3
split_gain=58.1966 43.47 23.8135 26.5592 23.3912 13.324 11.9617 7.26184 4.0899 5.3671 5.46949 3.26005 2.96251 2.46452
threshold=44.45000076293946 12.944999694824221 0.41638135910034185 -0.23369316011667249 0.027988169342279438 0.49583345651626592 0.40017546713352209 1.1061801314353945 0.60055887699127208 1.0303152203559878 -0.081234134733676897 -0.0014422107487916944 0.021464724093675617 -0.087695430964231477
decision_type=10 10 2 2 2 2 2 2 2 10 2 2 2 2
left_child=1 2 6 -4 7 -6 -1 -3 9 10 -2 13 -13 -10
right_child=8 4 3 -5 5 -7 -8 -9 11 -11 -12 12 -14 -15
leaf_value=-0.0011381089940955414 -0.0023366913166517353 0.003186705979867567 -0.0019013193496914393 0.00060650823262200094 0.0021063188099033348 -0.00078079516601467784 -0.0055779431477298476 0.006401959722896213 -0.001805435032355189 -0.0034733413751024014 0.00059378296923038557 -0.0023395832133724323 -0.0017343550704865944 0.00052256387515433483
leaf_weight=1865 306 966 1563 6667 1548 704 298 231 181 574 129 163 374 156
leaf_count=1865 306 966 1563 6667 1548 704 298 231 181 574 129 163 374 156
internal_value=-4.3309e-05 0.000517711 -0.000289118 0.000324074 0.00294767 0.0014372 -0.0026205 0.00576643 -0.00416115 -0.00525764 -0.00308239 -0.00286547 -0.00407057 -0.000895468
internal_weight=15725 13842 10393 8230 3449 2252 2163 1197 1883 1009 435 874 537 337
internal_count=15725 13842 10393 8230 3449 2252 2163 1197 1883 1009 435 874 537 337
is_linear=0
shrinkage=0.025


Tree=48
num_leaves=12
num_cat=0
split_feature=40 31 31 46 45 46 5 16 11 47 17
split_gain=28.7002 20.1565 23.4427 15.5945 12.1483 11.4003 9.91495 8.28058 5.52655 5.98565 5.19402
threshold=0.73103401064872753 0.60114952921867382 2.1143788099288945 0.58257713913917553 0.057776963338255889 0.52911534905433666 0.96102926135063182 0.020698228850960735 0.026147157885134224 0.82868674397468578 -0.28156989812850947
decision_type=2 2 2 2 2 2 2 2 2 2 2
left_child=8 3 5 4 -2 -3 -4 -5 9 10 -1
right_child=1 2 6 7 -6 -7 -8 -9 -10 -11 -12
leaf_value=-0.0044623041232536489 -0.0022591270862287413 0.00035047743180027725 -0.0033225573580642114 -0.0026527520725207216 0.00014183183158067854 0.0019046647756960607 -0.00064922854737077334 -0.00012664538956720929 0.00077189537066139002 -0.0041223778285556251 -0.0010284726710392718
leaf_weight=142 448 2257 181 583 4357 3876 1414 261 185 181 1799
leaf_count=142 448 2257 181 583 4357 3876 1414 261 185 181 1799
internal_value=-3.62515e-05 0.000407731 0.00123739 -0.000726256 -0.000172817 0.00193976 -0.00145703 -0.00385012 -0.00260867 -0.00297073 -0.00254689
internal_weight=15684 13377 7728 5649 4805 6133 1595 844 2307 2122 1941
internal_count=15684 13377 7728 5649 4805 6133 1595 844 2307 2122 1941
is_linear=0
shrinkage=0.025


Tree=49
num_leaves=15
num_cat=0
split_feature=49 49 34 43 40 13 37 9 11 7 37 39 17 11
split_gain=53.2347 37.4103 32.7419 29.5052 23.1621 21.4164 19.1063 12.1149 5.70614 5.45254 5.08451 4.92984 4.56466 4.35491
threshold=28.364999771118168 46.930000305175788 0.10692280158400537 -0.21026021987199781 0.63393026590347301 -0.19400411099195478 0.019345793873071674 0.030806859023869041 0.024205046705901626 0.010856033302843572 0.012494436930865051 0.71695849299430858 0.65300345420837413 0.017538492567837242
decision_type=8 10 2 2 2 2 2 2 2 2 2 2 2 2
left_child=2 3 6 5 -5 -2 -1 10 -9 -8 -4 12 -3 -13
right_child=1 11 7 4 -6 -7 9 8 -10 -11 -12 13 -14 -15
leaf_value=0.0060087507256669104 -0.0011860660118393259 -0.0022212333960654682 0.0038659730761531996 -0.0012834235076218297 0.00054107837700169002 -0.0052255296008973237 0.0023593127114971929 -0.0022404319198285651 0.00090211043771185712 -0.00034632080234888037 0.00040263503776731096 -0.001292356712189538 -0.004280385167955183 -0.0028786137894626471
leaf_weight=900 1767 198 241 971 8005 417 472 527 162 251 404 709 127 565
leaf_count=900 1767 198 241 971 8005 417 472 527 162 251 404 709 127 565
internal_value=-9.66064e-05 -0.000797654 0.00292243 -0.000283811 0.000350045 -0.00288659 0.00530175 1.4003e-05 -0.00227846 0.00224073 0.00247115 -0.00436799 -0.00714015 -0.00363077
internal_weight=15716 12759 2957 11160 8976 2184 1623 1334 689 723 645 1599 325 1274
internal_count=15716 12759 2957 11160 8976 2184 1623 1334 689 723 645 1599 325 1274
is_linear=0
shrinkage=0.025


Tree=50
num_leaves=14
num_cat=0
split_feature=49 49 37 36 9 35 35 36 31 36 40 40 25
split_gain=50.2176 38.6343 21.8883 24.9057 21.7434 12.1612 6.76296 6.53368 4.52253 6.20627 5.09505 3.82984 2.02802
threshold=44.45000076293946 12.944999694824221 0.027394290082156662 0.15957265347242358 0.027988169342279438 0.23039570450782779 0.24156108498573306 0.37452036142349249 0.23384412378072741 0.17942246049642566 0.81653419137001049 0.99731978774070751 -4.1541559696197501
decision_type=10 10 2 2 2 2 2 2 2 2 2 2 2
left_child=1 2 3 -1 7 -6 -4 -3 12 10 -10 -11 -2
right_child=8 4 6 -5 5 -7 -8 -9 9 11 -12 -13 -14
leaf_value=0.00024577824112021265 -0.0018739580035852682 0.0053110091826314744 0.0042459351714594388 -0.0014344944042331655 0.0020336518588528851 -0.0004884549891301216 -0.00057506060146628386 0.0020368127666277199 0.000412885374136188 -0.0032090534854383405 -0.0017590520424390502 -0.0017760222952132084 -0.0035288525055668222
leaf_weight=5675 135 686 545 4046 1265 960 135 490 185 436 782 241 122
leaf_count=5675 135 686 545 4046 1265 960 135 490 185 436 782 241 122
internal_value=-8.15667e-05 0.000443163 -0.00031292 -0.000617546 0.00275433 0.00129204 0.00400547 0.00549852 -0.00388576 -0.00337705 -0.00206404 -0.00521444 -0.0069895
internal_weight=15703 13802 10401 9721 3401 2225 680 1176 1901 1644 967 677 257
internal_count=15703 13802 10401 9721 3401 2225 680 1176 1901 1644 967 677 257
is_linear=0
shrinkage=0.025


Tree=51
num_leaves=15
num_cat=0
split_feature=37 39 40 17 24 9 45 36 13 53 17 36 14 21
split_gain=21.3204 20.8272 18.5861 18.2309 13.7762 11.4016 9.31147 8.91562 7.30019 10.535 6.77748 6.27807 2.90536 1.76224
threshold=0.02212188579142094 0.70495748519897472 1.3409941196441653 -0.065009191632270799 21.228013992309574 0.024455149658024315 0.20983126014471057 0.11815696954727174 -0.13262606412172315 0.84783446788787853 0.96892270445823681 -0.20851559191942212 0.69589141011238109 36.925872802734382
decision_type=2 2 2 2 2 2 2 2 2 8 2 2 2 2
left_child=1 8 3 -3 10 -4 13 -8 11 -10 12 -1 -2 -6
right_child=4 2 5 -5 6 -7 7 -9 9 -11 -12 -13 -14 -15
leaf_value=-0.0032585982453141094 0.0060861894963162733 -0.00082955083674101119 -0.0035091105135570087 0.00067487975880389545 -0.00022307737645808624 -0.00096542743364638512 0.0034087669001519358 0.0001529968790276299 0.0025577058534443902 -0.0010829698523430653 0.00031112275498582504 -0.0018271090534956365 0.0032187132359808124 -0.0019137536253714769
leaf_weight=142 314 2306 281 7660 128 558 435 726 224 1467 141 939 159 161
leaf_count=142 314 2306 281 7660 128 558 435 726 224 1467 141 939 159 161
internal_value=-4.67372e-05 -0.000407249 8.84598e-05 0.000390507 0.00231694 -0.00347305 0.000975086 0.00197792 -0.0023384 -0.00130085 0.00544225 -0.00394222 0.00686454 -0.00299745
internal_weight=15641 13577 10805 9966 2064 839 1450 1161 2772 1691 614 1081 473 289
internal_count=15641 13577 10805 9966 2064 839 1450 1161 2772 1691 614 1081 473 289
is_linear=0
shrinkage=0.025


Tree=52
num_leaves=15
num_cat=0
split_feature=49 49 37 36 36 34 44 45 46 53 13 39 29 14
split_gain=45.9483 34.8909 23.6101 24.6238 21.4471 15.6543 10.4032 6.22765 5.86551 5.02839 4.88632 4.83772 3.64872 2.54572
threshold=43.470001220703132 12.944999694824221 0.027394290082156662 0.14776464551687243 0.38868491351604467 0.13727242499589923 0.019579250365495685 0.5524578094482423 0.61552816629409801 0.8944765329360963 -0.077209189534187303 0.80493074655532848 0.050412032753229148 0.29548789560794836
decision_type=10 10 2 2 2 2 2 2 2 10 2 2 2 2
left_child=1 2 3 -1 5 -3 -6 12 -4 10 -9 -11 13 -2
right_child=7 4 8 -5 6 -7 -8 9 -10 11 -12 -13 -14 -15
leaf_value=0.00023543058834595411 -0.0025842738400955693 0.0045637990092319211 0.0018116562797900794 -0.0014287487391020043 0.0022553412023328698 0.0003963189837251004 -0.00020459455849884125 -0.0014324818966076254 0.0048194821156044227 -0.0040618176030181516 0.0011414054148755251 -0.00065532289977753781 -0.0031318296319376433 -0.0018711788136236884
leaf_weight=5584 310 1235 420 4108 318 459 1370 250 267 148 175 291 354 378
leaf_count=5584 310 1235 420 4108 318 459 1370 250 267 148 175 291 354 378
internal_value=-0.000118444 0.000385461 -0.000332844 -0.000651619 0.00258894 0.00457254 0.000586976 -0.00375131 0.00412753 -0.00215046 -0.000188953 -0.00401182 -0.00505611 -0.00392316
internal_weight=15667 13761 10379 9692 3382 1694 1688 1906 687 864 425 439 1042 688
internal_count=15667 13761 10379 9692 3382 1694 1688 1906 687 864 425 439 1042 688
is_linear=0
shrinkage=0.025


end of trees

feature_importances:
tpp_day1_weighted_average=104
universe58_loo_log_return_126=82
universe58_loo_drawdown_252=51
universe58_loo_log_return_20=40
source_beta_universe58_252=40
universe58_loo_log_return_60=35
universe58_loo_realized_volatility_20=29
source_residual_momentum_126=26
source_realized_volatility_60=25
source_downside_volatility_60=19
source_momentum_12_1=19
source_distance_from_252_session_low=19
source_log_return_126=18
tpp_day1_rate_change_volatility_20=18
tpp_day1_rate_vs_ma20=17
source_beta_universe58_60=16
source_correlation_universe58_60=15
source_return_skewness_60=14
source_idiosyncratic_volatility_60=14
cross_section_momentum_126_percentile=14
cross_section_momentum_252_percentile=14
source_drawdown_from_252_session_peak=13
source_close_ma200_ratio=11
source_adx_14=6
source_log_return_60=5
tpp_day1_rate_change_20_observed=5
source_log_return_20=4
source_drawdown_from_60_session_peak=4
cross_section_momentum_20_percentile=4
cross_section_volatility_60_percentile=4
cross_section_beta_60_percentile=4
cross_section_return_dispersion=3
source_close_ma50_ratio=3
universe58_loo_log_return_1=3
source_log_return_252=2
source_parkinson_volatility_20=2
source_max_daily_log_return_20=2
tpp_day1_rate_change_1_observed=2
source_intraday_log_range=1
source_close_to_open_log_return=1
source_realized_volatility_20=1
source_downside_volatility_20=1
cross_section_positive_return_breadth=1
source_ma5_ma20_ratio=1
source_rsi_14=1
source_bollinger_bandwidth_20=1
source_directional_index_spread_14=1
source_volatility_ratio_20_60=1

parameters:
[boosting: gbdt]
[objective: quantile]
[metric: quantile]
[tree_learner: serial]
[device_type: cpu]
[data_sample_strategy: bagging]
[data: ]
[valid: ]
[num_iterations: 53]
[learning_rate: 0.025]
[num_leaves: 15]
[num_threads: 12]
[seed: 61908]
[deterministic: 1]
[force_col_wise: 1]
[force_row_wise: 0]
[histogram_pool_size: -1]
[max_depth: 4]
[min_data_in_leaf: 120]
[min_sum_hessian_in_leaf: 0.001]
[bagging_fraction: 0.85]
[pos_bagging_fraction: 1]
[neg_bagging_fraction: 1]
[bagging_freq: 1]
[bagging_seed: 61908]
[bagging_by_query: 0]
[feature_fraction: 0.75]
[feature_fraction_bynode: 1]
[feature_fraction_seed: 61908]
[extra_trees: 0]
[extra_seed: 1998]
[early_stopping_round: 0]
[early_stopping_min_delta: 0]
[first_metric_only: 0]
[max_delta_step: 0]
[lambda_l1: 0.25]
[lambda_l2: 5]
[linear_lambda: 0]
[min_gain_to_split: 0]
[drop_rate: 0.1]
[max_drop: 50]
[skip_drop: 0.5]
[xgboost_dart_mode: 0]
[uniform_drop: 0]
[drop_seed: 3597]
[top_rate: 0.2]
[other_rate: 0.1]
[min_data_per_group: 100]
[max_cat_threshold: 32]
[cat_l2: 10]
[cat_smooth: 10]
[max_cat_to_onehot: 4]
[top_k: 20]
[monotone_constraints: ]
[monotone_constraints_method: basic]
[monotone_penalty: 0]
[feature_contri: ]
[forcedsplits_filename: ]
[refit_decay_rate: 0.9]
[cegb_tradeoff: 1]
[cegb_penalty_split: 0]
[cegb_penalty_feature_lazy: ]
[cegb_penalty_feature_coupled: ]
[path_smooth: 0]
[interaction_constraints: ]
[verbosity: -1]
[saved_feature_importance_type: 0]
[use_quantized_grad: 0]
[num_grad_quant_bins: 4]
[quant_train_renew_leaf: 0]
[stochastic_rounding: 1]
[linear_tree: 0]
[max_bin: 255]
[max_bin_by_feature: ]
[min_data_in_bin: 3]
[bin_construct_sample_cnt: 200000]
[data_random_seed: 61908]
[is_enable_sparse: 1]
[enable_bundle: 1]
[use_missing: 1]
[zero_as_missing: 0]
[feature_pre_filter: 1]
[pre_partition: 0]
[two_round: 0]
[header: 0]
[label_column: ]
[weight_column: ]
[group_column: ]
[ignore_column: ]
[categorical_feature: ]
[forcedbins_filename: ]
[precise_float_parser: 0]
[parser_config_file: ]
[objective_seed: 13512]
[num_class: 1]
[is_unbalance: 0]
[scale_pos_weight: 1]
[sigmoid: 1]
[boost_from_average: 1]
[reg_sqrt: 0]
[alpha: 0.5]
[fair_c: 1]
[poisson_max_delta_step: 0.7]
[tweedie_variance_power: 1.5]
[lambdarank_truncation_level: 30]
[lambdarank_norm: 1]
[label_gain: ]
[lambdarank_position_bias_regularization: 0]
[eval_at: ]
[multi_error_top_k: 1]
[auc_mu_weights: ]
[num_machines: 1]
[local_listen_port: 12400]
[time_out: 120]
[machine_list_filename: ]
[machines: ]
[gpu_platform_id: -1]
[gpu_device_id: -1]
[gpu_use_dp: 0]
[num_gpu: 1]

end of parameters

pandas_categorical:[]
