tree
version=v4
num_class=1
num_tree_per_iteration=1
label_index=0
max_feature_idx=58
objective=quantile
feature_names=source_log_return_1 source_log_return_5 source_log_return_20 source_log_return_60 source_log_return_126 source_log_return_252 source_intraday_log_range source_close_to_open_log_return source_realized_volatility_20 source_realized_volatility_60 source_downside_volatility_20 source_downside_volatility_60 source_drawdown_from_60_session_peak source_drawdown_from_252_session_peak cross_section_momentum_20_percentile cross_section_positive_return_breadth cross_section_return_dispersion source_momentum_12_1 source_ma5_ma20_ratio source_close_ma50_ratio source_close_ma200_ratio source_rsi_14 source_bollinger_pct_b_20 source_bollinger_bandwidth_20 source_adx_14 source_directional_index_spread_14 source_parkinson_volatility_20 source_overnight_gap_1 source_positive_day_ratio_20 source_max_daily_log_return_20 source_return_skewness_60 source_distance_from_252_session_low source_volatility_ratio_20_60 universe58_loo_log_return_1 universe58_loo_log_return_20 universe58_loo_log_return_60 universe58_loo_log_return_126 universe58_loo_realized_volatility_20 universe58_loo_drawdown_252 source_beta_universe58_60 source_beta_universe58_252 source_correlation_universe58_60 source_residual_momentum_20 source_residual_momentum_126 source_idiosyncratic_volatility_60 cross_section_momentum_126_percentile cross_section_momentum_252_percentile cross_section_volatility_60_percentile cross_section_beta_60_percentile tpp_day1_weighted_average tpp_day1_rate_change_1_observed tpp_day1_rate_change_5_observed tpp_day1_rate_change_20_observed tpp_day1_rate_change_volatility_20 tpp_day1_rate_vs_ma20 tpp_observation_age_calendar_days tpp_available tpp_observed_same_day tpp_source_zero_weighted_average
feature_infos=[-0.2207123190164566:0.182477205991745] [-0.54819971323013306:0.44636186957359314] [-1.1351611614227295:1.077221155166626] [-1.1748896837234497:1.5560240745544434] [-1.0490233898162842:2.3170430660247803] [-1.2514438629150391:2.9264204502105713] [0:0.27988538146018982] [-0.16868740320205688:0.25632256269454956] [0.0055316057987511158:0.11531444638967514] [0.0079651456326246262:0.088721774518489838] [0.00095409812638536096:0.092050075531005859] [0.0049325018189847469:0.063900329172611237] [-0.71968960762023926:0] [-0.76062244176864624:0] [0.017241379246115685:1] [0.017241379246115685:1] [0.0096504408866167068:0.043657612055540085] [-1.3928108215332031:2.8910765647888184] [-0.47595494985580444:0.57290768623352051] [-0.62940984964370728:1.5476077795028687] [-0.57781422138214111:3.874976634979248] [0:100] [-0.40451541543006897:1.4870842695236206] [0.015483886934816837:1.7820020914077759] [6.1712346076965332:84.119827270507812] [-54.177944183349609:77.140235900878906] [0.0063288267701864243:0.099167443811893463] [-0.22113896906375885:0.095378585159778595] [0.10000000149011612:0.89999997615814209] [0.005115102045238018:0.18252909183502197] [-4.4435362815856934:3.4834246635437012] [0:18.523586273193359] [0.17268767952919006:1.6647372245788574] [-0.092919811606407166:0.057573974132537842] [-0.39400303363800049:0.26549568772315979] [-0.32455301284790039:0.55794161558151245] [-0.30797004699707031:0.86915600299835205] [0.005578002892434597:0.041373930871486664] [-0.35748890042304993:0] [-0.96327811479568481:2.3354122638702393] [0.20776782929897308:1.7303366661071777] [-0.25081929564476013:0.94294917583465576] [-1.1516678333282471:1.0071370601654053] [-1.3436253070831299:1.9539748430252075] [0.0059593440964818001:0.072794802486896515] [0.017241379246115685:1] [0.017241379246115685:1] [0.017241379246115685:1] [0.017241379246115685:1] [10.880000114440918:53.220001220703125] [-1.8400000333786011:6.619999885559082] [-14.850000381469727:17.459999084472656] [-23.670000076293945:19.930000305175781] [0.2905217707157135:4.723813533782959] [-10.732000350952148:16.643999099731445] [0:0] [0:1] [0:1] [0:0]
tree_sizes=1441 1529 1524 1427 1251 1527 1518 1523 1435 1070 1532 1444 1518

Tree=0
num_leaves=15
num_cat=0
split_feature=49 36 53 37 35 40 46 38 49 15 35 1 40 53
split_gain=54.0215 75.4488 47.6181 17.3196 13.4757 6.89958 6.42487 5.13233 7.75548 4.22248 3.72901 1.63507 0.595957 0.537443
threshold=30.645000457763675 0.41190734505653387 0.96645012497901928 0.02212188579142094 0.17873603105545047 1.2171974182128908 0.46082879602909094 -0.19192274659872052 44.45000076293946 0.71551722288131725 0.3132558166980744 -0.051840905100107186 1.3610567450523379 0.83660978078842174
decision_type=8 2 10 2 2 2 2 2 10 2 2 2 2 10
left_child=1 2 6 7 -4 9 -1 12 -9 -5 11 -3 -2 -12
right_child=3 10 4 5 -6 -7 -8 8 -10 -11 13 -13 -14 -15
leaf_value=0.6798563501732644 0.66002729117613446 0.66689746548032436 0.67348164423842027 0.66895408154347247 0.66609057928431104 0.67601116039677422 0.67755374297170801 0.66726108594334654 0.65876035202307348 0.67309941138753326 0.66791522079261223 0.66990825713208613 0.66389656319543544 0.66264235975275487
leaf_weight=241 1881 165 730 861 243 128 302 7179 1783 354 139 418 286 877
leaf_count=241 1881 165 730 861 243 128 302 7179 1783 354 139 418 286 877
internal_value=0.668444 0.671386 0.675373 0.667708 0.672022 0.670383 0.681278 0.667384 0.66765 0.669779 0.6676 0.669183 0.666291 0.666687
internal_weight=15587 3115 1516 12472 973 1343 543 11129 8962 1215 1599 583 2167 1016
internal_count=15587 3115 1516 12472 973 1343 543 11129 8962 1215 1599 583 2167 1016
is_linear=0
shrinkage=1


Tree=1
num_leaves=15
num_cat=0
split_feature=49 35 37 49 37 40 35 49 38 53 8 15 4 38
split_gain=54.3527 55.7088 30.6244 19.116 17.6908 7.94406 5.75139 5.25917 7.97049 4.81436 4.57537 3.43632 0.532833 0.0781819
threshold=30.645000457763675 0.28555744886398321 0.018056311644613746 16.000000476837162 0.02212188579142094 1.2171974182128908 -0.017027079127728936 44.45000076293946 -0.19192274659872052 0.83660978078842174 0.029067233204841617 0.71551722288131725 0.29327419400215154 -0.1870431378483772
decision_type=8 2 2 10 2 2 2 10 2 10 2 2 2 2
left_child=1 2 3 -1 7 11 -4 8 -2 10 -3 -6 -11 -9
right_child=4 9 6 -5 5 -7 -8 13 -10 12 -12 -13 -14 -15
leaf_value=0.0036362837014277311 -0.0079954607124715533 0.0046670644855255914 0.0053106126898470364 0.0091559472410754957 0.00049831021343081378 0.0076185030603364403 0.00081441473953044747 -0.0068860521713061023 -0.0011651739704446218 -0.001964329486030798 -0.0017053036250558222 0.004805381649343749 -0.0054237321344038671 -0.0094535160678685202
leaf_weight=415 2096 148 160 665 844 134 564 133 7238 167 129 357 899 1739
leaf_count=415 2096 148 160 665 844 134 564 133 7238 167 129 357 899 1739
internal_value=-3.11451e-05 0.00290331 0.00576769 0.00842742 -0.000768871 0.00194496 0.00176097 -0.00109346 -0.000848994 -0.000946774 0.00195479 0.00127798 -0.00171219 -0.00230354
internal_weight=15688 3147 1804 1080 12541 1335 724 11206 9334 1343 277 1201 1066 1872
internal_count=15688 3147 1804 1080 12541 1335 724 11206 9334 1343 277 1201 1066 1872
is_linear=0
shrinkage=0.025


Tree=2
num_leaves=15
num_cat=0
split_feature=49 36 53 37 35 20 40 38 49 35 34 23 4 40
split_gain=49.0466 66.0367 43.3059 16.8177 12.2148 6.92599 6.15795 4.88682 7.48604 4.28247 3.38386 1.69342 0.658045 0.620659
threshold=30.645000457763675 0.41190734505653387 0.95476597547531139 0.02212188579142094 0.17873603105545047 0.17361333966255191 1.2171974182128908 -0.19192274659872052 44.45000076293946 0.29337294399738317 -0.049584565684199326 0.29192167520523077 0.38642615079879766 1.3610567450523379
decision_type=8 2 8 2 2 2 2 2 10 2 2 2 2 2
left_child=1 2 5 7 -4 -1 10 13 -9 11 -5 -3 -11 -2
right_child=3 9 4 6 -6 -7 -8 8 -10 12 -12 -13 -14 -15
leaf_value=0.010430705781340342 -0.0082166649196463576 0.0017900087700155965 0.0053490630441174582 -0.00047187729529437109 -0.0010435093711231881 0.0086542373003815048 0.0070245617684524036 -0.0011492464167705441 -0.0093130547565686561 -0.001602968708805168 0.0034307919698355754 -0.0011896518916566135 -0.004914062663547783 -0.0051452374487692548
leaf_weight=184 1884 331 809 596 270 265 131 7233 1775 237 629 165 871 294
leaf_count=184 1884 331 809 596 270 265 131 7233 1775 237 629 165 871 294
internal_value=-6.56138e-05 0.00272992 0.0064408 -0.000765024 0.00368658 0.0129323 0.00185801 -0.00108424 -0.000825336 -0.000810286 0.00128557 0.00110529 -0.00167453 -0.00214785
internal_weight=15674 3132 1528 12542 1079 449 1356 11186 9008 1604 1225 496 1108 2178
internal_count=15674 3132 1528 12542 1079 449 1356 11186 9008 1604 1225 496 1108 2178
is_linear=0
shrinkage=0.025


Tree=3
num_leaves=14
num_cat=0
split_feature=53 36 36 37 51 36 38 32 47 48 48 42 37
split_gain=13.6399 35.1795 37.9818 13.386 8.69959 8.58452 7.05819 5.9513 4.39338 2.78781 1.74668 1.44084 0.389345
threshold=0.82586529850959789 0.21990684419870379 0.40338355302810674 0.02212188579142094 -5.8049998283386222 0.30145028233528143 -0.21733830869197843 0.90091374516487133 0.80080705881118786 0.26724137365818029 0.69589141011238109 0.085255544632673277 0.017124806530773643
decision_type=8 2 2 2 8 2 2 2 2 2 2 2 2
left_child=1 11 7 4 -2 8 -6 -3 -5 -7 -4 12 -1
right_child=3 2 10 5 6 9 -8 -9 -10 -11 -12 -13 -14
leaf_value=-0.0073728134090102456 0.0053473511678295482 0.012080323203337554 0.0010200177020027444 0.0029500006462806656 -0.007842478042293894 0.0041061461003556159 -0.0012249345636712687 0.008680012514259915 0.0063099109735385659 -0.0017707779542710498 -0.00094918871787266496 0.0015923255566814385 -0.0018773769591000607
leaf_weight=620 121 123 329 846 1630 232 10253 277 219 637 144 122 122
leaf_count=620 121 123 329 846 1630 232 10253 277 219 637 144 122 122
internal_value=-7.53354e-05 0.0020099 0.00553673 -0.00033628 -0.000647744 0.00159038 -0.000717215 0.0111574 0.00308995 -0.000247426 0.000703451 -0.00155783 -0.00197289
internal_weight=15675 1737 873 13938 12004 1934 11883 400 1065 869 473 864 742
internal_count=15675 1737 873 13938 12004 1934 11883 400 1065 869 473 864 742
is_linear=0
shrinkage=0.025


Tree=4
num_leaves=12
num_cat=0
split_feature=31 38 53 53 40 50 38 37 35 50 24
split_gain=14.0489 14.871 9.63126 9.09922 11.5289 8.8618 8.31016 7.01017 6.18541 2.70575 2.40525
threshold=0.4044643789529801 -0.03130389750003814 0.55487594008445751 1.5798761844635012 0.95006540417671215 0.24499999731779101 -0.056545088067650788 0.026843876577913765 0.061625692993402488 -0.30500000715255732 29.432391166687015
decision_type=2 2 8 10 2 10 2 2 2 8 2
left_child=5 3 -3 6 -5 7 -2 9 -4 -1 -9
right_child=1 2 8 4 -6 -7 -8 10 -10 -11 -12
leaf_value=0.0047150549170337005 0.00084327539678835564 0.0047914629519827598 0.0049923299239493192 0.0072262870582051096 0.00012253226789029362 0.0068354016636012378 0.0055832687588805935 0.005488667181739953 -0.0029288718444056465 -0.0045184571723995174 0.00051803663272497315
leaf_weight=135 4388 137 177 256 208 234 1146 135 4237 4442 185
leaf_count=135 4388 137 177 256 208 234 1146 135 4237 4442 185
internal_value=-3.14797e-05 0.00048998 -0.000586315 0.00130747 0.00465618 -0.00110422 0.00102162 -0.00133338 -0.000792884 -0.00158473 0.00221154
internal_weight=15680 10549 4551 5998 464 5131 5534 4897 4414 4577 320
internal_count=15680 10549 4551 5998 464 5131 5534 4897 4414 4577 320
is_linear=0
shrinkage=0.025


Tree=5
num_leaves=15
num_cat=0
split_feature=49 36 53 37 31 35 31 49 40 35 36 48 5 53
split_gain=44.7492 59.8368 36.8683 14.7005 12.1743 11.8191 5.58319 7.34018 4.75954 4.44669 2.38088 1.9535 1.16759 0.690627
threshold=30.645000457763675 0.40338355302810674 0.95476597547531139 0.02212188579142094 0.79411670565605175 0.17873603105545047 0.42196588218212133 44.45000076293946 1.2171974182128908 0.3132558166980744 0.3858605176210404 0.74303007125854503 -0.65577292442321766 0.83660978078842174
decision_type=8 2 8 2 2 2 2 10 2 2 2 2 2 10
left_child=1 2 4 6 -1 -4 12 -8 10 11 -5 -3 -2 -11
right_child=3 9 5 8 -6 -7 7 -9 -10 13 -12 -13 -14 -15
leaf_value=0.0098746085211931251 0.00099025597061112858 0.0015727861384129656 0.0053169942272960433 0.0030772169316027058 0.0073114976188236582 -0.0013163610446124433 -0.00026491412161839536 -0.0083103251400970246 0.0072877399328082765 -3.1986207729945707e-05 -0.0015511234952222481 -0.0019000771821896302 -0.0049020659390061096 -0.0049013293774099152
leaf_weight=205 177 490 757 1043 236 260 5103 1396 131 137 175 160 4589 908
leaf_count=205 177 490 757 1043 236 260 5103 1396 131 137 175 160 4589 908
internal_value=-6.09472e-05 0.00260014 0.00630468 -0.000727376 0.0123122 0.00364604 -0.00102318 -0.000544473 0.00173283 -0.000591912 0.00122547 0.00102099 -0.00167339 -0.00160119
internal_weight=15767 3153 1458 12614 441 1017 11265 6499 1349 1695 1218 650 4766 1045
internal_count=15767 3153 1458 12614 441 1017 11265 6499 1349 1695 1218 650 4766 1045
is_linear=0
shrinkage=0.025


Tree=6
num_leaves=15
num_cat=0
split_feature=49 31 37 34 37 37 52 31 51 47 5 37 0 5
split_gain=44.3027 43.42 19.3492 18.0137 17.6617 15.3768 8.83338 5.74307 7.74251 4.75071 4.9126 2.85108 2.3321 1.56364
threshold=28.364999771118168 0.79411670565605175 0.017448011785745624 0.10144246369600297 0.018056311644613746 0.02212188579142094 -0.16000000387430188 0.4044643789529801 6.1750001907348642 0.80080705881118786 0.69244566559791576 0.010645287577062847 -0.0049839066341519347 -0.65577292442321766
decision_type=8 2 2 2 2 2 10 2 8 2 2 2 2 2
left_child=1 2 6 4 -3 7 -1 13 -9 12 -11 -5 -7 -2
right_child=5 3 -4 11 -6 9 -8 8 -10 10 -12 -13 -14 -15
leaf_value=0.0061088459348676814 0.0015712118747173488 0.0075123901386343426 0.00060863912777473742 0.0019989581425221862 0.0005862411490481236 -0.0014429563086260362 0.0096571262396269522 -0.0054260789565012341 0.0001861924148016836 0.0070247970813220387 0.0031476909530766916 -0.0026565284436532834 0.0030594106357688111 -0.004811572185466767
leaf_weight=151 172 565 120 245 683 392 229 2066 4650 143 139 1011 741 4455
leaf_count=151 172 565 120 245 683 392 229 2066 4650 143 139 1011 741 4455
internal_value=-2.52908e-05 0.00270314 0.00939356 0.00134864 0.00347067 -0.000669024 0.0121266 -0.000976054 -0.00050718 0.00178257 0.00466463 -0.00076031 0.0010424 -0.00165398
internal_weight=15762 3004 500 2504 1248 12758 380 11343 6716 1415 282 1256 1133 4627
internal_count=15762 3004 500 2504 1248 12758 380 11343 6716 1415 282 1256 1133 4627
is_linear=0
shrinkage=0.025


Tree=7
num_leaves=15
num_cat=0
split_feature=49 35 37 49 37 39 4 49 38 53 38 34 53 4
split_gain=40.6628 45.3932 24.8376 19.6205 14.8522 5.64159 6.59714 5.56506 7.51407 4.8431 4.19306 3.99141 2.72626 0.378984
threshold=28.364999771118168 0.26844915747642523 0.017763271927833561 16.000000476837162 0.02212188579142094 1.1874029636383059 0.34608131647109991 44.45000076293946 -0.18829173594713208 0.83660978078842174 -0.1870431378483772 -0.052359679713845246 0.5899903178215028 0.24204411357641223
decision_type=8 2 2 10 2 2 2 10 2 10 2 2 10 2
left_child=1 2 3 -1 7 11 -7 8 -2 12 -4 -6 -3 -11
right_child=4 9 10 -5 5 6 -8 -9 -10 13 -12 -13 -14 -15
leaf_value=0.0031845427907980155 -0.0063579987296827848 -0.00019449867287669597 0.0046765926736614186 0.0081897520969818564 -0.001764600213540837 0.0065231099512468417 0.00068548717740745486 -0.0086611539408408961 -0.00091476898324375925 -0.0017314939228697788 0.0005912008746427269 0.0033062204377357438 0.0054715091024766576 -0.0046885474921252559
leaf_weight=373 2185 156 179 610 523 172 124 1888 7266 137 521 613 121 896
leaf_count=373 2185 156 179 610 523 172 124 1888 7266 137 521 613 121 896
internal_value=-8.10932e-05 0.00253878 0.00524956 0.00780491 -0.000696326 0.00169711 0.00474668 -0.000999758 -0.00075045 -0.000945818 0.00162234 0.00087971 0.00195479 -0.00173531
internal_weight=15764 2993 1683 983 12771 1432 296 11339 9451 1310 700 1136 277 1033
internal_count=15764 2993 1683 983 12771 1432 296 11339 9451 1310 700 1136 277 1033
is_linear=0
shrinkage=0.025


Tree=8
num_leaves=14
num_cat=0
split_feature=31 38 36 51 53 38 13 35 53 30 9 4 23
split_gain=11.4776 13.9716 8.58611 14.994 7.20634 8.38006 7.45312 6.8076 6.69665 4.7271 2.79008 3.05853 0.868322
threshold=0.38803437352180487 -0.03130389750003814 0.23062656074762347 -0.50999999046325672 1.5798761844635012 -0.055085137486457818 -0.26674993336200709 0.055296625941991813 0.55487594008445751 -0.61079555749893177 0.032441917806863792 -0.2100696265697479 0.052523586899042136
decision_type=2 2 2 10 10 2 2 2 8 2 2 2 2
left_child=2 4 10 9 5 -2 -6 -3 -9 -4 12 -12 -1
right_child=1 7 3 -5 6 -7 -8 8 -10 -11 11 -13 -14
leaf_value=0.0015328865576913599 0.00061386425035404315 0.0062824225639889339 0.0028294275217987889 0.0086774699836179702 0.0063299395156201079 0.0050557667734676837 0.002164463643675099 0.0034537467144090343 -0.0028762567243186352 -0.0030779861966429589 -0.0076607725694023097 0.0041729590613718672 -0.0048372612267477168
leaf_weight=128 4476 145 244 131 154 1115 296 147 4334 497 184 158 3614
leaf_count=128 4476 145 244 131 154 1115 296 147 4334 497 184 158 3614
internal_value=-0.000121657 0.00033979 -0.00111545 0.00112742 0.00113153 0.000882996 0.00416209 -0.000692886 -0.000868536 -0.00026307 -0.00159666 0.000543948 -0.00179444
internal_weight=15623 10667 4956 872 6041 5591 450 4626 4481 741 4084 342 3742
internal_count=15623 10667 4956 872 6041 5591 450 4626 4481 741 4084 342 3742
is_linear=0
shrinkage=0.025


Tree=9
num_leaves=10
num_cat=0
split_feature=36 9 35 52 53 36 17 36 38
split_gain=11.1458 9.84843 10.9132 7.1503 5.34916 15.8502 4.30648 4.25313 0.0515458
threshold=-0.14294604957103726 0.022976873442530635 0.2732174694538117 7.9900000095367441 1.0303152203559878 0.23408676683902743 0.65907418727874767 0.31000812351703649 -0.31995402276515955
decision_type=2 2 2 10 8 2 2 2 2
left_child=8 4 3 -3 5 -2 -6 -4 -1
right_child=1 2 7 -5 6 -7 -8 -9 -10
leaf_value=-0.0030742118531249447 -0.0059108274572066306 0.0015859973537850987 0.0053480032296745359 0.0051418336695446994 -0.0034085702062569903 0.0067353250655208252 0.0021900437642948523 -0.003721446748427875 -0.0087202255117814122
leaf_weight=128 387 7524 178 277 3836 266 377 1681 1079
leaf_count=128 387 7524 178 277 3836 266 377 1681 1079
internal_value=-9.85678e-05 9.31623e-05 0.000555483 0.000966083 -0.000822984 0.0012709 -0.00115013 -0.00116215 -0.00240202
internal_weight=15733 14526 9660 7801 4866 653 4213 1859 1207
internal_count=15733 14526 9660 7801 4866 653 4213 1859 1207
is_linear=0
shrinkage=0.025


Tree=10
num_leaves=15
num_cat=0
split_feature=49 31 37 35 37 41 52 49 38 15 16 52 31 27
split_gain=31.8861 42.4192 19.1851 17.7358 12.8911 7.83466 6.40862 5.76303 8.54438 4.22386 4.67635 2.99516 2.18403 0.152856
threshold=30.645000457763675 0.79411670565605175 0.016422113403677944 0.22485981136560443 0.02212188579142094 0.76472067832946788 -0.16000000387430188 44.45000076293946 -0.19192274659872052 0.71551722288131725 0.026292994618415836 -4.0550000667572013 0.69467788934707653 -0.0022371615050360556
decision_type=8 2 2 2 2 2 10 10 2 2 2 10 2 2
left_child=1 2 6 5 7 -3 -1 8 -2 10 -6 -5 -11 -9
right_child=4 3 -4 11 9 -7 -8 13 -10 12 -12 -13 -14 -15
leaf_value=0.0057414950990453753 -0.0069583640926713921 0.0059804873350363741 0.001635612394765718 0.0035079828540961846 -0.00061149863585621602 4.237983068769995e-05 0.0086601624059706103 -0.0096524911205143858 -0.00075843366472859485 0.0037170018394276673 0.005592681003144041 -0.0022594505571724485 0.0054015218577847758 -0.0084179536826281716
leaf_weight=147 2087 737 139 133 721 335 224 198 7228 253 256 1411 138 1695
leaf_count=147 2087 737 139 133 721 335 224 198 7228 253 256 1411 138 1695
internal_value=-0.000139986 0.00211713 0.00867718 0.000821728 -0.000702151 0.00328575 0.0116124 -0.000982231 -0.00072492 0.00158321 0.000688645 -0.000890091 0.00376578 -0.00223986
internal_weight=15702 3126 510 2616 12576 1072 371 11208 9315 1368 977 1544 391 1893
internal_count=15702 3126 510 2616 12576 1072 371 11208 9315 1368 977 1544 391 1893
is_linear=0
shrinkage=0.025


Tree=11
num_leaves=14
num_cat=0
split_feature=49 35 37 49 37 50 5 13 35 20 20 35 40
split_gain=32.0299 33.9024 29 17.1331 13.3401 5.72489 8.09791 5.12025 2.72529 2.72122 0.899076 0.406368 0.265839
threshold=25.149999618530277 0.31873199343681341 0.017763271927833561 16.000000476837162 0.02212188579142094 3.7549999952316289 0.35702490806579595 -0.36380034685134882 0.061625692993402488 -0.082515407353639589 0.29164484143257147 0.064929503947496428 0.98852327466011058
decision_type=8 2 2 10 2 8 2 2 2 2 2 2 2
left_child=1 2 3 -1 5 11 -7 -6 -4 -9 -3 -2 -12
right_child=4 10 8 -5 7 6 -8 9 -10 -11 12 -13 -14
leaf_value=0.0034888549163303974 -0.0045839606525075295 0.00015906375220719397 0.0025010733205936787 0.0077177514899218272 0.0055237615142872398 -0.0032597455817958278 0.00070696653368414848 -0.0049385914300836414 -0.0007979116014534644 0.0025263835582392535 -0.0029371578339039859 -0.0071670279922994825 -0.0045485822785910788
leaf_weight=498 1211 165 269 612 195 5651 3204 156 492 1120 461 1303 377
leaf_count=498 1211 165 269 612 195 5651 3204 156 492 1120 461 1303 377
internal_value=-0.000148149 0.00223472 0.00421975 0.00678812 -0.000682659 -0.000972943 -0.000672264 0.00155234 0.000445495 0.000959211 -0.00146453 -0.0020261 -0.00179567
internal_weight=15714 2874 1871 1110 12840 11369 8855 1471 761 1276 1003 2514 838
internal_count=15714 2874 1871 1110 12840 11369 8855 1471 761 1276 1003 2514 838
is_linear=0
shrinkage=0.025


Tree=12
num_leaves=15
num_cat=0
split_feature=49 36 31 37 41 23 31 51 36 39 35 11 17 11
split_gain=31.3338 46.4508 23.024 11.6085 9.33827 7.11296 5.63053 8.01242 4.60984 4.87205 2.29727 1.6061 1.41046 1.12788
threshold=28.364999771118168 0.40338355302810674 0.79411670565605175 0.02212188579142094 0.69649270176887523 0.19908525794744494 0.4044643789529801 6.1750001907348642 0.30855207145214086 1.1874029636383059 0.3132558166980744 0.015175361186265947 -0.63675662875175465 0.020167168229818348
decision_type=8 2 2 2 2 2 2 8 2 2 2 2 2 2
left_child=1 2 5 6 -4 -1 12 -8 9 -5 11 -3 -2 -10
right_child=3 10 4 8 -6 -7 7 -9 13 -11 -12 -13 -14 -15
leaf_value=0.0083732624654214161 0.0017545557629358444 0.002041769864668965 0.0064137755175621303 0.0024813043161456983 0.00095302054022624151 0.0049460847391599415 -0.0050322600464324648 0.00014431009411352836 0.0013596485604516454 0.0055279264758853666 -0.0032865025315870996 -9.5783044749241694e-05 -0.004441923524896473 -0.0025413680547594353
leaf_weight=248 169 126 548 740 431 136 2071 4685 162 220 967 514 4447 288
leaf_count=248 169 126 548 740 431 136 2071 4685 162 220 967 514 4447 288
internal_value=-0.000169687 0.00214076 0.00552723 -0.000707653 0.00345147 0.0106909 -0.000973346 -0.000511574 0.00142668 0.00240285 -0.000735888 0.000416666 -0.00164656 -0.000645605
internal_weight=15752 2970 1363 12782 979 384 11372 6756 1410 960 1607 640 4616 450
internal_count=15752 2970 1363 12782 979 384 11372 6756 1410 960 1607 640 4616 450
is_linear=0
shrinkage=0.025


end of trees

feature_importances:
universe58_loo_realized_volatility_20=19
tpp_day1_weighted_average=18
universe58_loo_log_return_60=17
tpp_day1_rate_change_volatility_20=14
universe58_loo_log_return_126=13
universe58_loo_drawdown_252=13
source_distance_from_252_session_low=10
source_beta_universe58_252=8
source_log_return_126=5
source_log_return_252=4
tpp_day1_rate_change_5_observed=4
tpp_day1_rate_change_20_observed=4
cross_section_positive_return_breadth=3
source_close_ma200_ratio=3
source_bollinger_bandwidth_20=3
universe58_loo_log_return_20=3
cross_section_beta_60_percentile=3
tpp_day1_rate_change_1_observed=3
source_realized_volatility_60=2
source_downside_volatility_60=2
source_drawdown_from_252_session_peak=2
source_momentum_12_1=2
source_beta_universe58_60=2
source_correlation_universe58_60=2
cross_section_volatility_60_percentile=2
source_log_return_1=1
source_log_return_5=1
source_realized_volatility_20=1
cross_section_return_dispersion=1
source_adx_14=1
source_overnight_gap_1=1
source_return_skewness_60=1
source_volatility_ratio_20_60=1
source_residual_momentum_20=1
cross_section_momentum_252_percentile=1

parameters:
[boosting: gbdt]
[objective: quantile]
[metric: quantile]
[tree_learner: serial]
[device_type: cpu]
[data_sample_strategy: bagging]
[data: ]
[valid: ]
[num_iterations: 13]
[learning_rate: 0.025]
[num_leaves: 15]
[num_threads: 12]
[seed: 61909]
[deterministic: 1]
[force_col_wise: 1]
[force_row_wise: 0]
[histogram_pool_size: -1]
[max_depth: 4]
[min_data_in_leaf: 120]
[min_sum_hessian_in_leaf: 0.001]
[bagging_fraction: 0.85]
[pos_bagging_fraction: 1]
[neg_bagging_fraction: 1]
[bagging_freq: 1]
[bagging_seed: 61909]
[bagging_by_query: 0]
[feature_fraction: 0.75]
[feature_fraction_bynode: 1]
[feature_fraction_seed: 61909]
[extra_trees: 0]
[extra_seed: 5925]
[early_stopping_round: 0]
[early_stopping_min_delta: 0]
[first_metric_only: 0]
[max_delta_step: 0]
[lambda_l1: 0.25]
[lambda_l2: 5]
[linear_lambda: 0]
[min_gain_to_split: 0]
[drop_rate: 0.1]
[max_drop: 50]
[skip_drop: 0.5]
[xgboost_dart_mode: 0]
[uniform_drop: 0]
[drop_seed: 21461]
[top_rate: 0.2]
[other_rate: 0.1]
[min_data_per_group: 100]
[max_cat_threshold: 32]
[cat_l2: 10]
[cat_smooth: 10]
[max_cat_to_onehot: 4]
[top_k: 20]
[monotone_constraints: ]
[monotone_constraints_method: basic]
[monotone_penalty: 0]
[feature_contri: ]
[forcedsplits_filename: ]
[refit_decay_rate: 0.9]
[cegb_tradeoff: 1]
[cegb_penalty_split: 0]
[cegb_penalty_feature_lazy: ]
[cegb_penalty_feature_coupled: ]
[path_smooth: 0]
[interaction_constraints: ]
[verbosity: -1]
[saved_feature_importance_type: 0]
[use_quantized_grad: 0]
[num_grad_quant_bins: 4]
[quant_train_renew_leaf: 0]
[stochastic_rounding: 1]
[linear_tree: 0]
[max_bin: 255]
[max_bin_by_feature: ]
[min_data_in_bin: 3]
[bin_construct_sample_cnt: 200000]
[data_random_seed: 61909]
[is_enable_sparse: 1]
[enable_bundle: 1]
[use_missing: 1]
[zero_as_missing: 0]
[feature_pre_filter: 1]
[pre_partition: 0]
[two_round: 0]
[header: 0]
[label_column: ]
[weight_column: ]
[group_column: ]
[ignore_column: ]
[categorical_feature: ]
[forcedbins_filename: ]
[precise_float_parser: 0]
[parser_config_file: ]
[objective_seed: 23826]
[num_class: 1]
[is_unbalance: 0]
[scale_pos_weight: 1]
[sigmoid: 1]
[boost_from_average: 1]
[reg_sqrt: 0]
[alpha: 0.9]
[fair_c: 1]
[poisson_max_delta_step: 0.7]
[tweedie_variance_power: 1.5]
[lambdarank_truncation_level: 30]
[lambdarank_norm: 1]
[label_gain: ]
[lambdarank_position_bias_regularization: 0]
[eval_at: ]
[multi_error_top_k: 1]
[auc_mu_weights: ]
[num_machines: 1]
[local_listen_port: 12400]
[time_out: 120]
[machine_list_filename: ]
[machines: ]
[gpu_platform_id: -1]
[gpu_device_id: -1]
[gpu_use_dp: 0]
[num_gpu: 1]

end of parameters

pandas_categorical:[]
