tree
version=v4
num_class=1
num_tree_per_iteration=1
label_index=0
max_feature_idx=58
objective=quantile
feature_names=source_log_return_1 source_log_return_5 source_log_return_20 source_log_return_60 source_log_return_126 source_log_return_252 source_intraday_log_range source_close_to_open_log_return source_realized_volatility_20 source_realized_volatility_60 source_downside_volatility_20 source_downside_volatility_60 source_drawdown_from_60_session_peak source_drawdown_from_252_session_peak cross_section_momentum_20_percentile cross_section_positive_return_breadth cross_section_return_dispersion source_momentum_12_1 source_ma5_ma20_ratio source_close_ma50_ratio source_close_ma200_ratio source_rsi_14 source_bollinger_pct_b_20 source_bollinger_bandwidth_20 source_adx_14 source_directional_index_spread_14 source_parkinson_volatility_20 source_overnight_gap_1 source_positive_day_ratio_20 source_max_daily_log_return_20 source_return_skewness_60 source_distance_from_252_session_low source_volatility_ratio_20_60 universe58_loo_log_return_1 universe58_loo_log_return_20 universe58_loo_log_return_60 universe58_loo_log_return_126 universe58_loo_realized_volatility_20 universe58_loo_drawdown_252 source_beta_universe58_60 source_beta_universe58_252 source_correlation_universe58_60 source_residual_momentum_20 source_residual_momentum_126 source_idiosyncratic_volatility_60 cross_section_momentum_126_percentile cross_section_momentum_252_percentile cross_section_volatility_60_percentile cross_section_beta_60_percentile tpp_day1_weighted_average tpp_day1_rate_change_1_observed tpp_day1_rate_change_5_observed tpp_day1_rate_change_20_observed tpp_day1_rate_change_volatility_20 tpp_day1_rate_vs_ma20 tpp_observation_age_calendar_days tpp_available tpp_observed_same_day tpp_source_zero_weighted_average
feature_infos=[-0.11604969203472137:0.182477205991745] [-0.54819971323013306:0.44636186957359314] [-1.1351611614227295:1.077221155166626] [-1.1748896837234497:1.5560240745544434] [-1.0489567518234253:2.3170430660247803] [-0.89605218172073364:2.9264204502105713] [0:0.27988538146018982] [-0.16868740320205688:0.25632256269454956] [0.0056120613589882851:0.11531444638967514] [0.0079651456326246262:0.088721774518489838] [0.00095409812638536096:0.092050075531005859] [0.0049325018189847469:0.063900329172611237] [-0.71968960762023926:0] [-0.71968960762023926:0] [0.017241379246115685:1] [0.017241379246115685:1] [0.0096504408866167068:0.043657612055540085] [-0.84071391820907593:2.8910765647888184] [-0.47595494985580444:0.57290768623352051] [-0.62940984964370728:1.5476077795028687] [-0.57781422138214111:3.874976634979248] [0:100] [-0.36075755953788757:1.4870842695236206] [0.024132920429110527:1.7820020914077759] [6.9016203880310059:84.119827270507812] [-54.177944183349609:77.140235900878906] [0.0063288267701864243:0.099167443811893463] [-0.22113896906375885:0.095378585159778595] [0.10000000149011612:0.89999997615814209] [0.005115102045238018:0.18252909183502197] [-3.2178730964660645:2.969235897064209] [0:18.523586273193359] [0.28278514742851257:1.6446642875671387] [-0.092919811606407166:0.057573974132537842] [-0.39400303363800049:0.26549568772315979] [-0.32455301284790039:0.55794161558151245] [-0.14465788006782532:0.86915600299835205] [0.005578002892434597:0.041373930871486664] [-0.35748890042304993:0] [-0.96327811479568481:2.3354122638702393] [0.20776782929897308:1.6651477813720703] [-0.25081929564476013:0.94294917583465576] [-1.1516678333282471:1.0071370601654053] [-1.3436253070831299:1.9539748430252075] [0.0059593440964818001:0.072794802486896515] [0.017241379246115685:1] [0.017241379246115685:1] [0.017241379246115685:1] [0.017241379246115685:1] [10.880000114440918:53.220001220703125] [-1.8400000333786011:6.619999885559082] [-14.850000381469727:17.459999084472656] [-23.670000076293945:19.930000305175781] [0.2905217707157135:4.723813533782959] [-10.732000350952148:16.643999099731445] [0:0] [0:1] [0:1] [0:0]
tree_sizes=1184 1251 1344 1343 1344 1249 1256 1342 1523 1256 1346 1433 1254 1433 1533 1516 1352 1522 1528 1245 1529 1425 1430 1534 1351 1530 1530 1530 1520 1525 1519 1530 1349 1521 1529 1525 1521 1519 1432 1432 1529 1349 1335 1352 1441 1446 1538 1346 1523 1518 1531 1529 1526

Tree=0
num_leaves=12
num_cat=0
split_feature=49 38 49 49 54 45 34 44 49 52 5
split_gain=293.777 130.814 74.5188 52.5163 33.5453 25.5499 25.3097 14.6937 6.30105 2.19264 1.72888
threshold=45.494998931884773 -0.031374821439385407 13.34500026702881 30.645000457763675 1.3535000085830691 0.20983126014471057 0.04649381339550019 0.02937601134181023 46.930000305175788 5.2799999713897714 0.8006858527660371
decision_type=10 2 10 8 10 2 2 2 10 10 2
left_child=1 3 6 7 -4 -5 -3 -1 -2 10 -10
right_child=8 2 4 5 -6 -7 -8 -9 9 -11 -12
leaf_value=0.23322361670434474 0.2211226555518806 0.21762957451865078 0.23126602396368981 0.22424458600580693 0.22430289704352618 0.22761822044849395 0.22250542994588612 0.2280530732125044 0.21807717969641088 0.22046507727354764 0.21766057079657913
leaf_weight=1304 208 334 676 936 636 3794 2451 293 1111 154 328
leaf_count=1304 208 334 676 936 636 3794 2451 293 1111 154 328
internal_value=0.225246 0.226858 0.22338 0.229111 0.228282 0.227781 0.221067 0.233027 0.215937 0.215392 0.215058
internal_weight=12225 10424 4097 6327 1312 4730 2785 1597 1801 1593 1439
internal_count=12225 10424 4097 6327 1312 4730 2785 1597 1801 1593 1439
is_linear=0
shrinkage=1


Tree=1
num_leaves=12
num_cat=0
split_feature=49 38 49 49 43 36 36 54 49 54 4
split_gain=287.631 113.234 66.247 51.0665 39.2767 39.108 33.1763 29.9716 4.7647 3.0381 1.33487
threshold=45.494998931884773 -0.031374821439385407 13.34500026702881 30.645000457763675 -0.18063583225011823 0.28324116766452795 0.46838140487670904 1.3535000085830691 46.930000305175788 2.3190000057220463 -0.031440659426152699
decision_type=10 2 10 8 2 2 2 10 10 10 2
left_child=1 3 5 6 -5 -3 -1 -4 -2 10 -10
right_child=8 2 7 4 -6 -7 -8 -9 9 -11 -12
leaf_value=0.0088594878744333982 -0.0043052569846622644 0.0010104843834415082 0.0056445978023111822 -0.0013447173684835432 0.0025960914045572285 -0.0045322490436956282 0.00076221439056098459 -0.00090374373365193633 -0.0076484634703956542 -0.0045972250937484213 -0.0063100075861439106
leaf_weight=1228 199 544 669 1099 3612 2205 376 620 443 121 1041
leaf_count=1228 199 544 669 1099 3612 2205 376 620 443 121 1041
internal_value=-4.36811e-05 0.0015622 -0.00170511 0.0036521 0.00233381 -0.0038966 0.00750078 0.00296078 -0.00924198 -0.00970885 -0.0100361
internal_weight=12157 10353 4038 6315 4711 2749 1604 1289 1804 1605 1484
internal_count=12157 10353 4038 6315 4711 2749 1604 1289 1804 1605 1484
is_linear=0
shrinkage=0.025


Tree=2
num_leaves=13
num_cat=0
split_feature=49 38 49 49 36 43 35 36 49 43 54 4
split_gain=284.411 108.603 65.8351 52.0218 41.8402 33.2449 31.5752 29.8392 9.16038 8.67189 2.79568 1.66116
threshold=44.45000076293946 -0.031374821439385407 13.34500026702881 30.645000457763675 0.24468438327312472 -0.23546987026929853 0.32199856638908392 0.46838140487670904 46.930000305175788 -0.027460675686597821 2.3190000057220463 -0.11420322582125662
decision_type=10 2 10 8 2 2 2 2 10 2 10 2
left_child=1 3 4 7 -3 -5 -4 -1 9 -2 11 -10
right_child=8 2 6 5 -6 -7 -8 -9 10 -11 -12 -13
leaf_value=0.0085391319759655759 -0.0062879517910187132 0.0014006886271527041 0.0066786999265896155 -0.0015780981518328193 -0.0041654664288507774 0.0023418251629918822 -0.00059255003824364443 0.0010805132549721751 -0.0076176140825846232 -0.000781814311922062 -0.0039737601157394239 -0.0062537853989051654
leaf_weight=1235 125 452 603 840 2290 3849 644 375 334 170 126 1173
leaf_count=1235 125 452 603 840 2290 3849 644 375 334 170 126 1173
internal_value=-1.78995e-05 0.001634 -0.00159145 0.00367723 -0.00375637 0.00233942 0.00315994 0.00755031 -0.00881725 -0.00460417 -0.00955815 -0.00987517
internal_weight=12216 10288 3989 6299 2742 4689 1247 1610 1928 295 1633 1507
internal_count=12216 10288 3989 6299 2742 4689 1247 1610 1928 295 1633 1507
is_linear=0
shrinkage=0.025


Tree=3
num_leaves=13
num_cat=0
split_feature=49 38 49 49 36 43 36 9 49 43 4 36
split_gain=276.384 108.483 63.2242 45.8415 38.9332 32.2174 31.6943 30.2284 6.37427 7.08324 2.30915 7.0369
threshold=44.45000076293946 -0.031374821439385407 13.34500026702881 30.645000457763675 0.24932081252336505 -0.18063583225011823 0.46838140487670904 0.027976934798061851 46.930000305175788 -0.020141154527664181 -0.031440659426152699 0.078906208276748671
decision_type=10 2 10 8 2 2 2 2 10 2 2 2
left_child=1 3 4 6 -3 -5 -1 -4 9 -2 -10 -12
right_child=8 2 7 5 -6 -7 -8 -9 10 -11 11 -13
leaf_value=0.008379337084171129 -0.0060816253425946352 0.0012389057430817051 0.0072026056567876364 -0.0010655271246097983 -0.004145011522897403 0.0025683149056974805 0.00063429201619583174 -0.00011363191986747609 -0.0072190873963510959 -0.0010815407063273601 -0.0038713628124416571 -0.0069394614245713443
leaf_weight=1223 121 465 478 1087 2298 3527 367 739 471 161 397 755
leaf_count=1223 121 465 478 1087 2298 3527 367 739 471 161 397 755
internal_value=-5.83967e-05 0.00157707 -0.0016421 0.0036429 -0.00373239 0.0023747 0.00730016 0.00309431 -0.00878599 -0.0051176 -0.00940187 -0.00865925
internal_weight=12089 10184 3980 6204 2763 4614 1590 1217 1905 282 1623 1152
internal_count=12089 10184 3980 6204 2763 4614 1590 1217 1905 282 1623 1152
is_linear=0
shrinkage=0.025


Tree=4
num_leaves=13
num_cat=0
split_feature=49 38 49 49 43 54 34 35 49 43 54 17
split_gain=271.05 104.953 62.0779 48.9604 34.111 31.3009 23.3231 23.1914 8.67247 7.2975 2.1391 1.88518
threshold=44.45000076293946 -0.031374821439385407 13.34500026702881 30.645000457763675 -0.19149263203144071 2.151999950408936 0.04649381339550019 0.31156206130981451 46.930000305175788 -0.020141154527664181 2.3190000057220463 0.57159635424613964
decision_type=10 2 10 8 2 10 2 2 10 2 10 2
left_child=1 3 6 7 -5 -4 -3 -1 9 -2 11 -10
right_child=8 2 5 4 -6 -7 -8 -9 10 -11 -12 -13
leaf_value=0.0073096091370582874 -0.0059541485358540749 -0.0071758646329580372 0.0042042933282419826 -0.0012323333577648735 0.0024073075998236899 -0.0027647323997553762 -0.0023495884097828098 -0.00067141005791883856 -0.006235536759166934 -0.00051345850332745605 -0.0039671055213569345 -0.0064034530754508712
leaf_weight=1430 120 330 896 1080 3629 324 2417 193 942 159 121 578
leaf_count=1430 120 330 896 1080 3629 324 2417 193 942 159 121 578
internal_value=-4.75499e-05 0.00156068 -0.00162544 0.00355748 0.00226055 0.00305612 -0.00370867 0.00729807 -0.00865909 -0.00442342 -0.00935981 -0.00963525
internal_weight=12219 10299 3967 6332 4709 1220 2747 1623 1920 279 1641 1520
internal_count=12219 10299 3967 6332 4709 1220 2747 1623 1920 279 1641 1520
is_linear=0
shrinkage=0.025


Tree=5
num_leaves=12
num_cat=0
split_feature=49 38 49 49 36 36 36 54 49 4 36
split_gain=257.469 106.448 57.5704 50.3793 33.752 32.7994 29.8011 26.1463 4.83956 2.251 8.09938
threshold=45.494998931884773 -0.031374821439385407 13.34500026702881 30.645000457763675 0.24932081252336505 0.60497850179672252 0.12040322646498682 2.151999950408936 46.930000305175788 0.010026098694652321 0.13103330880403521
decision_type=10 2 10 8 2 2 2 10 10 2 2
left_child=1 3 4 5 -3 -1 -5 -4 -2 -10 -11
right_child=8 2 7 6 -6 -7 -8 -9 9 10 -12
leaf_value=0.0073489513447165776 -0.0039727057546035897 0.0011006675410562626 0.0039127485165810338 0.0028313079679707595 -0.0038141312484165817 -0.0015365735010576212 0.00031416470355787946 -0.0026325804284176944 -0.006808615896407447 -0.0036186903231514422 -0.0070326497534090914
leaf_weight=1405 195 444 959 2038 2317 199 2695 353 542 441 622
leaf_count=1405 195 444 959 2038 2317 199 2695 353 542 441 622
internal_value=-4.65616e-05 0.00146363 -0.00168741 0.00348963 -0.00373509 0.00731433 0.00218579 0.00261484 -0.00876385 -0.00922748 -0.00840941
internal_weight=12210 10410 4073 6337 2761 1604 4733 1312 1800 1605 1063
internal_count=12210 10410 4073 6337 2761 1604 4733 1312 1800 1605 1063
is_linear=0
shrinkage=0.025


Tree=6
num_leaves=12
num_cat=0
split_feature=49 38 49 49 43 54 16 35 4 49 17
split_gain=252.42 103.273 53.4176 46.9281 27.45 24.8866 22.0819 18.7323 5.4047 5.16253 7.726
threshold=45.494998931884773 -0.031374821439385407 13.34500026702881 30.645000457763675 -0.19149263203144071 1.3535000085830691 0.021970585919916633 0.31649726629257208 0.013703448232263328 46.930000305175788 0.48499101400375372
decision_type=10 2 10 8 2 10 2 2 2 10 2
left_child=1 3 6 7 -5 -4 -3 -1 -2 -10 -11
right_child=8 2 5 4 -6 -7 -8 -9 9 10 -12
leaf_value=0.0070730789495827735 -0.0066805806560127972 -0.00088920466374509198 0.0052044105727186776 -0.0010139539932876862 0.0022522240525938478 -0.00090036105012482987 -0.0042266484404648299 -9.4062060658838692e-05 -0.0029029902551911558 -0.0042910144186833069 -0.0057684786991000492
leaf_weight=1398 606 1187 672 1079 3646 640 1594 188 157 409 673
leaf_count=1398 606 1187 672 1079 3646 640 1594 188 157 409 673
internal_value=-8.82365e-05 0.00142365 -0.00166697 0.00342879 0.00217363 0.00248197 -0.00362751 0.00714566 -0.00859797 -0.00756129 -0.00818192
internal_weight=12249 10404 4093 6311 4725 1312 2781 1586 1845 1239 1082
internal_count=12249 10404 4093 6311 4725 1312 2781 1586 1845 1239 1082
is_linear=0
shrinkage=0.025


Tree=7
num_leaves=13
num_cat=0
split_feature=49 38 49 49 34 37 9 45 4 53 52 17
split_gain=243.969 96.6007 53.1131 43.2691 27.1619 24.7851 21.5224 21.4332 5.40968 10.6213 2.76567 1.78669
threshold=45.494998931884773 -0.031374821439385407 13.34500026702881 30.645000457763675 0.047844728454947479 0.018854299560189251 0.027897697873413566 0.20983126014471057 -0.035670997574925416 1.0303152203559878 -0.98500001430511464 0.48499101400375372
decision_type=10 2 10 8 2 2 2 2 2 10 10 2
left_child=1 3 4 5 -3 -1 -4 -5 -2 10 -10 -11
right_child=8 2 6 7 -6 -7 -8 -9 9 11 -12 -13
leaf_value=0.0092813122957140434 -0.0065362103178740229 -0.0068802816737789435 0.0051911060201530971 -0.0009141483716198093 -0.0021247340475408481 0.0037311486839443674 -5.473756775659887e-05 0.0021242647275622659 -0.0048132110788969345 -0.0059762516594576934 -0.0027842228894985194 -0.0060412832521202428
leaf_weight=747 510 345 543 945 2444 856 742 3792 146 220 427 511
leaf_count=747 510 345 543 945 2444 856 742 3792 146 220 427 511
internal_value=-2.81002e-05 0.00144628 -0.00155522 0.00337569 -0.00349186 0.00692242 0.0026405 0.00216813 -0.0084765 -0.00753915 -0.00489836 -0.00955333
internal_weight=12228 10414 4074 6340 2789 1603 1285 4737 1814 1304 573 731
internal_count=12228 10414 4074 6340 2789 1603 1285 4737 1814 1304 573 731
is_linear=0
shrinkage=0.025


Tree=8
num_leaves=15
num_cat=0
split_feature=38 31 52 33 38 44 34 36 15 34 44 16 31 18
split_gain=92.8501 44.7597 43.1008 30.4823 23.0206 28.4129 17.7706 22.1619 15.7005 14.4098 13.2801 6.98172 1.65363 1.64818
threshold=-0.031374821439385407 0.37467794120311743 1.2149999737739565 0.0011692410917021336 -0.19805517047643659 0.02937601134181023 0.15226676315069201 0.71271035075187694 0.43965516984462744 0.04649381339550019 0.014205218758434059 0.02383771259337664 0.78756016492843639 -0.028067888692021366
decision_type=2 2 8 2 2 2 2 2 2 2 2 2 2 2
left_child=1 2 13 9 12 -6 8 -8 -5 -2 -4 -11 -3 -1
right_child=3 4 10 6 5 -7 7 -9 -10 11 -12 -13 -14 -15
leaf_value=-0.0045290635768989122 -0.0067037516638508501 0.0041151864092338654 0.0016893136336933075 0.003841370488567811 0.0026731181993622159 -0.0016471201312895549 0.0018928715733596627 -0.0056113552288513452 -0.0027150053869252583 -0.0040983119426632212 -0.00080340970031029808 -0.0012495689247067809 0.0084408928627854075 -0.006441136754837911
leaf_weight=149 354 130 480 195 4295 849 820 132 2263 570 1023 388 230 242
leaf_count=149 354 130 480 195 4295 849 820 132 2263 570 1023 388 230 242
internal_value=-7.98969e-05 0.0016674 -0.00164231 -0.00281759 0.00280791 0.00237303 -0.00156479 0.00132576 -0.00268727 -0.00605068 0.000285975 -0.0044068 0.00888699 -0.00898043
internal_weight=12120 7398 1894 4722 5504 5144 3410 952 2458 1312 1503 958 360 391
internal_count=12120 7398 1894 4722 5504 5144 3410 952 2458 1312 1503 958 360 391
is_linear=0
shrinkage=0.025


Tree=9
num_leaves=12
num_cat=0
split_feature=49 38 49 49 54 35 16 27 49 52 5
split_gain=237.24 88.1448 51.6264 47.3286 22.9184 21.835 21.3283 21.1606 4.58466 2.0488 2.30178
threshold=45.494998931884773 -0.031374821439385407 13.34500026702881 30.645000457763675 1.3535000085830691 0.32914303243160253 0.021970585919916633 -0.010532152839004992 46.930000305175788 5.2799999713897714 0.8006858527660371
decision_type=10 2 10 8 10 2 2 2 10 10 2
left_child=1 3 6 5 -4 -1 -3 -5 -2 10 -10
right_child=8 2 4 7 -6 -7 -8 -9 9 -11 -12
leaf_value=0.0064430910101132598 -0.0037772688247939799 -0.00068573007864763816 0.0048915987565142371 -0.0032583211497368941 -0.00072715207095024569 -0.0014787801949254873 -0.0040445782853099077 0.0017076978374943243 -0.0056849507436606134 -0.003349220531585869 -0.0063477093959816381
leaf_weight=1471 210 1183 679 339 624 137 1552 4361 1093 157 333
leaf_count=1471 210 1183 679 339 624 137 1552 4361 1093 157 333
internal_value=-7.46253e-05 0.00138091 -0.00150105 0.00322648 0.00258505 0.00692421 -0.00345119 0.00195404 -0.00845731 -0.00893026 -0.00925489
internal_weight=12139 10346 4038 6308 1303 1608 2735 4700 1793 1583 1426
internal_count=12139 10346 4038 6308 1303 1608 2735 4700 1793 1583 1426
is_linear=0
shrinkage=0.025


Tree=10
num_leaves=13
num_cat=0
split_feature=49 38 49 49 43 35 37 37 4 53 54 17
split_gain=241.646 84.4934 49.5847 46.8601 25.6532 25.0081 23.255 21.5428 5.08976 8.93651 2.45953 2.16204
threshold=45.494998931884773 -0.031374821439385407 13.34500026702881 30.645000457763675 -0.19149263203144071 0.32199856638908392 0.018854299560189251 0.007842054124921562 -0.035670997574925416 1.0671114921569826 -0.28849999606609339 0.53986743092536937
decision_type=10 2 10 8 2 2 2 2 2 10 10 2
left_child=1 3 7 6 -5 -4 -1 -3 -2 10 -10 -11
right_child=8 2 5 4 -6 -7 -8 -9 9 11 -12 -13
leaf_value=0.0086439862878787774 -0.0062940293395907319 0.00078395129443587126 0.005309734416025072 -0.0010994279493687174 0.0020047805185727124 -0.00082305033709360604 0.0034553061768759297 -0.0032961432628146321 -0.004743379964680404 -0.0058804224247567156 -0.0030742063650996856 -0.0061417791210093033
leaf_weight=748 499 480 677 1060 3645 619 860 2254 206 234 465 428
leaf_count=748 499 480 677 1060 3645 619 860 2254 206 234 465 428
internal_value=-0.000105193 0.00137768 -0.00144827 0.00318238 0.00191746 0.00257014 0.00686221 -0.00335661 -0.00846149 -0.00757194 -0.00544564 -0.00966079
internal_weight=12175 10343 4030 6313 4705 1296 1608 2734 1832 1333 671 662
internal_count=12175 10343 4030 6313 4705 1296 1608 2734 1832 1333 671 662
is_linear=0
shrinkage=0.025


Tree=11
num_leaves=14
num_cat=0
split_feature=49 38 49 49 9 43 37 37 49 43 40 46 53
split_gain=223.947 83.0006 50.8107 44.9588 28.6964 24.1792 22.5719 20.0186 6.15635 7.43199 2.57914 3.92665 1.91841
threshold=44.45000076293946 -0.031374821439385407 13.34500026702881 30.645000457763675 0.027976934798061851 -0.14797023683786389 0.01818023901432753 0.013494469225406648 46.930000305175788 -0.022440612316131588 1.0142174363136294 0.65737342834472667 1.0671114921569826
decision_type=10 2 10 8 2 2 2 2 10 2 2 2 10
left_child=1 3 7 6 -4 -5 -1 -3 9 -2 12 -12 -10
right_child=8 2 4 5 -6 -7 -8 -9 10 -11 11 -13 -14
leaf_value=0.0086920567285061253 -0.0052491909606715657 -0.0015608271515038183 0.0063359324482297631 -0.00074264308611117014 -0.00014206986817189536 0.0022048966110049862 0.0035161189632586759 -0.0046754868071178044 -0.00463316698162045 -0.0002669514822101541 -0.0046376005300274806 -0.0058986114414659374 -0.006206992824726202
leaf_weight=722 122 1844 478 1320 752 3375 890 902 506 172 418 165 530
leaf_count=722 122 1844 478 1320 752 3375 890 902 506 172 418 165 530
internal_value=-5.89091e-05 0.00140273 -0.00142395 0.0031854 0.00278846 0.00194282 0.0067834 -0.0033147 -0.00790211 -0.00441054 -0.00851678 -0.00698342 -0.00933598
internal_weight=12196 10283 3976 6307 1230 4695 1612 2746 1913 294 1619 583 1036
internal_count=12196 10283 3976 6307 1230 4695 1612 2746 1913 294 1619 583 1036
is_linear=0
shrinkage=0.025


Tree=12
num_leaves=12
num_cat=0
split_feature=37 52 16 37 50 51 4 43 16 13 52
split_gain=32.6186 40.519 33.0573 32.1952 21.1895 20.5025 10.6292 11.6189 10.5319 8.22847 6.07774
threshold=0.020013722591102127 0.22999999672174457 0.014781584497541191 0.010116555728018286 0.24499999731779101 -4.5599999427795401 0.81382080912590038 -0.14578468352556226 0.024845681153237823 -0.23481347411870954 -13.715000152587889
decision_type=2 8 2 2 10 10 2 2 2 2 10
left_child=1 3 9 -1 -4 -5 7 8 -2 -3 -9
right_child=6 2 4 5 -6 -7 -8 10 -10 -11 -12
leaf_value=0.0044927918606487123 -0.0016603703503102413 0.0011415765330485411 -0.00093791391817195651 0.0041041300656647168 0.0018052325529487338 -0.0044445045975209704 -0.0028049647729190435 0.0018800775670549969 0.0030238030191583193 0.0042435537267766299 0.0038084319599309144
leaf_weight=195 459 284 5465 142 1574 1389 210 929 258 481 740
leaf_count=195 459 284 5465 142 1574 1389 210 929 258 481 740
internal_value=-3.24582e-05 -0.000709885 5.68255e-05 -0.00417028 -0.000480018 -0.00539144 0.00244858 0.00292503 0.000251039 0.00497565 0.00406586
internal_weight=12126 9530 7804 1726 7039 1531 2596 2386 717 765 1669
internal_count=12126 9530 7804 1726 7039 1531 2596 2386 717 765 1669
is_linear=0
shrinkage=0.025


Tree=13
num_leaves=14
num_cat=0
split_feature=49 49 36 35 37 46 36 54 49 17 41 43 9
split_gain=204.288 74.1763 97.2616 58.2753 31.3886 24.2982 17.7291 8.26463 6.50392 5.60752 2.9528 3.39135 0.0997404
threshold=44.45000076293946 12.944999694824221 0.14181652665138247 0.32914303243160253 0.027412694878876213 0.094827588647604003 0.41280324757099157 2.151999950408936 46.930000305175788 0.63166469335556041 0.47728952765464788 -0.089539166539907442 0.024912913329899315
decision_type=10 10 2 2 2 2 2 10 10 2 2 2 2
left_child=1 2 5 6 -4 -1 -3 -5 9 -2 12 -12 -10
right_child=8 3 4 7 -6 -7 -8 -9 10 -11 11 -13 -14
leaf_value=-0.0027842211568973154 -0.0037973843336830378 0.0063192394553965069 -0.0025692084186847743 0.00084680892170406583 0.003273210272386984 0.0027475128137784154 0.0023990830444069649 -0.002504846124016696 -0.0063686342479422359 -6.8223079640831324e-05 -0.0059113511768729421 -0.0036051967600000167 -0.0070821240556770415
leaf_weight=210 150 1733 3881 366 437 2319 822 472 167 125 454 771 238
leaf_count=210 150 1733 3881 366 437 2319 822 472 167 125 454 771 238
internal_value=-0.00024537 0.00115361 -0.000343878 0.00417341 -0.00262405 0.0035443 0.00604736 -0.0015347 -0.00775196 -0.00404018 -0.00836009 -0.00764736 -0.0103811
internal_weight=12145 10240 6847 3393 4318 2529 2555 838 1905 275 1630 1225 405
internal_count=12145 10240 6847 3393 4318 2529 2555 838 1905 275 1630 1225 405
is_linear=0
shrinkage=0.025


Tree=14
num_leaves=15
num_cat=0
split_feature=38 20 33 52 38 33 36 36 36 36 54 36 35 50
split_gain=74.6828 41.8825 25.3618 22.4316 17.9078 29.5935 16.3541 14.1568 13.2536 12.1836 10.7029 7.62084 7.52401 5.97235
threshold=-0.031374821439385407 -0.020398210734128949 0.0011692410917021336 1.2149999737739565 -0.13767533004283902 -0.01153897726908326 0.71271035075187694 0.34871567785739904 0.3457507193088532 0.082780972123146071 0.31250000000000006 0.038596972823143012 0.32914303243160253 1.8799999952316286
decision_type=2 2 2 8 2 2 2 2 2 2 8 2 2 10
left_child=1 3 8 9 10 -6 7 -4 12 -1 -3 -5 -2 -10
right_child=2 4 6 11 5 -7 -8 -9 13 -11 -12 -13 -14 -15
leaf_value=-0.0054851880071090445 -0.0028201702866949454 0.0011748349612105812 -0.001821648766190041 0.0012911781019679252 -0.0019626939375407939 0.0023667867043064214 -0.0054934841245382563 0.00056461153813377226 -0.0060267285454130258 -0.00058090534703018545 0.0043135303140814981 -0.0013790256491727473 0.00062439061080143065 -0.0021358137020255656
leaf_weight=321 480 330 1712 672 671 3380 227 1534 568 145 970 829 145 122
leaf_count=321 480 330 1712 672 671 3380 227 1534 568 145 970 829 145 122
internal_value=-0.000174944 0.0014125 -0.00260145 -0.00170195 0.00255905 0.00173354 -0.00147535 -0.00101315 -0.00555398 -0.00646231 0.00511015 -0.000203353 -0.00286706 -0.00794065
internal_weight=12106 7318 4788 1967 5351 4051 3473 3246 1315 466 1300 1501 625 690
internal_count=12106 7318 4788 1967 5351 4051 3473 3246 1315 466 1300 1501 625 690
is_linear=0
shrinkage=0.025


Tree=15
num_leaves=15
num_cat=0
split_feature=35 31 53 53 53 26 31 47 44 36 44 50 36 30
split_gain=33.2583 47.638 42.6311 31.1546 20.7984 19.981 30.4335 19.1514 17.0814 9.17415 7.22529 4.76303 4.73252 2.0744
threshold=0.12688088417053225 0.46088424324989324 0.69493454694747936 1.5798761844635012 1.5798761844635012 0.017243212088942531 1.9745672941207888 0.95286133885383617 0.014205218758434059 0.15302663296461108 0.02481819968670607 0.29000000655651098 0.14181652665138247 0.081109263002872481
decision_type=2 2 8 8 10 2 2 2 2 2 2 10 2 2
left_child=1 3 10 9 7 12 -7 -3 -5 -1 11 -2 -4 -6
right_child=2 4 5 8 13 6 -8 -9 -10 -11 -12 -13 -14 -15
leaf_value=-0.0054609919585461939 0.0045700691579391856 0.0022594433171747546 -0.00036498417505574681 0.0018244565833514207 0.0074880499054704791 -0.00027924278205375131 -0.0035410218269986134 -0.0055391236603936061 -0.0013575519900473065 -0.00048586296610144547 0.00093084051205006158 0.0095677894281277261 -0.0046704639869688301 0.0049522478320869661
leaf_weight=430 161 3201 132 537 160 3725 1392 240 922 126 148 177 616 239
leaf_count=430 161 3201 132 537 160 3725 1392 240 922 126 148 177 616 239
internal_value=-0.000183748 0.00117427 -0.00143663 -0.00193379 0.00280722 -0.00202832 -0.00146549 0.002171 -4.26913e-06 -0.00694073 0.005639 0.00763484 -0.00583499 0.00818379
internal_weight=12206 5855 6351 2015 3840 5865 5117 3441 1459 556 486 338 748 399
internal_count=12206 5855 6351 2015 3840 5865 5117 3441 1459 556 486 338 748 399
is_linear=0
shrinkage=0.025


Tree=16
num_leaves=13
num_cat=0
split_feature=49 49 36 36 9 46 9 9 54 43 53 11
split_gain=190.572 69.4811 85.575 53.8002 27.8975 23.2814 13.6017 12.5707 6.95309 4.15002 7.72372 0.743623
threshold=44.45000076293946 12.944999694824221 0.14181652665138247 0.45671127736568456 0.022673140279948715 0.22909024357795718 0.025063592009246353 0.029772839508950714 2.3574999570846562 -0.089539166539907442 0.8944765329360963 0.017164542339742187
decision_type=10 10 2 2 2 2 2 2 10 2 10 2
left_child=1 2 5 7 -4 -1 -5 -3 9 11 -11 -2
right_child=8 3 4 6 -6 -7 -8 -9 -10 10 -12 -13
leaf_value=-0.0005985772980313009 -0.0053152069783570823 0.0068440860342622234 -0.003367500401378465 0.004708631975828252 -0.0010147778804762001 0.0030650780825070461 -0.00065320543333690848 0.0038022395943048803 -0.00085372090202234623 -0.0029095702626132243 -0.0047383451209007492 -0.0063003125562676038
leaf_weight=574 298 977 1224 184 3082 1980 1110 1086 122 580 608 296
leaf_count=574 298 977 1224 184 3082 1980 1110 1086 122 580 608 296
internal_value=-0.000184005 0.00116966 -0.000272214 0.00411399 -0.00242258 0.00334848 0.000110662 0.00661569 -0.00743518 -0.00783086 -0.00688915 -0.00963063
internal_weight=12121 10217 6860 3357 4306 2554 1294 2063 1904 1782 1188 594
internal_count=12121 10217 6860 3357 4306 2554 1294 2063 1904 1782 1188 594
is_linear=0
shrinkage=0.025


Tree=17
num_leaves=15
num_cat=0
split_feature=49 38 49 49 36 36 36 37 45 53 54 4 40 29
split_gain=191.537 71.4079 44.8655 36.2921 29.0848 26.3335 25.5413 25.0308 5.05983 10.3128 3.79585 2.49669 1.20784 0.0331976
threshold=45.494998931884773 -0.016357936896383759 30.645000457763675 15.050000190734865 0.62188619375228893 0.27137702703475958 0.1194778122007847 0.015450918581336738 0.38114453852176672 1.0671114921569826 0.43299999833107 0.28140833973884588 1.1369603872299197 0.051779899746179588
decision_type=10 2 8 10 2 2 2 2 2 10 10 2 2 2
left_child=1 2 4 5 -1 -3 -4 -5 12 10 -10 -11 13 -2
right_child=8 3 6 7 -6 -7 -8 -9 9 11 -12 -13 -14 -15
leaf_value=0.0053555148744939681 -0.0052675473102646239 0.0011765187143623881 0.0024138143510144634 0.0064656243953413132 -0.0021410594940973068 -0.0031536900440831978 1.035237482395271e-05 -0.0010184459654529133 -0.0040354351650716486 -0.0041239167901682841 -0.0013328835390550289 -0.0051008113590961151 -0.0055556984436715808 -0.0064072005088028757
leaf_weight=1634 365 397 2014 479 159 2269 3016 487 420 134 238 360 142 140
leaf_count=1634 365 397 2014 479 159 2269 3016 487 420 134 238 360 142 140
internal_value=-0.000115731 0.00118129 0.00268838 -0.00164799 0.00607967 -0.00315191 0.00147344 0.00249099 -0.00763927 -0.00656331 -0.00444005 -0.00930611 -0.00948044 -0.0101593
internal_weight=12254 10455 6823 3632 1793 2666 5030 966 1799 1152 658 494 647 505
internal_count=12254 10455 6823 3632 1793 2666 5030 966 1799 1152 658 494 647 505
is_linear=0
shrinkage=0.025


Tree=18
num_leaves=15
num_cat=0
split_feature=49 38 49 49 36 36 43 54 36 43 49 46 48 11
split_gain=179.921 68.327 39.6576 36.0756 35.8749 30.5133 24.5206 18.9514 5.29253 9.51822 3.87084 1.66663 1.48514 0.863066
threshold=45.494998931884773 -0.031374821439385407 30.645000457763675 13.34500026702881 0.24932081252336505 0.60497850179672252 -0.15408497303724286 1.9632500410079958 0.18058352917432788 -0.058657741174101823 46.930000305175788 0.63811445236206066 0.59097579121589672 0.017378943972289566
decision_type=10 2 8 10 2 2 2 10 2 2 10 2 2 2
left_child=1 2 5 4 -3 -1 -4 -5 9 13 -11 12 -10 -2
right_child=8 3 6 7 -6 -7 -8 -9 11 10 -12 -13 -14 -15
leaf_value=0.005735897563956773 -0.0044725273163220471 0.0014717325589595162 -0.00098570768493578794 0.0035947785408462609 -0.003190557040744882 -0.0016033898173700577 0.0019376050136672277 -0.0017221164131905635 -0.0060152269515575136 -0.00013387755416424397 -0.0031744336122152363 -0.0062031375977300122 -0.0033299573137713749 -0.0056913362934633629
leaf_weight=1425 225 443 1302 840 2328 206 3458 448 238 121 585 263 151 242
leaf_count=1425 225 443 1302 840 2328 206 3458 448 238 121 585 263 151 242
internal_value=-0.000134874 0.00113044 0.00274097 -0.0014041 -0.00301018 0.00610101 0.00158316 0.00204466 -0.0073668 -0.00628714 -0.00438643 -0.00923706 -0.00788388 -0.00907044
internal_weight=12275 10450 6391 4059 2771 1631 4760 1288 1825 1173 706 652 389 467
internal_count=12275 10450 6391 4059 2771 1631 4760 1288 1825 1173 706 652 389 467
is_linear=0
shrinkage=0.025


Tree=19
num_leaves=12
num_cat=0
split_feature=38 53 53 20 34 53 38 36 51 20 4
split_gain=60.8669 38.2734 31.9908 25.6774 17.935 21.5776 17.5305 15.9746 11.6686 3.32705 2.18902
threshold=-0.031374821439385407 0.38071574270725256 0.69493454694747936 -0.016991746611893174 0.039548153057694442 0.97094872593879711 -0.12390121817588805 0.13641761988401416 0.31499999761581426 0.41319543123245245 -0.12175782397389411
decision_type=2 8 8 2 2 8 2 2 8 2 2
left_child=1 10 9 8 5 -4 -5 -6 -3 -2 -1
right_child=2 3 4 6 7 -7 -8 -9 -10 -11 -12
leaf_value=-0.0056007073197930305 0.0066894168483576143 -0.0034664634820611101 0.0021914550088091484 0.0030886418962234666 0.0012090386502500252 -0.0056816169965335983 0.0014046914655885729 -0.0020704890827309749 2.251817663113248e-05 0.0040410774903423229 -0.0036024222260565304
leaf_weight=126 126 311 176 1750 497 525 3513 3390 1571 128 124
leaf_count=126 126 311 176 1750 497 525 3513 3390 1571 128 124
internal_value=-0.000120997 0.0013049 -0.0022991 0.00164423 -0.00278005 -0.00645361 0.0025401 -0.00210849 -0.000857843 0.00625 -0.00821078
internal_weight=12237 7395 4842 7145 4588 701 5263 3887 1882 254 250
internal_count=12237 7395 4842 7145 4588 701 5263 3887 1882 254 250
is_linear=0
shrinkage=0.025


Tree=20
num_leaves=15
num_cat=0
split_feature=49 49 36 35 37 46 37 36 36 43 49 40 29 24
split_gain=168.482 61.3081 78.0517 54.6455 32.7897 24.7209 16.756 6.77385 4.40739 8.51711 3.63083 1.95281 0.975697 0.761963
threshold=44.45000076293946 12.944999694824221 0.13641761988401416 0.32914303243160253 0.027412694878876213 0.094827588647604003 0.016483207233250145 0.71271035075187694 0.18464598804712298 -0.058657741174101823 46.930000305175788 1.0050364732742312 0.050379192456603057 20.956986427307132
decision_type=10 10 2 2 2 2 2 2 2 2 10 2 2 2
left_child=1 2 5 6 -4 -1 -3 -5 9 12 -11 13 -2 -10
right_child=8 3 4 7 -6 -7 -8 -9 11 10 -12 -13 -14 -15
leaf_value=-0.0029131352102828769 -0.0044498109017224235 0.0064358597673882419 -0.0022690261908726579 -0.00057070748632032792 0.0033174675623084422 0.0024690528860612498 0.002713388482557583 -0.0039985274500017511 -0.0054814798232021671 -0.00022227039621975365 -0.0031114075519840627 -0.0045209039498031308 -0.0055143078160108765 -0.0056347112121818421
leaf_weight=208 336 1191 3927 689 435 2324 1385 139 123 158 563 222 129 313
leaf_count=208 336 1191 3927 689 435 2324 1385 139 123 158 563 222 129 313
internal_value=-0.000118857 0.00112771 -0.000227388 0.00387027 -0.00225412 0.00325926 0.00566399 -0.00170318 -0.00706801 -0.00608207 -0.00431302 -0.0087764 -0.0087367 -0.00984977
internal_weight=12142 10298 6894 3404 4362 2532 2576 828 1844 1186 721 658 465 436
internal_count=12142 10298 6894 3404 4362 2532 2576 828 1844 1186 721 658 465 436
is_linear=0
shrinkage=0.025


Tree=21
num_leaves=14
num_cat=0
split_feature=38 53 34 37 53 35 36 53 51 36 41 34 45
split_gain=55.1565 33.8683 26.7326 28.2331 22.3519 25.314 18.0559 26.695 8.72005 6.09537 5.93548 4.2817 3.06739
threshold=-0.031374821439385407 0.38071574270725256 0.15068224072456363 0.012492316775023939 1.5798761844635012 -0.043037541210651391 0.13641761988401416 1.0303152203559878 0.53000000119209301 0.50118336081504833 0.60684487223625194 0.15226676315069201 0.50531914830207836
decision_type=2 8 2 2 10 2 2 8 8 2 2 2 2
left_child=1 12 6 10 5 -3 8 -8 -2 -5 -4 -6 -1
right_child=2 4 3 9 11 -7 7 -9 -10 -11 -12 -13 -14
leaf_value=-0.0055535478005123836 -0.0029432162796536737 -0.00094812812810590459 0.0016165301880266575 -0.00088993059764310442 0.0059380314569030361 0.0017471787216925328 0.00093781369851379185 -0.0036233948862876703 0.0016408306341316515 -0.0039530863437575847 0.0049161604784572531 0.0032404187085405185 -0.0027630358493811041
leaf_weight=123 122 1895 361 367 375 4825 556 2499 362 265 279 120 124
leaf_count=123 122 1895 361 367 375 4825 556 2499 362 265 279 120 124
internal_value=-0.000100281 0.00124464 -0.00218672 0.000915231 0.00155904 0.00117751 -0.00330312 -0.00401348 0.00116309 -0.00281593 0.00460271 0.0066625 -0.0077629
internal_weight=12273 7462 4811 1272 7215 6720 3539 3055 484 632 640 495 247
internal_count=12273 7462 4811 1272 7215 6720 3539 3055 484 632 640 495 247
is_linear=0
shrinkage=0.025


Tree=22
num_leaves=14
num_cat=0
split_feature=38 31 53 52 34 37 36 44 38 44 53 36 20
split_gain=54.4413 33.0437 30.4333 26.4057 18.7569 26.3694 17.544 17.3053 15.7349 11.3621 11.2964 3.8744 3.23477
threshold=-0.031374821439385407 0.40648970007896429 0.69493454694747936 7.9900000095367441 0.1497905179858208 0.0098537150770425814 0.14181652665138247 0.028346834704279903 -0.17250157147645948 0.014205218758434059 0.44132995605468756 0.14836582541465762 0.41319543123245245
decision_type=2 2 8 8 2 2 2 2 2 2 8 2 2
left_child=1 3 12 11 6 -6 -4 10 -9 -5 -3 -1 -2
right_child=2 7 4 9 5 -7 -8 8 -10 -11 -12 -13 -14
leaf_value=-0.0045780519920184809 0.006312227712612889 -0.0025787220267765782 0.00012514943049496719 0.0016565979560228138 0.0044798077034414012 -0.0017906067760621734 -0.0031527612020445157 0.0066722433017801109 -0.00183379185920085 -0.0007613338364777137 0.0023980813693814662 -0.001010032418276017 0.0042727745328974666
leaf_weight=396 130 139 526 496 317 820 2911 149 915 1045 4109 123 132
leaf_count=396 130 139 526 496 317 820 2911 149 915 1045 4109 123 132
internal_value=-8.13682e-05 0.00126999 -0.00214186 -0.00141344 -0.00261929 0.000158713 -0.003539 0.00231216 -0.000532039 0.000230433 0.00302581 -0.00626193 0.00606273
internal_weight=12208 7372 4836 2060 4574 1137 3437 5312 1064 1541 4248 519 262
internal_count=12208 7372 4836 2060 4574 1137 3437 5312 1064 1541 4248 519 262
is_linear=0
shrinkage=0.025


Tree=23
num_leaves=15
num_cat=0
split_feature=38 20 33 38 33 53 53 30 3 53 44 38 20 2
split_gain=49.3583 28.9996 22.9926 19.142 27.3673 17.7491 16.2231 13.4167 11.749 9.65236 6.62374 6.25887 4.01782 3.40799
threshold=-0.031374821439385407 -0.020398210734128949 0.0011692410917021336 -0.13258393853902814 -0.0069034309126436702 1.3488049507141116 0.69493454694747936 -0.59369882941246022 0.24997114390134814 0.70474621653556835 0.012810017447918655 -0.11378823965787886 0.69741684198379528 0.023967975750565532
decision_type=2 2 2 2 2 8 8 2 2 8 2 2 2 2
left_child=1 5 8 9 -5 11 -4 -8 13 -3 -7 -1 -10 -2
right_child=2 3 6 4 -6 10 7 -9 12 -11 -12 -13 -14 -15
leaf_value=-0.0040560437564719385 -0.005592404291106824 -0.0021926179662518606 0.0044335132796548687 -0.002090858302050498 0.0020481295884473534 0.0017530155210056986 0.0034813067082155704 -0.0014548773184357789 -0.00082057778382024706 0.0032978699931470869 -0.00049122992550723892 -0.00065590636923554485 -0.0042457726411470956 -0.002985334331469012
leaf_weight=419 297 122 245 775 3115 275 195 2993 449 1388 1161 120 156 405
leaf_count=419 297 122 245 775 3115 275 195 2993 449 1388 1161 120 156 405
internal_value=-9.54002e-05 0.0011831 -0.00208509 0.00213113 0.00119865 -0.00140467 -0.00100531 -0.00148567 -0.00490187 0.00451733 4.77099e-05 -0.00525046 -0.00230533 -0.00709866
internal_weight=12115 7375 4740 5400 3890 1975 3433 3188 1307 1510 1436 539 605 702
internal_count=12115 7375 4740 5400 3890 1975 3433 3188 1307 1510 1436 539 605 702
is_linear=0
shrinkage=0.025


Tree=24
num_leaves=13
num_cat=0
split_feature=49 49 36 36 44 34 17 9 54 36 43 46
split_gain=162.787 54.5501 70.9236 45.6078 25.5777 23.4054 21.4298 13.7915 6.27433 3.44693 7.02646 1.96296
threshold=44.45000076293946 12.944999694824221 0.14836582541465762 0.45671127736568456 0.035122621804475791 0.11046580225229265 -0.11126913130283354 0.024715169332921508 2.3574999570846562 0.21291475743055346 -0.058657741174101823 0.63811445236206066
decision_type=10 10 2 2 2 2 2 2 10 2 2 2
left_child=1 2 6 5 -4 -3 -1 -5 9 10 -2 -11
right_child=8 3 4 7 -6 -7 -8 -9 -10 11 -12 -13
leaf_value=-0.0015228785585553824 -0.0046707381776016979 0.0060289684776628953 -0.0012550396869841559 0.0045620400629165581 -0.0067071118186008477 0.0012228117657679686 0.0024598216898090927 -0.00052725264718948286 -0.00067441173181249101 -0.0048860539818459184 -0.0027677647283408944 -0.0058932439374297374
leaf_weight=313 460 1505 4035 172 279 582 2249 1157 123 356 721 246
leaf_count=313 460 1505 4035 172 279 582 2249 1157 123 356 721 246
internal_value=-9.78243e-05 0.00114536 -0.000137153 0.00372515 -0.00209395 0.00602593 0.003153 9.83883e-05 -0.00679945 -0.00717631 -0.00630797 -0.00880354
internal_weight=12198 10292 6876 3416 4314 2087 2562 1329 1906 1783 1181 602
internal_count=12198 10292 6876 3416 4314 2087 2562 1329 1906 1783 1181 602
is_linear=0
shrinkage=0.025


Tree=25
num_leaves=15
num_cat=0
split_feature=49 49 36 36 34 9 31 9 36 43 13 29 31 39
split_gain=159.06 57.0789 70.4823 43.5944 23.5408 23.0019 21.2312 11.9678 5.13903 7.73676 4.23645 2.45776 1.53461 2.44356
threshold=44.45000076293946 12.944999694824221 0.14836582541465762 0.45671127736568456 0.090678893029689803 0.019941760227084163 0.3820983767509461 0.024780143052339557 0.18464598804712298 -0.058657741174101823 -0.12964160740375516 0.050379192456603057 1.1883670687675478 1.0546167492866518
decision_type=10 10 2 2 2 2 2 2 2 2 2 2 2 2
left_child=1 2 6 4 -3 -4 -1 -5 9 11 -11 -2 13 -10
right_child=8 3 5 7 -6 -7 -8 -9 12 10 -12 -13 -14 -15
leaf_value=7.2706931521423696e-05 -0.0042245343771320758 0.0057256386329096152 -0.0034144410775148212 0.0040600418291658006 0.0012019940537217983 -0.0011703455412808894 0.0033997790089537886 -0.00051407133100974604 -0.0052715730656792935 -0.0037575925611175081 -0.0013406927562255194 -0.0050730023107700981 -0.0055071895714279648 -0.003355141561732613
leaf_weight=1014 354 1477 725 175 610 3549 1571 1153 194 394 363 130 340 131
leaf_count=1014 354 1477 725 175 610 3549 1571 1153 194 394 363 130 340 131
internal_value=-0.000175934 0.00105494 -0.000259506 0.00369335 0.00594228 -0.00223037 0.00299469 0.000145349 -0.00679945 -0.00578351 -0.00414206 -0.00826943 -0.00862873 -0.00706439
internal_weight=12180 10274 6859 3415 2087 4274 2585 1328 1906 1241 757 484 665 325
internal_count=12180 10274 6859 3415 2087 4274 2585 1328 1906 1241 757 484 665 325
is_linear=0
shrinkage=0.025


Tree=26
num_leaves=15
num_cat=0
split_feature=38 31 34 52 35 36 35 38 10 3 51 36 50 16
split_gain=51.0983 27.1333 21.8661 21.1934 19.2656 17.3477 16.7573 15.7303 13.2665 9.82179 9.22607 8.39818 6.63629 4.09559
threshold=-0.031374821439385407 0.44733196496963507 0.15068224072456363 1.2149999737739565 0.28499828279018408 0.17232670634984973 0.061907488852739341 -0.19805517047643659 0.023944367654621605 -0.051807297393679612 0.55500000715255748 0.35980202257633215 -0.38500000536441797 0.021098525263369087
decision_type=2 2 2 8 2 2 2 2 2 2 8 2 8 2
left_child=1 3 5 13 11 10 -7 -3 -9 -5 -2 -4 -6 -1
right_child=2 7 4 9 12 6 -8 8 -10 -11 -12 -13 -14 -15
leaf_value=-0.0042185752777579456 -0.0030445539187893356 0.005430730742266506 0.00024077443460373966 -0.00095828105622949508 -0.0044038491498952252 0.0055406433860889868 -0.0032334266899014248 0.001950488210909053 -0.00016538949095986079 0.0014596581245766155 0.0011404226921026244 0.0047904200715091277 -0.00095440824155921882 -0.0016214290530845281
leaf_weight=310 179 319 264 1001 132 156 2703 3380 1422 806 412 342 506 149
leaf_count=310 179 319 264 1001 132 156 2703 3380 1422 806 412 342 506 149
internal_value=-0.000141176 0.00115412 -0.00217999 -0.0011201 0.000655524 -0.00320369 -0.00400882 0.00216177 0.00179816 0.000100028 0.000681628 0.00383592 -0.00236198 -0.00588631
internal_weight=12081 7387 4694 2266 1244 3450 2859 5121 4802 1807 591 606 638 459
internal_count=12081 7387 4694 2266 1244 3450 2859 5121 4802 1807 591 606 638 459
is_linear=0
shrinkage=0.025


Tree=27
num_leaves=15
num_cat=0
split_feature=49 49 38 9 4 34 43 34 40 11 53 43 4 13
split_gain=140.388 49.4559 39.1531 24.2173 19.911 19.0689 17.0164 12.0372 3.45637 6.5194 3.95544 3.71056 3.3558 3.08318
threshold=45.494998931884773 12.944999694824221 -0.018041912466287609 0.027976934798061851 0.77107450366020214 0.15068224072456363 -0.14797023683786389 0.090678893029689803 1.0142174363136294 0.017164542339742187 0.85306793451309215 -0.058657741174101823 0.010026098694652321 -0.10452827811241149
decision_type=10 10 2 2 2 2 2 2 2 2 10 2 2 2
left_child=1 2 6 7 -5 -4 -1 -3 10 13 11 -2 -11 -10
right_child=8 3 5 4 -6 -7 -8 -9 9 12 -12 -13 -14 -15
leaf_value=-0.00098663185797159131 -0.0038621766274805399 0.00613927005351525 -0.0026160719820878249 0.0021064436604487928 -0.0025890634304678779 0.00086082459322343397 0.0016141398188982805 0.0019127093175635109 0.00021548909953585452 -0.0057899700987627256 -0.0045809967257620793 -0.0021911733580649208 -0.0039800480952545255 -0.0030628954302305781
leaf_weight=1217 160 800 1987 1856 371 560 3116 454 123 180 723 252 195 165
leaf_count=1217 160 800 1987 1856 371 560 3116 454 123 180 723 252 195 165
internal_value=-0.000129994 0.000989413 -0.000238744 0.00341545 0.00183972 -0.00269641 0.00120591 0.00619043 -0.00656891 -0.00502433 -0.00743969 -0.00532074 -0.0071875 -0.00211177
internal_weight=12159 10361 6880 3481 2227 2547 4333 1254 1798 663 1135 412 375 288
internal_count=12159 10361 6880 3481 2227 2547 4333 1254 1798 663 1135 412 375 288
is_linear=0
shrinkage=0.025


Tree=28
num_leaves=15
num_cat=0
split_feature=49 35 49 53 36 36 37 20 36 45 13 46 48 29
split_gain=136.57 50.1221 67.8895 37.1526 25.1963 17.5494 12.3106 10.361 4.85679 8.15143 5.19868 2.44918 3.10266 1.49129
threshold=44.45000076293946 0.2261333912611008 30.645000457763675 0.82586529850959789 0.14836582541465762 0.31187412142753607 0.019737946800887588 0.3278519213199616 0.22615427523851397 0.38114453852176672 -0.085863664746284471 0.63811445236206066 0.57171678543090831 0.049524191766977317
decision_type=10 2 8 8 2 2 2 2 2 2 2 2 2 2
left_child=1 2 6 7 -4 -5 -1 -3 9 13 -11 12 -10 -2
right_child=8 3 4 5 -6 -7 -8 -9 11 10 -12 -13 -14 -15
leaf_value=0.0075464419610342592 -0.0039794042909644502 0.0059745980312559338 0.001819431896534808 0.00048270331139653217 -0.00034320486196699269 -0.0025137029337763267 0.0031222633281313278 0.0024449834791742762 -0.0051799917427490577 -0.0030336207283707542 -0.00097825864790770239 -0.0053598416457070822 -0.0024241671867350208 -0.0047472625591224067
leaf_weight=802 319 208 2206 714 3190 2263 615 309 209 517 312 219 140 159
leaf_count=802 319 208 2206 714 3190 2263 615 309 209 517 312 219 140 159
internal_value=-9.59014e-05 0.00103338 0.00228164 -0.00139861 0.000998658 -0.00247527 0.00714223 0.00475335 -0.00629322 -0.00539729 -0.00384442 -0.0082788 -0.00672669 -0.00800983
internal_weight=12182 10307 6813 3494 5396 2977 1417 517 1875 1307 829 568 349 478
internal_count=12182 10307 6813 3494 5396 2977 1417 517 1875 1307 829 568 349 478
is_linear=0
shrinkage=0.025


Tree=29
num_leaves=15
num_cat=0
split_feature=49 49 36 35 9 46 49 39 36 43 40 30 29 41
split_gain=132.143 49.0772 58.0443 34.2581 25.3825 20.0114 16.2205 7.45518 5.37597 7.66859 3.04759 2.91215 1.63281 0.305509
threshold=45.494998931884773 12.944999694824221 0.14181652665138247 0.32914303243160253 0.022907482460141185 0.22909024357795718 32.11000061035157 0.94011011719703685 0.22615427523851397 -0.058657741174101823 1.0050364732742312 0.41520045697689062 0.050379192456603057 0.5613754689693452
decision_type=10 10 2 2 2 2 10 2 2 2 2 2 2 2
left_child=1 2 5 6 -4 -1 -3 -5 9 12 13 -11 -2 -10
right_child=8 3 4 7 -6 -7 -8 -9 10 11 -12 -13 -14 -15
leaf_value=-0.0007426842342871374 -0.0038880582227763128 0.0047129630310247077 -0.0028436658309151557 0.0010012572398074363 -0.00062139575185920441 0.0025703433902912135 0.001141452615326996 -0.0021182576903461966 -0.0059007368087046876 -0.0028475021126587938 -0.0037821757212390021 -0.00027796705354341602 -0.004864041598217011 -0.0036545246547648709
leaf_weight=565 349 1868 1269 391 3098 1969 759 433 258 632 191 132 143 121
leaf_count=565 349 1868 1269 391 3098 1969 759 433 258 632 191 132 143 121
internal_value=-0.000167754 0.000926306 -0.000290508 0.00335829 -0.00203711 0.00271514 0.00475161 -0.00107811 -0.00635923 -0.00538759 -0.00842391 -0.003763 -0.00783451 -0.0097819
internal_weight=12178 10352 6901 3451 4367 2534 2627 824 1826 1256 570 764 492 379
internal_count=12178 10352 6901 3451 4367 2534 2627 824 1826 1256 570 764 492 379
is_linear=0
shrinkage=0.025


Tree=30
num_leaves=15
num_cat=0
split_feature=49 35 49 36 49 36 37 49 36 4 31 40 26 31
split_gain=118.458 48.9802 64.0761 28.52 26.6082 20.8781 11.4012 9.51341 4.48432 7.10598 3.78634 3.1856 1.78555 0.552738
threshold=45.494998931884773 0.2261333912611008 30.645000457763675 0.31187412142753607 13.34500026702881 0.14836582541465762 0.019737946800887588 16.17499923706055 0.22615427523851397 0.010026098694652321 0.72788897156715404 1.0050364732742312 0.022881240583956245 1.1792882084846499
decision_type=10 2 8 2 10 2 2 8 2 2 2 2 2 2
left_child=1 2 6 7 -5 -4 -1 -3 9 12 -11 13 -2 -10
right_child=8 3 5 4 -6 -7 -8 -9 11 10 -12 -13 -14 -15
leaf_value=0.0071923253649128814 -0.0031986015704250498 0.0071042274952325714 0.0017212029061792887 -0.0035223456086361307 -4.9412899249580426e-05 -0.00028257468841666884 0.0030166827253911878 0.00048702163896774051 -0.0048376030528029176 -0.000423776727867811 -0.0029189208752354433 -0.0036876213282080275 -0.0047650920913774285 -0.0049153167816382223
leaf_weight=805 325 186 2224 1443 1235 3227 584 659 170 202 480 189 199 226
leaf_count=805 325 186 2224 1443 1235 3227 584 659 170 202 480 189 199 226
internal_value=-0.000116683 0.00090965 0.00214299 -0.00148278 -0.00274646 0.000917568 0.00692701 0.00250735 -0.00604468 -0.00511457 -0.00337518 -0.00789195 -0.00731333 -0.00921135
internal_weight=12154 10363 6840 3523 2678 5451 1389 845 1791 1206 682 585 524 396
internal_count=12154 10363 6840 3523 2678 5451 1389 845 1791 1206 682 585 524 396
is_linear=0
shrinkage=0.025


Tree=31
num_leaves=15
num_cat=0
split_feature=49 49 36 35 9 31 9 43 36 9 46 3 29 40
split_gain=116.769 47.5177 51.1111 37.1143 23.5027 23.2729 20.4622 6.24734 8.71165 5.22224 3.95624 3.74615 2.18561 2.99377
threshold=44.45000076293946 12.944999694824221 0.14181652665138247 0.32914303243160253 0.022673140279948715 0.44140473008155828 0.027976934798061851 -0.077150858938693986 0.21746765077114108 0.034296343103051193 0.62931033968925487 0.099170666188001647 0.050379192456603057 1.0493890643119814
decision_type=10 10 2 2 2 2 2 2 2 2 2 2 2 2
left_child=1 2 5 6 -4 -1 -3 12 11 -5 -10 -9 13 -2
right_child=7 3 4 9 -6 -7 -8 8 10 -11 -12 -13 -14 -15
leaf_value=-7.2289108798444251e-05 -0.0040229858747266901 0.005435633509188461 -0.0026371032899753515 1.0783155685534229e-05 -0.00062936577794655006 0.0029922858855509077 0.002239319220485468 -0.0024267905612941022 -0.0033925475364920384 -0.0032984504966336019 -0.0048141416171925775 -0.0012035816525152211 -0.0046541527625473212 -0.0036884436126612833
leaf_weight=1132 295 983 1234 569 3091 1435 1581 459 179 255 215 368 219 165
leaf_count=1132 295 983 1234 569 3091 1435 1581 459 179 255 215 368 219 165
internal_value=-0.000190295 0.000862299 -0.000328947 0.00328434 -0.00198759 0.00246161 0.00476596 -0.00587598 -0.00475632 -0.00131936 -0.00781642 -0.0032527 -0.00783077 -0.00665323
internal_weight=12180 10280 6892 3388 4325 2567 2564 1900 1221 824 394 827 679 460
internal_count=12180 10280 6892 3388 4325 2567 2564 1900 1221 824 394 827 679 460
is_linear=0
shrinkage=0.025


Tree=32
num_leaves=13
num_cat=0
split_feature=49 49 36 36 37 34 31 9 9 36 3 41
split_gain=116.504 46.6127 52.3906 36.1751 25.58 21.0773 19.1777 13.6138 4.58404 4.10469 7.13009 1.83451
threshold=44.45000076293946 12.944999694824221 0.14181652665138247 0.45671127736568456 0.027412694878876213 0.090678893029689803 0.44140473008155828 0.024715169332921508 0.033377785235643394 0.22269619256258014 0.099170666188001647 0.60096538066864025
decision_type=10 10 2 2 2 2 2 2 2 2 2 2
left_child=1 2 6 5 -4 -3 -1 -5 9 10 -2 -11
right_child=8 3 4 7 -6 -7 -8 -9 -10 11 -12 -13
leaf_value=3.7947403758885335e-05 -0.0030347975124569754 0.0051109065862299623 -0.0019038899855734601 0.0042486823970623632 0.0030788671607426322 0.0012162791513828264 0.0030684891894782436 -0.00052724468699257292 -0.008571226502531613 -0.0051383715574222543 -0.0015507694384581151 -0.0029151890287690842
leaf_weight=1147 826 1474 3911 171 428 595 1403 1178 129 346 401 181
leaf_count=1147 826 1474 3911 171 428 595 1403 1178 129 346 401 181
internal_value=-0.000159389 0.000885497 -0.000298267 0.00327016 -0.00196967 0.00534294 0.00254159 7.84712e-05 -0.00586931 -0.00549673 -0.00465199 -0.00738957
internal_weight=12190 10307 6889 3418 4339 2069 2550 1349 1883 1754 1227 527
internal_count=12190 10307 6889 3418 4339 2069 2550 1349 1883 1754 1227 527
is_linear=0
shrinkage=0.025


Tree=33
num_leaves=15
num_cat=0
split_feature=49 35 49 53 43 36 36 53 43 36 41 26 11 40
split_gain=107.547 43.4705 61.9742 35.5385 23.0548 19.1432 9.54438 8.33216 4.15405 6.25615 2.9232 2.81443 2.27773 5.26051
threshold=45.494998931884773 0.2261333912611008 30.645000457763675 0.82586529850959789 -0.18063583225011823 0.31187412142753607 0.40338355302810674 0.98580384254455578 -0.079295225441455827 0.22269619256258014 0.55382531881332409 0.028100427240133289 0.01742818579077721 1.0118988752365115
decision_type=10 2 8 8 2 2 2 10 2 2 2 2 2 2
left_child=1 2 7 6 -4 -5 -3 -1 12 11 -11 -10 13 -2
right_child=8 3 4 5 -6 -7 -8 -9 9 10 -12 -13 -14 -15
leaf_value=0.0075618738718490194 -0.0039508365042731936 0.0082207570423505922 -0.0013988872851911542 0.00064459679486243292 0.0012795484380914769 -0.0024525191596925554 0.0020569911440367207 0.0034982941181954277 -0.0017418349600868801 -0.005735701063833862 -0.0012812931605406233 -0.0048415420748453971 -0.0045766993867715853 -0.0004464988433860475
leaf_weight=513 201 155 1276 695 4136 2306 400 905 678 253 127 121 316 124
leaf_count=513 201 155 1276 695 4136 2306 400 905 678 253 127 121 316 124
internal_value=-0.000138707 0.000843879 0.00201079 -0.00139532 0.000788028 -0.00247214 0.00438616 0.00665408 -0.0057363 -0.00479835 -0.0074513 -0.00349036 -0.00740132 -0.00570076
internal_weight=12206 10386 6830 3556 5412 3001 555 1418 1820 1179 380 799 641 325
internal_count=12206 10386 6830 3556 5412 3001 555 1418 1820 1179 380 799 641 325
is_linear=0
shrinkage=0.025


Tree=34
num_leaves=15
num_cat=0
split_feature=49 49 36 36 37 34 46 11 36 43 38 40 29 40
split_gain=111.694 44.5557 44.5236 35.6887 22.0522 20.9241 20.3361 8.66818 4.2501 6.74236 3.15068 2.92007 2.28844 1.23524
threshold=43.470001220703132 12.944999694824221 0.14836582541465762 0.4737622737884522 0.027412694878876213 0.11777160316705705 0.40040352940559393 0.020267011597752575 0.18464598804712298 -0.058657741174101823 -0.10300460830330847 1.0026715993881228 0.050379192456603057 0.90654242038726818
decision_type=10 10 2 2 2 2 2 2 2 2 2 2 2 2
left_child=1 2 6 5 -4 -3 -1 -5 9 12 -11 13 -2 -10
right_child=8 3 4 7 -6 -7 -8 -9 11 10 -12 -13 -14 -15
leaf_value=-0.00015831696959509869 -0.0033184277584815802 0.0046959971100876581 -0.0018053486336594479 0.0010350490738969098 0.0028551527861154324 0.0010375257376462972 0.0027290995688225 -0.0016079346894004303 -0.0035941395392170583 -0.002645075246833278 -0.00072057146192920987 -0.0030468382241047873 -0.0041081836240542012 -0.0051913317407526749
leaf_weight=1001 347 1565 3886 727 437 584 1540 469 219 485 280 225 135 218
leaf_count=1001 347 1565 3886 727 437 584 1540 469 219 485 280 225 135 218
internal_value=-0.000168585 0.000869517 -0.000282974 0.00323321 -0.00182677 0.0051561 0.00233945 -0.000223772 -0.00571121 -0.00479732 -0.00328734 -0.00737444 -0.00712269 -0.00861143
internal_weight=12118 10209 6864 3345 4323 2149 2541 1196 1909 1247 765 662 482 437
internal_count=12118 10209 6864 3345 4323 2149 2541 1196 1909 1247 765 662 482 437
is_linear=0
shrinkage=0.025


Tree=35
num_leaves=15
num_cat=0
split_feature=49 35 49 53 43 36 9 36 41 43 44 36 13 11
split_gain=104.741 43.1393 55.5147 33.4454 23.0198 16.5938 9.95153 8.63519 3.84598 4.42482 3.59462 2.46162 5.63898 1.99009
threshold=45.494998931884773 0.22814141213893893 30.645000457763675 0.82586529850959789 -0.14578468352556226 0.31187412142753607 0.029529703781008724 0.40338355302810674 0.55119562149047863 -0.08176815882325171 0.016815121285617355 0.18058352917432788 -0.19497188180685041 0.017164542339742187
decision_type=10 2 8 8 2 2 2 2 2 2 2 2 2 2
left_child=1 2 6 7 -4 -5 -1 -3 11 13 -11 12 -2 -10
right_child=8 3 4 5 -6 -7 -8 -9 9 10 -12 -13 -14 -15
leaf_value=0.0073918024604691622 -0.0041903324797279333 0.0077496966388067622 -0.0011820077586421859 0.00036921900457485975 0.0013379360079574876 -0.0023033369576777409 0.0033753318055424531 0.0022003680325731498 -0.00289858341586454 -0.0028796776267014106 -0.00079749566776679505 -0.0051649432812456769 -0.0014179648542352011 -0.0044898868905746915
leaf_weight=518 217 143 1572 698 3904 2259 917 390 262 223 384 363 198 184
leaf_count=518 217 143 1572 698 3904 2259 917 390 262 223 384 363 198 184
internal_value=-0.000107767 0.000863084 0.00200712 -0.00140021 0.000856367 -0.00244134 0.00637587 0.00433318 -0.00561343 -0.0045664 -0.00311479 -0.00698436 -0.00549107 -0.00647173
internal_weight=12232 10401 6911 3490 5476 2957 1435 533 1831 1053 607 778 415 446
internal_count=12232 10401 6911 3490 5476 2957 1435 533 1831 1053 607 778 415 446
is_linear=0
shrinkage=0.025


Tree=36
num_leaves=15
num_cat=0
split_feature=38 31 34 37 26 44 31 54 40 35 36 41 36 16
split_gain=36.3383 26.6196 18.0469 27.2842 15.8539 14.9019 12.3979 11.9514 10.9107 10.2574 9.80895 6.71276 4.62466 3.19473
threshold=-0.031374821439385407 0.40648970007896429 0.1497905179858208 0.012492316775023939 0.015938553959131244 0.036913432180881507 2.0700380802154545 4.9047498703002939 0.85286277532577526 0.27576464414596563 0.11537181213498117 0.66007742285728466 0.14836582541465762 0.026896401308476928
decision_type=2 2 2 2 2 2 2 8 2 2 2 2 2 2
left_child=1 7 4 11 -2 9 -6 12 -9 -3 -7 -4 -1 -5
right_child=2 5 3 13 6 10 -8 8 -10 -11 -12 -13 -14 -15
leaf_value=-0.0032835773177832942 -0.0030298814076929678 0.0018145366639607651 0.0018330446307622643 -0.0008863366907020942 -0.00078601604507268447 0.0026220804581008773 -0.0036896908992820471 -0.0013054026534429009 0.0008765158010766175 -0.0010513986930248756 -0.0053333664116707149 0.0045489946881306009 -0.0001869365649357066 -0.0031415715475804486
leaf_weight=402 493 4508 478 271 2296 127 715 566 964 475 219 210 125 377
leaf_count=402 493 4508 478 271 2296 127 715 566 964 475 219 210 125 377
internal_value=-0.000173228 0.00092934 -0.0018563 0.000610552 -0.00279816 0.00186188 -0.00210751 -0.00148218 -0.000354235 0.00221156 -0.0031161 0.00406746 -0.004711 -0.00305322
internal_weight=12226 7386 4840 1336 3504 5329 3011 2057 1530 4983 346 688 527 648
internal_count=12226 7386 4840 1336 3504 5329 3011 2057 1530 4983 346 688 527 648
is_linear=0
shrinkage=0.025


Tree=37
num_leaves=15
num_cat=0
split_feature=38 31 34 53 38 44 52 53 52 41 12 44 12 21
split_gain=33.8423 23.0917 18.0999 18.284 16.8145 22.6236 13.9473 11.5951 14.2042 9.97956 4.61878 3.89054 3.35517 2.89564
threshold=-0.031374821439385407 0.40648970007896429 0.04649381339550019 0.97094872593879711 -0.18910132348537442 0.028346834704279903 7.9900000095367441 0.69493454694747936 0.86500000953674328 0.5455451011657716 -0.15018874406814572 0.022397082298994068 -0.064677406102418886 34.629064559936531
decision_type=2 2 2 8 2 2 8 8 8 2 2 2 2 2
left_child=1 6 3 -2 13 -6 10 11 -9 -8 -1 -4 -5 -3
right_child=2 4 7 12 5 -7 9 8 -10 -11 -12 -13 -14 -15
leaf_value=-0.0017953575059921258 0.0016291957244187424 0.0021275023997658761 0.0046802397296083452 -0.0048541454544315764 0.0014735280536223563 -0.0020302214153802207 -0.0021427664960702534 -0.0027384962424329747 -0.00036495005816020794 0.0004638439622808549 -0.0039104768646763379 0.00080660768794531832 -0.0031791278683250285 0.0051734137438169195
leaf_weight=331 194 158 132 336 3918 944 274 968 2765 1264 192 121 298 322
leaf_count=331 194 158 132 336 3918 944 274 968 2765 1264 192 121 298 322
internal_value=-0.000198924 0.0008614 -0.00183 -0.00518457 0.00172877 0.00128287 -0.0013825 -0.00112597 -0.00147974 -0.000174174 -0.00488873 0.00399709 -0.00722809 0.00617268
internal_weight=12217 7403 4814 828 5342 4862 2061 3986 3733 1538 523 253 634 480
internal_count=12217 7403 4814 828 5342 4862 2061 3986 3733 1538 523 253 634 480
is_linear=0
shrinkage=0.025


Tree=38
num_leaves=14
num_cat=0
split_feature=49 35 49 53 36 36 36 53 41 11 30 29 36
split_gain=99.585 41.0127 54.6183 30.4146 18.2439 16.6727 9.0561 8.41756 4.14338 3.52048 6.50719 2.82895 2.23498
threshold=45.875000000000007 0.22814141213893893 30.645000457763675 0.82586529850959789 0.13344091922044757 0.31187412142753607 0.40338355302810674 0.97906175255775463 0.55119562149047863 0.012441323138773443 0.49410074949264532 0.055346591398119933 0.21746765077114108
decision_type=10 2 8 8 2 2 2 10 2 2 2 2 2
left_child=1 2 7 6 -4 -5 -3 -1 11 -10 -11 12 -2
right_child=8 3 4 5 -6 -7 -8 -9 9 10 -12 -13 -14
leaf_value=0.0074400364019217187 -0.0023389704417379822 0.0076218941546298893 0.0015627427221980427 0.00040078156481793207 -0.00028171671361239546 -0.0023900947176430463 0.0017729194350937284 0.0031199941798069684 -0.0036074401578046638 -0.0026447109599732083 0.00058676767107920585 -0.0045978334343854252 -0.0041567227563730491
leaf_weight=478 258 147 2188 705 3348 2256 368 940 125 773 122 305 194
leaf_count=478 258 147 2188 705 3348 2256 368 940 125 773 122 305 194
internal_value=-0.000194993 0.000737302 0.00184563 -0.00147766 0.000720763 -0.00245491 0.00409856 0.00621486 -0.00565727 -0.00455488 -0.00395139 -0.00709482 -0.0056756
internal_weight=12207 10430 6954 3476 5536 2961 515 1418 1777 1020 895 757 452
internal_count=12207 10430 6954 3476 5536 2961 515 1418 1777 1020 895 757 452
is_linear=0
shrinkage=0.025


Tree=39
num_leaves=14
num_cat=0
split_feature=31 45 52 53 51 44 45 35 40 53 37 9 36
split_gain=19.6061 23.3076 17.2643 15.057 14.8438 14.6219 10.3061 8.79271 7.28182 5.86487 4.0878 3.85118 1.97347
threshold=2.1152205467224126 0.63811445236206066 0.39499999582767492 0.38071574270725256 0.56499999761581432 0.030696470290422443 0.88646370172500621 0.076806981116533293 0.69971960783004772 1.0303152203559878 0.01818023901432753 0.02577438019216061 0.36553163826465612
decision_type=2 2 8 8 10 2 2 2 2 10 2 2 2
left_child=1 3 11 -1 -5 6 7 -2 -4 -8 12 -3 -7
right_child=5 2 8 4 -6 10 9 -9 -10 -11 -12 -13 -14
leaf_value=-0.003600933791700651 0.0019831055968217645 -0.0020319833171945612 -0.001287701776151002 -0.00048595784045856464 0.0015930376763626951 -0.0050146830517404824 0.0044356892869696126 -0.0024653942060019213 0.0024883289001409944 -0.0013601930392424745 -0.0024361783359167959 -0.00039867273353748345 -0.0075625144755748193
leaf_weight=159 135 174 231 5795 1271 198 250 608 2417 147 200 311 224
leaf_count=159 135 174 231 5795 1271 198 250 608 2417 147 200 311 224
internal_value=-0.000108763 0.000305775 0.00210524 -0.000474585 -0.000299639 -0.00254315 -0.00084607 -0.00258189 0.00290002 0.00237873 -0.00561204 -0.00220663 -0.00701112
internal_weight=12120 10358 3133 7225 7066 1762 1140 743 2648 397 622 485 422
internal_count=12120 10358 3133 7225 7066 1762 1140 743 2648 397 622 485 422
is_linear=0
shrinkage=0.025


Tree=40
num_leaves=15
num_cat=0
split_feature=49 49 36 35 9 9 46 9 11 30 11 47 45 30
split_gain=89.0203 41.4948 39.6579 26.4346 24.5329 17.4273 17.1059 6.35389 4.55754 5.23773 4.95021 4.63269 4.07949 4.04069
threshold=44.45000076293946 12.944999694824221 0.14836582541465762 0.32914303243160253 0.022907482460141185 0.027976934798061851 0.3706896454095841 0.033377785235643394 0.01726838015019894 -0.27669061720371241 0.011634320951998236 0.71515038609504711 0.54310345649719249 0.56671157479286205
decision_type=10 10 2 2 2 2 2 2 2 2 2 2 2 2
left_child=1 2 6 5 -4 -3 -1 -5 10 11 -2 -10 -11 -12
right_child=8 3 4 7 -6 -7 -8 -9 9 12 13 -13 -14 -15
leaf_value=-0.00018523746751658994 -0.0040556765270015954 0.0046783245013727213 -0.0024759534960169627 0.00055524283460008203 -0.00054456983910958461 0.0019377252680936486 0.0024121278927825202 -0.0024214888349773723 -0.003608914159930829 -0.0047475251974669827 -0.0019680548633133951 -5.6037906630425356e-06 -0.002956638193045777 0.0001420441274696524
leaf_weight=947 125 1001 1280 526 3066 1595 1631 302 142 298 831 122 222 147
leaf_count=947 125 1001 1280 526 3066 1595 1631 302 142 298 831 122 222 147
internal_value=-0.000143484 0.00076729 -0.000345468 0.00301655 -0.00180275 0.00425557 0.00210753 -0.000862845 -0.00513015 -0.00661439 -0.00404445 -0.0036013 -0.00808333 -0.00340158
internal_weight=12235 10348 6924 3424 4346 2596 2578 828 1887 784 1103 264 520 978
internal_count=12235 10348 6924 3424 4346 2596 2578 828 1887 784 1103 264 520 978
is_linear=0
shrinkage=0.025


Tree=41
num_leaves=13
num_cat=0
split_feature=49 49 36 36 9 40 20 37 9 43 36 40
split_gain=90.1312 32.2086 38.7668 34.3535 24.6383 16.4468 11.3226 9.45793 4.31637 5.38856 5.03995 2.92153
threshold=44.45000076293946 12.944999694824221 0.1578561216592789 0.43326415121555334 0.022673140279948715 0.58924755454063427 0.65385830402374279 0.015450918581336738 0.033377785235643394 -0.08176815882325171 0.208578035235405 1.0929286479949953
decision_type=10 10 2 2 2 2 2 2 2 2 2 2
left_child=1 2 5 7 -4 -1 -5 -3 9 11 -11 -2
right_child=8 3 4 6 -6 -7 -8 -9 -10 10 -12 -13
leaf_value=-0.0033586355829438516 -0.0035371870210204673 0.0054941871563451393 -0.0024561251662145824 0.00080222035372787899 -0.00037477318619716615 0.0016724568185025809 -0.002808464662834641 0.0022814952854479098 -0.0076520045052769457 -0.0014491881360396788 -0.0029314113107998811 -0.0030136235921179705
leaf_weight=162 418 809 1218 1135 3110 2387 322 1173 135 769 367 203
leaf_count=162 418 809 1218 1135 3110 2387 322 1173 135 769 367 203
internal_value=-0.000140731 0.000779358 -0.00020797 0.00275298 -0.00164868 0.00223424 -0.000158174 0.00489117 -0.00514958 -0.00478505 -0.00371933 -0.00667931
internal_weight=12208 10316 6877 3439 4328 2549 1457 1982 1892 1757 1136 621
internal_count=12208 10316 6877 3439 4328 2549 1457 1982 1892 1757 1136 621
is_linear=0
shrinkage=0.025


Tree=42
num_leaves=13
num_cat=0
split_feature=49 35 49 53 43 36 37 20 9 43 36 41
split_gain=84.0483 34.3423 48.0124 29.011 18.8017 15.087 11.0228 7.6775 4.34879 4.90019 4.17956 2.77338
threshold=45.494998931884773 0.2261333912611008 30.645000457763675 0.82586529850959789 -0.25445732474327082 0.31187412142753607 0.019737946800887588 0.29316626489162451 0.033377785235643394 -0.079295225441455827 0.208578035235405 0.60684487223625194
decision_type=10 2 8 8 2 2 2 2 2 2 2 2
left_child=1 2 6 7 -4 -5 -1 -3 9 11 -11 -2
right_child=8 3 4 5 -6 -7 -8 -9 -10 10 -12 -13
leaf_value=0.0060907145493493443 -0.0041313035241199491 0.0053900963865456432 -0.0016982143738394401 0.00054379789382817754 0.0010466409217176592 -0.0021501705395148424 0.0021209931365895733 0.001950229500328614 -0.0074591467557379651 -0.0015229307064539511 -0.0029619756081429357 -0.0027468779997442761
leaf_weight=825 210 200 875 704 4554 2268 611 342 133 713 355 390
leaf_count=825 210 200 875 704 4554 2268 611 342 133 713 355 390
internal_value=-9.18137e-05 0.000773425 0.00180222 -0.00123437 0.000723454 -0.0022065 0.00585965 0.00405622 -0.00506991 -0.00468843 -0.00362884 -0.0065186
internal_weight=12180 10379 6865 3514 5429 2972 1436 542 1801 1668 1068 600
internal_count=12180 10379 6865 3514 5429 2972 1436 542 1801 1668 1068 600
is_linear=0
shrinkage=0.025


Tree=43
num_leaves=13
num_cat=0
split_feature=49 49 36 36 44 48 34 9 9 43 40 40
split_gain=81.9028 33.7327 32.0086 27.9053 21.5068 18.6569 18.4773 12.1347 3.96591 4.89447 4.31149 4.06687
threshold=44.45000076293946 12.944999694824221 0.12040322646498682 0.4737622737884522 0.035122621804475791 0.19057226926088336 0.11046580225229265 0.025063592009246353 0.033377785235643394 -0.079295225441455827 1.0847449302673342 1.0181013941764834
decision_type=10 10 2 2 2 2 2 2 2 2 2 2
left_child=1 2 5 6 -4 -1 -3 -5 9 10 -2 -11
right_child=8 3 4 7 -6 -7 -8 -9 -10 11 -12 -13
leaf_value=-0.0011850410363230203 -0.0033841175669934477 0.0041117237297800631 -0.00075776526732947852 0.0034970699548712786 -0.0057401328383806403 0.0020069097220012642 0.00072924413251639628 -0.00092510354952590962 -0.0071177045065777093 -0.0022309684741738819 -0.0030030208468304568 -0.0005864588929399739
leaf_weight=439 409 1530 4399 164 289 1742 681 1034 130 798 223 328
leaf_count=439 409 1530 4399 164 289 1742 681 1034 130 798 223 328
internal_value=-0.000169974 0.000709302 -0.000299134 0.00274055 -0.00146362 0.00219865 0.00440264 -0.000327307 -0.00494915 -0.00460508 -0.00638736 -0.00357538
internal_weight=12166 10278 6869 3409 4688 2181 2211 1198 1888 1758 632 1126
internal_count=12166 10278 6869 3409 4688 2181 2211 1198 1888 1758 632 1126
is_linear=0
shrinkage=0.025


Tree=44
num_leaves=14
num_cat=0
split_feature=49 35 49 36 50 43 37 49 43 49 31 29 40
split_gain=81.3721 33.9489 43.0393 22.5987 22.5001 18.9345 8.69071 7.68091 4.51605 5.62382 5.61606 3.01047 3.22568
threshold=43.470001220703132 0.22814141213893893 30.645000457763675 0.31187412142753607 -0.88999998569488514 -0.12863551080226895 0.017730766907334331 16.17499923706055 -0.079295225441455827 46.930000305175788 0.72788897156715404 0.050379192456603057 1.0929286479949953
decision_type=10 2 8 2 10 2 2 8 2 10 2 2 2
left_child=1 2 6 7 -5 -4 -1 -3 11 -10 -11 12 -2
right_child=8 3 5 4 -6 -7 -8 -9 9 10 -12 -13 -14
leaf_value=0.0059617566054586566 -0.002925747137329951 0.0061269412399166702 -0.00091754767673532392 -0.0033384639063531469 -0.00033195657928283693 0.0013814920266313044 0.0021532019715840623 0.00061569506201043312 -8.8288368703614087e-05 -0.0017798392339524668 -0.0027705667968764736 -0.0037614577397732359 -0.0024239689620412573
leaf_weight=810 314 181 1698 1106 1539 3694 603 643 210 359 680 219 140
leaf_count=810 314 181 1698 1106 1539 3694 603 643 210 359 680 219 140
internal_value=-6.91542e-05 0.00081416 0.00184012 -0.00119639 -0.00232311 0.000818742 0.00571668 0.00240501 -0.00478399 -0.00385267 -0.00460369 -0.00646202 -0.00516068
internal_weight=12196 10274 6805 3469 2645 5392 1413 824 1922 1249 1039 673 454
internal_count=12196 10274 6805 3469 2645 5392 1413 824 1922 1249 1039 673 454
is_linear=0
shrinkage=0.025


Tree=45
num_leaves=14
num_cat=0
split_feature=49 49 38 45 53 20 25 16 43 49 39 40 40
split_gain=75.6241 34.3088 23.4602 17.0622 16.8435 11.8542 11.2489 7.67015 5.13859 5.71363 7.52075 2.10177 2.6456
threshold=43.470001220703132 12.944999694824221 -0.016919279471039769 0.48606015741825109 0.76023399829864513 0.67515093088150036 1.0000000180025095e-35 0.027699288912117485 -0.079295225441455827 46.930000305175788 0.75345259904861461 1.0929286479949953 0.89999002218246471
decision_type=10 10 2 2 10 2 2 2 2 10 2 2 2
left_child=1 2 6 -4 7 -6 -1 -3 11 -10 -11 12 -2
right_child=8 4 3 -5 5 -7 -8 -9 9 10 -12 -13 -14
leaf_value=-0.00043891319161271509 -0.0018914451359667195 0.0072298413232675818 -0.0024500470587373816 -9.5734635507379809e-05 0.0016555212821354548 -0.0021334352586013586 0.0013143371030499632 0.0024733216089147 -2.0313841706995003e-05 -0.0039342064745080734 -0.0016031484714400018 -0.0034110871621868622 -0.0036269495907210987
leaf_weight=2017 139 351 1233 1306 2414 312 2307 302 214 288 754 230 296
leaf_count=2017 139 351 1233 1306 2414 312 2307 302 214 288 754 230 296
internal_value=-0.000156661 0.000697155 -0.000317596 -0.00222337 0.00275746 0.00188347 0.000801282 0.00635448 -0.0047021 -0.00372224 -0.00448305 -0.00650187 -0.00757102
internal_weight=12163 10242 6863 2539 3379 2726 4324 653 1921 1256 1042 665 435
internal_count=12163 10242 6863 2539 3379 2726 4324 653 1921 1256 1042 665 435
is_linear=0
shrinkage=0.025


Tree=46
num_leaves=15
num_cat=0
split_feature=49 38 49 36 33 43 36 36 34 11 21 40 39 45
split_gain=69.8826 30.7681 28.7491 19.8841 19.4728 13.9433 13.1902 12.4313 5.93612 4.36946 3.82395 5.24658 3.42597 2.20856
threshold=46.930000305175788 -0.031374821439385407 30.645000457763675 0.60497850179672252 0.0011692410917021336 -0.14797023683786389 0.31783433258533483 0.72732818126678478 -0.017733709886670109 0.017219837754964832 65.929306030273452 0.99645674228668224 0.83273991942405712 0.52457812428474437
decision_type=10 2 8 2 2 2 2 2 2 2 2 2 2 2
left_child=1 2 3 -1 6 -4 -3 -6 9 12 -10 -12 -2 -11
right_child=8 4 5 -5 7 -7 -8 -9 10 13 11 -13 -14 -15
leaf_value=0.0038436774231061276 -0.0015940493853117176 -9.1834942547489726e-05 -0.00098533484907503406 -0.0014170963204287708 0.00027348348395847408 0.0010937837081972325 -0.0036115432742657508 -0.0040827427742241868 -0.0030747942895650651 -0.0034325405608620092 -0.0035000272844781044 9.8396256268178117e-05 0.00098634716137887862 -0.0011827817139796477
leaf_weight=1417 123 435 1350 190 2891 3419 692 203 726 164 193 127 121 167
leaf_count=1417 123 435 1350 190 2891 3419 692 203 726 164 193 127 121 167
internal_value=-0.000128344 0.000611323 0.00170722 0.00459445 -0.00104265 0.00072921 -0.00384828 -1.41175e-05 -0.00495464 -0.0028556 -0.00608349 -0.00367308 -0.000276104 -0.0047061
internal_weight=12218 10597 6376 1607 4221 4769 1127 3094 1621 575 1046 320 244 331
internal_count=12218 10597 6376 1607 4221 4769 1127 3094 1621 575 1046 320 244 331
is_linear=0
shrinkage=0.025


Tree=47
num_leaves=13
num_cat=0
split_feature=49 49 38 9 34 4 40 39 54 41 49 43
split_gain=72.0294 28.9091 26.1399 22.0266 19.1595 14.5725 12.9977 9.50564 5.81823 3.80243 5.76122 3.50202
threshold=43.470001220703132 12.944999694824221 -0.016919279471039769 0.027976934798061851 0.15068224072456363 0.77107450366020214 0.82863175868988048 1.0824162960052492 2.3574999570846562 0.58423668146133434 46.930000305175788 -0.044142281636595719
decision_type=10 10 2 2 2 2 2 2 10 2 10 2
left_child=1 2 6 7 -4 -5 -1 -3 9 10 -2 -11
right_child=8 3 4 5 -6 -7 -8 -9 -10 11 -12 -13
leaf_value=-0.00062705702184341627 -0.0011773434700763233 0.0028118846861103159 -0.0021552119878185099 0.0014490542938881334 0.0013908061568442273 -0.0024298809925261955 0.0013325038054412869 0.0058789606763336626 0.00021590324687374986 -0.0026056424019066573 -0.00337467984568368 -0.00081801705336271516
leaf_weight=1123 135 910 1950 1850 560 373 3210 259 131 484 760 448
leaf_count=1123 135 910 1950 1850 560 373 3210 259 131 484 760 448
internal_value=-4.15027e-05 0.00079895 -0.000135989 0.00268435 -0.00216451 0.00121465 0.00103879 0.00545677 -0.00442881 -0.00479326 -0.00597917 -0.00362193
internal_weight=12193 10235 6843 3392 2510 2223 4333 1169 1958 1827 895 932
internal_count=12193 10235 6843 3392 2510 2223 4333 1169 1958 1827 895 932
is_linear=0
shrinkage=0.025


Tree=48
num_leaves=15
num_cat=0
split_feature=49 49 36 36 37 40 49 29 41 46 36 45 4 17
split_gain=68.1616 26.6828 29.1595 21.8386 19.4804 17.3449 11.1054 7.14455 6.06384 3.48323 3.24041 3.78246 2.82261 1.93641
threshold=45.875000000000007 12.944999694824221 0.14836582541465762 0.4737622737884522 0.027412694878876213 0.61522042751312267 40.979999542236335 0.090657971799373641 0.60495927929878246 0.24834922701120379 0.2204668000340462 0.43892149627208715 -0.12175782397389411 0.60828694701194774
decision_type=10 10 2 2 2 2 10 2 2 2 2 2 2 2
left_child=1 2 5 6 -4 -1 -3 -5 10 -10 11 -2 -11 -12
right_child=8 3 4 7 -6 -7 -8 -9 9 12 13 -13 -14 -15
leaf_value=-0.0031692752558249216 -0.0033213312596423687 0.0033544446499860631 -0.0015353475414825084 0.0006078633285446903 0.002934596936595449 0.0014493406653278433 3.9510902831424102e-05 -0.0027772012524759949 -0.0035200208705451833 -0.0021214699064099076 -0.0036057661769473477 -0.0020177787805881393 -0.0004575862568857418 -0.0044170959297047891
leaf_weight=173 175 1918 3917 891 434 2403 398 342 173 148 152 396 485 257
leaf_count=173 175 1918 3917 891 434 2403 398 342 173 148 152 396 485 257
internal_value=-9.52759e-05 0.000674435 -0.000228109 0.00243564 -0.00147641 0.0018767 0.00386417 -0.000247375 -0.00460288 -0.0029516 -0.00593274 -0.00461155 -0.00204741 -0.00768418
internal_weight=12262 10476 6927 3549 4351 2576 2316 1233 1786 806 980 571 633 409
internal_count=12262 10476 6927 3549 4351 2576 2316 1233 1786 806 980 571 633 409
is_linear=0
shrinkage=0.025


Tree=49
num_leaves=15
num_cat=0
split_feature=49 35 49 53 43 36 53 36 43 44 36 41 40 30
split_gain=63.4891 29.6331 35.6452 25.2094 19.1376 11.1178 8.358 7.72727 4.1898 5.13354 3.40882 2.50187 2.72864 0.993641
threshold=44.45000076293946 0.23039570450782779 30.645000457763675 0.82586529850959789 -0.14578468352556226 0.31187412142753607 0.97906175255775463 0.40338355302810674 -0.08176815882325171 0.028654781170189384 0.24146805703639987 0.60684487223625194 1.0519180893898012 0.10069803893566133
decision_type=10 2 8 8 2 2 10 2 2 2 2 2 2 2
left_child=1 2 6 7 -4 -5 -1 -3 11 10 -10 13 -13 -2
right_child=8 3 4 5 -6 -7 -8 -9 9 -11 -12 12 -14 -15
leaf_value=0.0060350119607328057 -0.0027188082156526247 0.0066601123066077185 -0.001028984642959013 0.000407587368801763 0.0012446416659352936 -0.0020410869275511866 0.0024282313513232499 0.0015331942042937476 -0.001112574012056863 -0.0072157476201237455 -0.0019713294230661624 -0.0025660002898604999 -0.002370102426043397 -0.0051454380229678555
leaf_weight=483 120 151 1572 666 3895 2206 933 377 805 121 311 208 198 122
leaf_count=483 120 151 1572 666 3895 2206 933 377 805 121 311 208 198 122
internal_value=-2.41313e-05 0.000749052 0.00169225 -0.00115822 0.000773255 -0.00208333 0.0052208 0.00383443 -0.00423611 -0.00334642 -0.00278211 -0.00588629 -0.00454684 -0.00797065
internal_weight=12168 10283 6883 3400 5467 2872 1416 528 1885 1237 1116 648 406 242
internal_count=12168 10283 6883 3400 5467 2872 1416 528 1885 1237 1116 648 406 242
is_linear=0
shrinkage=0.025


Tree=50
num_leaves=15
num_cat=0
split_feature=38 31 33 44 31 48 9 35 53 34 26 35 27 31
split_gain=18.4786 16.3629 16.2148 15.4303 12.5166 11.2756 15.5425 11.0484 12.7996 9.95164 7.82861 6.59036 5.56163 3.69982
threshold=-0.031374821439385407 0.40648970007896429 0.0011692410917021336 0.028795352205634121 1.3263997435569765 0.20983126014471057 0.016803837381303314 0.12688088417053225 0.69493454694747936 0.04649381339550019 0.01642369665205479 0.029155881144106392 -0.018297704868018624 0.47539760172367101
decision_type=2 2 2 2 2 2 2 2 8 2 2 2 2 2
left_child=1 5 9 12 -5 11 -7 13 -9 -2 -11 -1 -3 -4
right_child=2 3 7 4 -6 6 -8 8 -10 10 -12 -13 -14 -15
leaf_value=-0.0024731185768257719 -0.0035167496006728383 -0.0022263224943594936 -0.00023637950669020368 0.0021519925288605822 -0.0028146385182017154 0.0021247798435460943 -0.00068928634462043928 0.0032118828365046734 -0.0010330012252164078 -0.0028574729227459615 -0.00071556531705773427 0.00071136462670869094 0.0014186309918796506 0.0041283857047280884
leaf_weight=357 357 121 124 366 654 257 1305 250 2798 180 778 125 4201 329
leaf_count=357 357 121 124 366 654 257 1305 250 2798 180 778 125 4201 329
internal_value=-1.792e-05 0.00076698 -0.00122252 0.001495 -0.0012622 -0.00113165 -9.17358e-05 -0.000329792 -0.00087414 -0.00358428 -0.00222612 -0.00445329 0.00214785 0.00328876
internal_weight=12202 7386 4816 5342 1020 2044 1562 3501 3048 1315 958 482 4322 453
internal_count=12202 7386 4816 5342 1020 2044 1562 3501 3048 1315 958 482 4322 453
is_linear=0
shrinkage=0.025


Tree=51
num_leaves=15
num_cat=0
split_feature=49 35 49 43 36 50 23 49 43 49 41 41 13 23
split_gain=64.8463 24.7686 33.6778 16.5537 15.8347 16.7357 8.1177 6.0133 3.70319 4.21346 6.35564 2.54831 2.31532 0.530349
threshold=43.470001220703132 0.23039570450782779 30.645000457763675 -0.23063848912715909 0.31187412142753607 -0.88999998569488514 0.28111225366592413 16.17499923706055 -0.079295225441455827 46.930000305175788 0.55382531881332409 0.60862213373184215 -0.2201251685619354 0.16745182126760486
decision_type=10 2 8 2 2 10 2 8 2 10 2 2 2 2
left_child=1 2 6 -4 7 -6 -1 -3 11 -10 -11 13 -13 -2
right_child=8 4 3 -5 5 -7 -8 -9 9 10 -12 12 -14 -15
leaf_value=0.0042295788700670882 -0.0038846094901629443 0.00516816441321577 -0.0015882350294866101 0.00096020240700074176 -0.0031679155362359687 -0.00024329137538494085 0.0010420671130917437 0.00048212719168404879 -9.8048900929825081e-05 -0.0029662409670433406 -0.0011006515274032721 -0.0018714146999064475 -0.003377894040450748 -0.0032083837787303562
leaf_weight=1064 141 162 992 4385 1092 1511 343 634 209 514 547 264 168 122
leaf_count=1064 141 162 992 4385 1092 1511 343 634 209 514 547 264 168 122
internal_value=-0.000114684 0.000687696 0.00156043 0.000656122 -0.00105207 -0.00199626 0.00499734 0.00202091 -0.00426713 -0.00342647 -0.00406309 -0.00575893 -0.00444794 -0.00776586
internal_weight=12148 10183 6784 5377 3399 2603 1407 796 1965 1270 1061 695 432 263
internal_count=12148 10183 6784 5377 3399 2603 1407 796 1965 1270 1061 695 432 263
is_linear=0
shrinkage=0.025


Tree=52
num_leaves=15
num_cat=0
split_feature=49 49 35 46 39 37 35 40 34 12 14 13 53 46
split_gain=64.5324 21.3233 29.7694 17.2546 20.5612 16.8226 11.954 9.52715 3.9444 3.52146 3.63475 3.26716 3.05307 2.47294
threshold=45.494998931884773 25.149999618530277 0.32199856638908392 0.40040352940559393 0.37920922040939337 0.017907002940773967 0.22814141213893893 1.1527037024497988 -0.0027715946780517693 -0.18804614990949628 0.78154808282852184 -0.077505014836788164 0.8944765329360963 0.57171678543090831
decision_type=10 8 2 2 2 2 2 2 2 2 2 2 10 2
left_child=1 2 5 6 -5 -1 -3 -4 9 -2 -11 13 -13 -10
right_child=8 3 7 4 -6 -7 -8 -9 11 10 -12 12 -14 -15
leaf_value=0.0046824666185245551 -0.0023849289409513664 -0.0003202608652352779 -0.0017205620521525964 -0.004322756332645031 0.00094454307333667403 0.0010165967037269583 -0.0023515704987451184 0.0017312317001097065 -0.0025152328482267693 0.00015701803194779034 -0.0029879689212716828 -0.0001122018036497233 -0.0031869601211012843 -0.0038050101555867975
leaf_weight=1150 262 2145 746 207 4432 744 740 224 432 284 153 142 315 228
leaf_count=1150 262 2145 746 207 4432 744 740 224 432 284 153 142 315 228
internal_value=-3.42985e-05 0.000725849 0.00255969 2.57338e-05 0.000970338 0.0043806 -0.00149005 -0.00099359 -0.00437603 -0.00284979 -0.00142817 -0.0053086 -0.00358496 -0.00645677
internal_weight=12204 10388 2864 7524 4639 1894 2885 970 1816 699 437 1117 457 660
internal_count=12204 10388 2864 7524 4639 1894 2885 970 1816 699 437 1117 457 660
is_linear=0
shrinkage=0.025


end of trees

feature_importances:
tpp_day1_weighted_average=115
universe58_loo_log_return_126=93
source_residual_momentum_126=41
universe58_loo_drawdown_252=36
tpp_day1_rate_change_volatility_20=36
universe58_loo_log_return_60=30
source_realized_volatility_60=29
universe58_loo_realized_volatility_20=24
source_beta_universe58_252=24
universe58_loo_log_return_20=23
source_distance_from_252_session_low=20
tpp_day1_rate_vs_ma20=18
source_idiosyncratic_volatility_60=17
source_log_return_126=15
source_correlation_universe58_60=15
cross_section_momentum_252_percentile=14
tpp_day1_rate_change_20_observed=12
cross_section_momentum_126_percentile=11
source_downside_volatility_60=10
source_close_ma200_ratio=10
source_max_daily_log_return_20=10
cross_section_return_dispersion=8
source_drawdown_from_252_session_peak=7
source_momentum_12_1=7
source_return_skewness_60=7
universe58_loo_log_return_1=7
source_beta_universe58_60=6
tpp_day1_rate_change_1_observed=6
source_parkinson_volatility_20=5
tpp_day1_rate_change_5_observed=5
source_log_return_60=4
cross_section_beta_60_percentile=4
source_drawdown_from_60_session_peak=3
source_log_return_252=2
source_rsi_14=2
source_bollinger_bandwidth_20=2
source_overnight_gap_1=2
cross_section_volatility_60_percentile=2
source_log_return_20=1
source_downside_volatility_20=1
cross_section_momentum_20_percentile=1
cross_section_positive_return_breadth=1
source_ma5_ma20_ratio=1
source_adx_14=1
source_directional_index_spread_14=1

parameters:
[boosting: gbdt]
[objective: quantile]
[metric: quantile]
[tree_learner: serial]
[device_type: cpu]
[data_sample_strategy: bagging]
[data: ]
[valid: ]
[num_iterations: 53]
[learning_rate: 0.025]
[num_leaves: 15]
[num_threads: 12]
[seed: 62009]
[deterministic: 1]
[force_col_wise: 1]
[force_row_wise: 0]
[histogram_pool_size: -1]
[max_depth: 4]
[min_data_in_leaf: 120]
[min_sum_hessian_in_leaf: 0.001]
[bagging_fraction: 0.85]
[pos_bagging_fraction: 1]
[neg_bagging_fraction: 1]
[bagging_freq: 1]
[bagging_seed: 62009]
[bagging_by_query: 0]
[feature_fraction: 0.75]
[feature_fraction_bynode: 1]
[feature_fraction_seed: 62009]
[extra_trees: 0]
[extra_seed: 5382]
[early_stopping_round: 0]
[early_stopping_min_delta: 0]
[first_metric_only: 0]
[max_delta_step: 0]
[lambda_l1: 0.25]
[lambda_l2: 5]
[linear_lambda: 0]
[min_gain_to_split: 0]
[drop_rate: 0.1]
[max_drop: 50]
[skip_drop: 0.5]
[xgboost_dart_mode: 0]
[uniform_drop: 0]
[drop_seed: 5638]
[top_rate: 0.2]
[other_rate: 0.1]
[min_data_per_group: 100]
[max_cat_threshold: 32]
[cat_l2: 10]
[cat_smooth: 10]
[max_cat_to_onehot: 4]
[top_k: 20]
[monotone_constraints: ]
[monotone_constraints_method: basic]
[monotone_penalty: 0]
[feature_contri: ]
[forcedsplits_filename: ]
[refit_decay_rate: 0.9]
[cegb_tradeoff: 1]
[cegb_penalty_split: 0]
[cegb_penalty_feature_lazy: ]
[cegb_penalty_feature_coupled: ]
[path_smooth: 0]
[interaction_constraints: ]
[verbosity: -1]
[saved_feature_importance_type: 0]
[use_quantized_grad: 0]
[num_grad_quant_bins: 4]
[quant_train_renew_leaf: 0]
[stochastic_rounding: 1]
[linear_tree: 0]
[max_bin: 255]
[max_bin_by_feature: ]
[min_data_in_bin: 3]
[bin_construct_sample_cnt: 200000]
[data_random_seed: 62009]
[is_enable_sparse: 1]
[enable_bundle: 1]
[use_missing: 1]
[zero_as_missing: 0]
[feature_pre_filter: 1]
[pre_partition: 0]
[two_round: 0]
[header: 0]
[label_column: ]
[weight_column: ]
[group_column: ]
[ignore_column: ]
[categorical_feature: ]
[forcedbins_filename: ]
[precise_float_parser: 0]
[parser_config_file: ]
[objective_seed: 6708]
[num_class: 1]
[is_unbalance: 0]
[scale_pos_weight: 1]
[sigmoid: 1]
[boost_from_average: 1]
[reg_sqrt: 0]
[alpha: 0.5]
[fair_c: 1]
[poisson_max_delta_step: 0.7]
[tweedie_variance_power: 1.5]
[lambdarank_truncation_level: 30]
[lambdarank_norm: 1]
[label_gain: ]
[lambdarank_position_bias_regularization: 0]
[eval_at: ]
[multi_error_top_k: 1]
[auc_mu_weights: ]
[num_machines: 1]
[local_listen_port: 12400]
[time_out: 120]
[machine_list_filename: ]
[machines: ]
[gpu_platform_id: -1]
[gpu_device_id: -1]
[gpu_use_dp: 0]
[num_gpu: 1]

end of parameters

pandas_categorical:[]
