tree
version=v4
num_class=1
num_tree_per_iteration=1
label_index=0
max_feature_idx=58
objective=quantile
feature_names=source_log_return_1 source_log_return_5 source_log_return_20 source_log_return_60 source_log_return_126 source_log_return_252 source_intraday_log_range source_close_to_open_log_return source_realized_volatility_20 source_realized_volatility_60 source_downside_volatility_20 source_downside_volatility_60 source_drawdown_from_60_session_peak source_drawdown_from_252_session_peak cross_section_momentum_20_percentile cross_section_positive_return_breadth cross_section_return_dispersion source_momentum_12_1 source_ma5_ma20_ratio source_close_ma50_ratio source_close_ma200_ratio source_rsi_14 source_bollinger_pct_b_20 source_bollinger_bandwidth_20 source_adx_14 source_directional_index_spread_14 source_parkinson_volatility_20 source_overnight_gap_1 source_positive_day_ratio_20 source_max_daily_log_return_20 source_return_skewness_60 source_distance_from_252_session_low source_volatility_ratio_20_60 universe58_loo_log_return_1 universe58_loo_log_return_20 universe58_loo_log_return_60 universe58_loo_log_return_126 universe58_loo_realized_volatility_20 universe58_loo_drawdown_252 source_beta_universe58_60 source_beta_universe58_252 source_correlation_universe58_60 source_residual_momentum_20 source_residual_momentum_126 source_idiosyncratic_volatility_60 cross_section_momentum_126_percentile cross_section_momentum_252_percentile cross_section_volatility_60_percentile cross_section_beta_60_percentile tpp_day1_weighted_average tpp_day1_rate_change_1_observed tpp_day1_rate_change_5_observed tpp_day1_rate_change_20_observed tpp_day1_rate_change_volatility_20 tpp_day1_rate_vs_ma20 tpp_observation_age_calendar_days tpp_available tpp_observed_same_day tpp_source_zero_weighted_average
feature_infos=[-0.11604969203472137:0.182477205991745] [-0.54819971323013306:0.44636186957359314] [-1.1351611614227295:1.077221155166626] [-1.1748896837234497:1.5560240745544434] [-1.0489567518234253:2.3170430660247803] [-0.89605218172073364:2.9264204502105713] [0:0.27988538146018982] [-0.16868740320205688:0.25632256269454956] [0.0056120613589882851:0.11531444638967514] [0.0079651456326246262:0.088721774518489838] [0.00095409812638536096:0.092050075531005859] [0.0049325018189847469:0.063900329172611237] [-0.71968960762023926:0] [-0.71968960762023926:0] [0.017241379246115685:1] [0.017241379246115685:1] [0.0096504408866167068:0.043657612055540085] [-0.84071391820907593:2.8910765647888184] [-0.47595494985580444:0.57290768623352051] [-0.62940984964370728:1.5476077795028687] [-0.57781422138214111:3.874976634979248] [0:100] [-0.36075755953788757:1.4870842695236206] [0.024132920429110527:1.7820020914077759] [6.9016203880310059:84.119827270507812] [-54.177944183349609:77.140235900878906] [0.0063288267701864243:0.099167443811893463] [-0.22113896906375885:0.095378585159778595] [0.10000000149011612:0.89999997615814209] [0.005115102045238018:0.18252909183502197] [-3.2178730964660645:2.969235897064209] [0:18.523586273193359] [0.28278514742851257:1.6446642875671387] [-0.092919811606407166:0.057573974132537842] [-0.39400303363800049:0.26549568772315979] [-0.32455301284790039:0.55794161558151245] [-0.14465788006782532:0.86915600299835205] [0.005578002892434597:0.041373930871486664] [-0.35748890042304993:0] [-0.96327811479568481:2.3354122638702393] [0.20776782929897308:1.6651477813720703] [-0.25081929564476013:0.94294917583465576] [-1.1516678333282471:1.0071370601654053] [-1.3436253070831299:1.9539748430252075] [0.0059593440964818001:0.072794802486896515] [0.017241379246115685:1] [0.017241379246115685:1] [0.017241379246115685:1] [0.017241379246115685:1] [10.880000114440918:53.220001220703125] [-1.8400000333786011:6.619999885559082] [-14.850000381469727:17.459999084472656] [-23.670000076293945:19.930000305175781] [0.2905217707157135:4.723813533782959] [-10.732000350952148:16.643999099731445] [0:0] [0:1] [0:1] [0:0]
tree_sizes=1436 1248 1520 1521 1526 1516 1523 1522 1336 1253 1515 981 1529

Tree=0
num_leaves=15
num_cat=0
split_feature=49 36 53 52 35 46 46 37 44 35 39 49 49 39
split_gain=30.7247 61.1152 43.964 11.5304 10.3571 9.10178 8.12057 7.51687 3.07382 1.97617 0.856374 0.841463 0.937543 0.507726
threshold=28.364999771118168 0.40532708168029791 0.95476597547531139 12.450000286102297 0.17939481139183047 0.45689655840396887 0.88646370172500621 0.022525745443999771 0.024556757882237438 0.29363588988780981 0.87839770317077648 44.45000076293946 36.885000228881843 0.89581647515296947
decision_type=8 2 8 8 2 2 2 2 2 2 2 10 10 2
left_child=1 2 5 11 -4 -1 7 -5 -8 10 -3 12 -2 -11
right_child=3 9 4 6 -6 -7 8 -9 -10 13 -12 -13 -14 -15
leaf_value=0.72071120696608837 0.70595638852343312 0.71335980681864375 0.71561128873419233 0.70852651811170886 0.70820478166532597 0.71900042138443465 0.71514335128535156 0.71372146587901109 0.71328975166674558 0.70773566796968801 0.71035216374887256 0.70015241777650694 0.70938299897502222 0.70550473334355523
leaf_weight=206 450 196 687 4612 260 246 305 1063 466 482 356 1880 436 562
leaf_count=206 450 196 687 4612 260 246 305 1063 466 482 356 1880 436 562
internal_value=0.710966 0.713164 0.716969 0.710251 0.71387 0.723347 0.710832 0.710504 0.71323 0.709824 0.711023 0.708902 0.709569 0.709186
internal_weight=12207 2995 1399 9212 947 452 6446 5675 771 1596 552 2766 886 1044
internal_count=12207 2995 1399 9212 947 452 6446 5675 771 1596 552 2766 886 1044
is_linear=0
shrinkage=1


Tree=1
num_leaves=12
num_cat=0
split_feature=38 38 53 31 53 40 35 53 44 50 37
split_gain=8.72435 12.513 30.0868 17.2503 15.2834 11.3023 9.94735 8.03054 5.52854 4.00382 2.65777
threshold=-0.031374821439385407 -0.056973231956362717 0.8944765329360963 0.75835511088371288 1.5798761844635012 0.95517221093177807 0.05742964334785939 0.55487594008445751 0.021952220238745216 4.0449999570846566 0.01372068375349045
decision_type=2 2 8 2 10 2 2 8 2 8 2
left_child=1 4 3 -3 8 -6 -2 -8 -1 -4 -9
right_child=6 2 9 -5 5 -7 7 10 -10 -11 -12
leaf_value=-0.0019232486581346299 0.0057342290364619311 0.010034361589381603 -0.0072421910634590057 0.0063466998075885437 0.0065950176558921617 -0.00033315212503367777 0.0054769808371058406 -0.0025567240127962023 0.0012140356365283836 0.0030414372196086378 -0.0065263013504984722
leaf_weight=3420 147 146 256 231 237 163 148 2631 2301 665 1831
leaf_count=3420 147 146 256 231 237 163 148 2631 2301 665 1831
internal_value=-1.71379e-05 0.000518083 0.00274271 0.00864202 4.34617e-05 0.00473765 -0.000852846 -0.0010604 -0.000287505 0.000287526 -0.00125336
internal_weight=12176 7419 1298 377 6121 400 4757 4610 5721 921 4462
internal_count=12176 7419 1298 377 6121 400 4757 4610 5721 921 4462
is_linear=0
shrinkage=0.025


Tree=2
num_leaves=15
num_cat=0
split_feature=49 35 31 53 50 16 46 35 47 49 49 40 40 38
split_gain=29.1383 43.0341 30.1706 11.2698 10.7738 7.21913 6.34385 4.7471 4.40889 0.761063 0.857248 0.231124 0.473769 0.1132
threshold=30.645000457763675 0.32199856638908392 0.76487344503402721 1.0955706238746645 6.2650001049041757 0.026381140574812893 0.86720469594001781 0.15713522583246234 0.5524578094482423 44.45000076293946 36.885000228881843 0.95517221093177807 0.84564360976219188 -0.18765071779489514
decision_type=8 2 2 8 8 2 2 2 2 10 10 2 2 2
left_child=1 2 3 -1 9 -4 7 -6 -8 10 -2 12 -3 -11
right_child=4 11 5 -5 6 -7 8 -9 -10 13 -12 -13 -14 -15
leaf_value=0.0092454164582269627 -0.0041742648791640571 -0.0056219754608574568 0.0052282185535345175 0.0043541612631384317 0.0002250339374869459 0.00044690206475055675 0.0049147786814969993 -0.0035866262076038624 0.0018939782974703809 -0.0063095106617513195 -0.0016606182169069867 -0.0056657645915374477 -0.0026396563309324349 -0.010438684010157885
leaf_weight=288 377 332 1071 139 3225 549 137 2202 763 120 439 563 219 1795
leaf_count=288 377 332 1071 139 3225 549 137 2202 763 120 439 563 219 1795
internal_value=-2.17815e-05 0.0020424 0.00419164 0.0100723 -0.000743546 0.00261154 -0.000175498 -0.000499126 0.00176105 -0.00205455 -0.00138094 -0.00190237 -0.00147707 -0.00233398
internal_weight=12219 3161 2047 427 9058 1620 6327 5427 900 2731 816 1114 551 1915
internal_count=12219 3161 2047 427 9058 1620 6327 5427 900 2731 816 1114 551 1915
is_linear=0
shrinkage=0.025


Tree=3
num_leaves=15
num_cat=0
split_feature=49 36 53 52 35 31 44 33 2 35 39 49 36 48
split_gain=23.6333 54.0477 39.4926 11.5013 9.05866 7.61435 5.92947 6.31719 2.06043 1.41478 1.07423 0.862928 0.997974 0.386327
threshold=28.364999771118168 0.40532708168029791 0.95476597547531139 12.450000286102297 0.17939481139183047 0.79418662190437328 0.018788028508424762 0.018111723475158218 -0.08028209954500197 0.30553138256073004 1.1185377240180971 44.45000076293946 0.3139933049678803 0.52457812428474437
decision_type=8 2 8 8 2 2 2 2 2 2 2 10 2 2
left_child=1 2 5 11 -4 -1 8 -8 -5 10 -3 12 -2 -11
right_child=3 9 4 6 -6 -7 7 -9 -10 13 -12 -13 -14 -15
leaf_value=0.0096363285178752145 0.00042332494361952138 0.00072972545626888126 0.0045028881122962539 0.0014128254529648231 -0.0024588281780471375 0.0074010718876633122 0.00071236815998850791 0.0046099347438713304 -0.0027648669554606441 -0.0033156423839946752 -0.0022074065845699097 -0.010225899196106751 -0.0034433475711839849 -0.0056622185522695731
leaf_weight=199 190 451 669 401 256 236 3191 260 2486 504 184 1890 688 467
leaf_count=199 190 451 669 401 256 236 3191 260 2486 504 184 1890 688 467
internal_value=-4.95783e-05 0.00188615 0.00554487 -0.000681457 0.00258736 0.0117187 -9.28195e-05 0.000605106 -0.000928856 -0.00121586 -0.000283204 -0.00202443 -0.00134626 -0.00181481
internal_weight=12072 2966 1360 9106 925 435 6338 3451 2887 1606 635 2768 878 971
internal_count=12072 2966 1360 9106 925 435 6338 3451 2887 1606 635 2768 878 971
is_linear=0
shrinkage=0.025


Tree=4
num_leaves=15
num_cat=0
split_feature=49 36 53 51 13 31 46 33 47 53 4 35 49 36
split_gain=25.2625 54.7202 39.3435 11.4494 10.5611 10.5282 7.57074 4.34581 3.84888 1.68177 1.09152 0.676947 0.657619 0.663922
threshold=30.645000457763675 0.40338355302810674 0.95476597547531139 6.1750001907348642 -0.26976563036441797 0.75835511088371288 0.82868674397468578 0.020065331831574443 0.50531914830207836 0.81161421537399303 0.38472504913806921 0.11260691285133363 44.45000076293946 0.22968176752328875
decision_type=8 2 8 8 2 2 2 2 2 10 2 2 10 2
left_child=1 2 5 12 -4 -1 7 -5 -8 10 -3 -11 13 -2
right_child=3 9 4 6 -6 -7 8 -9 -10 11 -12 -13 -14 -15
leaf_value=0.0090237299692183925 -0.00024783888771029395 0.0015974683808365822 0.0052441730632209601 -0.0016066163829884031 0.0017446409478237383 0.0068777623440920768 0.0048101107141193446 0.0037696872665775212 0.0022476683806918907 -0.00019011291140810525 -0.00062978669272388435 -0.0051661942098788962 -0.0097819540730735774 -0.0032908556507160766
leaf_weight=203 172 159 208 5036 805 253 120 224 963 153 289 1096 1881 643
leaf_count=203 172 159 208 5036 805 253 120 224 963 153 289 1096 1881 643
internal_value=-2.55997e-06 0.00191698 0.00544182 -0.000676278 0.00266331 0.0115049 -9.47155e-05 -0.000487892 0.00180262 -0.00113763 0.000162803 -0.00160786 -0.00203952 -0.00141006
internal_weight=12205 3166 1469 9039 1013 456 6343 5260 1083 1697 448 1249 2696 815
internal_count=12205 3166 1469 9039 1013 456 6343 5260 1083 1697 448 1249 2696 815
is_linear=0
shrinkage=0.025


Tree=5
num_leaves=15
num_cat=0
split_feature=49 36 53 31 50 34 46 35 40 35 48 49 49 41
split_gain=24.5302 54.3858 35.3148 15.1828 10.5829 9.84379 6.35738 5.07833 3.13541 1.86623 1.02589 0.869089 0.841847 0.369122
threshold=30.645000457763675 0.40532708168029791 0.98756977915763866 0.79418662190437328 6.2650001049041757 0.14380677789449695 0.88646370172500621 0.15713522583246234 0.78027048707008373 0.30553138256073004 0.71515038609504711 44.45000076293946 36.885000228881843 0.54788175225257885
decision_type=8 2 8 2 8 2 2 2 2 2 2 10 10 2
left_child=1 2 3 -1 11 -4 7 -6 -8 10 -3 12 -2 -11
right_child=4 9 5 -5 6 -7 8 -9 -10 13 -12 -13 -14 -15
leaf_value=0.0092207560744316987 -0.0039717815079792539 0.00093283192815113111 0.0054541002858258482 0.0064371816117595798 0.00048480337462283667 -0.00093480735230649394 -0.004104404637154062 -0.0033873557096067231 0.0035220378442400858 -0.0037158922359475156 -0.0027161883375824338 -0.009574644000755389 -0.0014542979424476954 -0.0051893149533520132
leaf_weight=227 349 447 592 279 3353 384 121 2251 634 558 172 1865 441 504
leaf_count=227 349 447 592 279 3353 384 121 2251 634 558 172 1865 441 504
internal_value=1.24153e-05 0.00190538 0.00538921 0.0107216 -0.000651819 0.00257773 -9.68343e-05 -0.000388439 0.0020477 -0.00116919 -6.61064e-05 -0.00197603 -0.00125 -0.00180295
internal_weight=12177 3163 1482 506 9014 976 6359 5604 755 1681 619 2655 790 1062
internal_count=12177 3163 1482 506 9014 976 6359 5604 755 1681 619 2655 790 1062
is_linear=0
shrinkage=0.025


Tree=6
num_leaves=15
num_cat=0
split_feature=49 36 53 31 53 13 37 46 13 35 9 35 13 29
split_gain=22.6577 49.9279 38.7335 11.5156 11.4846 8.52297 6.71218 6.42023 4.64311 1.87207 1.26861 0.700895 1.30021 0.408308
threshold=25.149999618530277 0.40532708168029791 1.0815555453300478 0.7505626678466798 2.1720325946807866 -0.26976563036441797 0.022525745443999771 0.88646370172500621 -0.36473770439624781 0.30553138256073004 0.039530372247099883 0.064851272851228728 -0.18701130896806714 0.04923625476658345
decision_type=8 2 10 2 8 2 2 2 2 2 2 2 2 2
left_child=1 2 3 -1 11 -4 7 -6 -8 10 -3 12 -2 -11
right_child=4 9 5 -5 6 -7 8 -9 -10 13 -12 -13 -14 -15
leaf_value=0.0080681654471194634 -0.0082886863656289455 0.00073851218613788829 0.0037413020938761501 0.0060538107883403034 -0.0021683532091954071 -0.0010582985004601957 0.0049168315360325144 0.0028600641481677245 0.0019470624787598749 -0.0025962198921038481 -0.002701456953233497 -0.0075374033613186233 -0.0019919698550991002 -0.0043821843301495907
leaf_weight=273 754 475 134 436 4610 465 191 612 1098 127 151 1472 619 809
leaf_count=273 754 475 134 436 4610 465 191 612 1098 127 151 1472 619 809
internal_value=-9.06514e-05 0.00185 0.00544459 0.0093785 -0.000687294 0.000738824 -0.000106853 -0.000506744 0.00150406 -0.00116385 -9.31068e-05 -0.00201097 -0.00157928 -0.00186902
internal_weight=12226 2870 1308 709 9356 599 6511 5222 1289 1562 626 2845 1373 936
internal_count=12226 2870 1308 709 9356 599 6511 5222 1289 1562 626 2845 1373 936
is_linear=0
shrinkage=0.025


Tree=7
num_leaves=15
num_cat=0
split_feature=49 36 34 31 50 37 46 39 19 3 48 49 49 10
split_gain=23.2894 46.3509 27.6275 14.8126 11.5293 6.36817 6.39796 5.36234 2.33773 1.92828 2.18697 0.8372 0.740956 0.660158
threshold=30.645000457763675 0.40532708168029791 0.090678893029689803 0.76487344503402721 6.2650001049041757 0.022525745443999771 0.88646370172500621 1.1887117624282839 0.14912970364093783 0.12547320127487185 0.3706896454095841 44.45000076293946 36.885000228881843 0.010278487112373115
decision_type=8 2 2 2 8 2 2 2 2 2 2 10 10 2
left_child=1 2 3 -1 11 6 -6 -7 -4 10 -3 12 -2 -11
right_child=4 9 8 -5 5 7 -8 -9 -10 13 -12 -13 -14 -15
leaf_value=0.0081675752585810401 -0.0037753642464496925 0.0033423059120196684 0.0015452778599869673 0.0059130439845468596 -0.0021596542893884143 0.001303723141598366 0.0026886118789081533 0.0049146723884821927 -0.0031868173560572438 -2.4888890657865747e-05 -0.0013079968616246521 -0.0093779951732612787 -0.0014098874742668162 -0.0035444288961155495
leaf_weight=312 359 123 204 697 4580 896 633 280 260 143 221 1910 426 1175
leaf_count=312 359 123 204 697 4580 896 633 280 260 143 221 1910 426 1175
internal_value=-4.63234e-05 0.00180931 0.00503129 0.00734344 -0.000688058 -0.00010811 -0.000484142 0.00154848 -7.99633e-06 -0.00104904 0.000598137 -0.00205787 -0.00133703 -0.00148432
internal_weight=12219 3135 1473 1009 9084 6389 5213 1176 464 1662 344 2695 785 1318
internal_count=12219 3135 1473 1009 9084 6389 5213 1176 464 1662 344 2695 785 1318
is_linear=0
shrinkage=0.025


Tree=8
num_leaves=13
num_cat=0
split_feature=49 36 53 31 49 34 45 36 3 48 53 14
split_gain=19.6822 42.819 30.9729 11.4535 9.27934 7.8456 5.02859 3.98679 1.92663 1.91973 0.555488 0.106005
threshold=30.645000457763675 0.40109694004058843 0.95476597547531139 0.67629688978195202 44.45000076293946 0.14189166575670245 0.99137932062149059 0.30336563289165502 0.12547320127487185 0.3706896454095841 0.73899400234222423 0.90517240762710582
decision_type=8 2 8 2 10 2 2 2 2 2 10 2
left_child=1 2 3 -1 6 -4 7 -2 9 -3 -10 -6
right_child=4 8 5 -5 11 -7 -8 -9 10 -11 -12 -13
leaf_value=0.0089019733785329347 0.00034565070746263017 0.0032959305814132035 0.0050845149185491795 0.0058521897796256651 -0.0092665062545665075 -8.4102143546884505e-05 0.0092945868604128769 -0.002579882760260411 -0.000366130569004741 -0.001132093154068222 -0.0039507011230163628 -0.0079708469218745925
leaf_weight=159 3894 123 549 275 1691 451 127 3087 238 236 1106 188
leaf_count=159 3894 123 549 275 1691 451 127 3087 238 236 1106 188
internal_value=-9.51239e-05 0.00160765 0.0047837 0.0103274 -0.000690753 0.00233209 -0.00027608 -0.000368058 -0.00106923 0.000539148 -0.00150389 -0.00225119
internal_weight=12124 3137 1434 434 8987 1000 7108 6981 1703 359 1344 1879
internal_count=12124 3137 1434 434 8987 1000 7108 6981 1703 359 1344 1879
is_linear=0
shrinkage=0.025


Tree=9
num_leaves=12
num_cat=0
split_feature=38 38 53 31 53 40 35 35 53 52 37
split_gain=7.68639 10.0079 24.0505 8.50606 7.19175 10.0929 6.77101 6.72061 6.57714 4.31126 2.32008
threshold=-0.031374821439385407 -0.055544052273035042 0.80367776751518261 0.79418662190437328 1.5798761844635012 0.95085710287094127 0.061907488852739341 0.055821008980274207 0.55487594008445751 7.9900000095367441 0.01372068375349045
decision_type=2 2 8 2 10 2 2 2 8 8 2
left_child=1 4 3 -3 9 -6 -2 -4 -8 -1 -10
right_child=6 2 7 -5 5 -7 8 -9 10 -11 -12
leaf_value=-0.0022446465882000233 0.0049879574672649762 0.0086359388984092855 0.0054727892096362385 0.0052664763706369248 0.0053398181658835774 -0.0013292030501606453 0.0040438155796717603 -0.0010026716896909622 -0.0024146976595221452 0.00065312671049006399 -0.0058213608406835916
leaf_weight=2224 171 122 179 162 234 177 150 808 2602 3520 1821
leaf_count=2224 171 122 179 162 234 177 150 808 2602 3520 1821
internal_value=-9.39431e-05 0.000407583 0.00242261 0.0087673 -9.13209e-06 0.00316406 -0.000879923 0.000555695 -0.00106515 -0.000239825 -0.00124238
internal_weight=12170 7426 1271 284 6155 411 4744 987 4573 5744 4423
internal_count=12170 7426 1271 284 6155 411 4744 987 4573 5744 4423
is_linear=0
shrinkage=0.025


Tree=10
num_leaves=15
num_cat=0
split_feature=35 53 36 17 31 36 16 52 11 36 16 24 10 0
split_gain=6.51195 17.2303 13.8149 7.01721 6.28557 6.57141 4.1833 4.55797 3.06306 2.88399 2.78901 3.40418 2.51643 1.85721
threshold=0.16315651684999469 0.82586529850959789 0.40338355302810674 0.44116377830505377 0.38772325217723852 0.2390556484460831 0.028496605344116691 0.8400000035762788 0.028113114647567276 0.3674896657466889 0.021161174401640895 40.415754318237312 0.010962336324155332 -0.017241416499018666
decision_type=2 8 2 2 2 2 2 8 2 2 2 2 2 2
left_child=4 2 3 -2 5 8 7 -6 -1 -7 11 -3 -4 -8
right_child=1 10 12 -5 6 9 13 -9 -10 -11 -12 -13 -14 -15
leaf_value=-0.005657244097329925 0.007075860450826324 -0.002486717961864459 0.001910165579563369 0.0054416314989793792 -0.0018738390977231551 0.0054233832215004642 0.0013997143094922767 0.0017710014894066952 0.0034592667434804551 -0.0024013477033878352 -0.0048501599071109252 0.00344719819230101 -0.0015988976483593534 0.0047226268143929972
leaf_weight=1391 130 951 121 157 1128 318 134 3575 121 139 3050 452 260 230
leaf_count=1391 130 951 121 157 1128 318 134 3575 121 139 3050 452 260 230
internal_value=-0.000116038 -0.000794236 0.00293276 0.00702483 0.000376899 -0.00081877 0.000843109 0.000639602 -0.00161421 0.00178842 -0.00135739 -0.000427025 -0.000184586 0.00341125
internal_weight=12157 5121 668 287 7036 1969 5067 4703 1512 457 4453 1403 381 364
internal_count=12157 5121 668 287 7036 1969 5067 4703 1512 457 4453 1403 381 364
is_linear=0
shrinkage=0.025


Tree=11
num_leaves=9
num_cat=0
split_feature=53 53 50 36 50 11 40 11
split_gain=6.73809 7.68563 10.5523 15.7094 9.02576 4.99544 4.75497 0.482366
threshold=3.6639409065246586 1.0303152203559878 0.24499999731779101 0.36928029358386999 -1.0249999761581419 0.02700435929000378 0.95085710287094127 0.017603646963834766
decision_type=10 10 10 2 8 2 2 2
left_child=1 2 4 -4 -1 7 -2 -3
right_child=6 5 3 -5 -6 -7 -8 -9
leaf_value=0.0051414163277552702 0.0047524336572076021 -0.0068212565976641885 0.0048049420026548828 -0.0018755148930602525 -0.00094067393860199642 0.0028447724739277969 -0.00065306366655033419 -0.0028254849472452836
leaf_weight=328 185 1002 846 566 7873 220 138 1024
leaf_count=328 185 1002 846 566 7873 220 138 1024
internal_value=-0.000145545 -0.0002437 6.35521e-05 0.00205628 -0.000279826 -0.00155875 0.00338796 -0.00194916
internal_weight=12182 11859 9613 1412 8201 2246 323 2026
internal_count=12182 11859 9613 1412 8201 2246 323 2026
is_linear=0
shrinkage=0.025


Tree=12
num_leaves=15
num_cat=0
split_feature=49 36 53 51 40 20 44 33 35 20 39 35 49 49
split_gain=18.0078 40.7297 26.6891 9.93643 8.82961 8.65099 5.53988 4.28808 2.2934 1.59712 2.10296 0.826148 0.777364 0.638529
threshold=30.645000457763675 0.40532708168029791 0.98756977915763866 6.1750001907348642 0.95909780263900768 0.1264806538820267 0.018593857064843181 0.018494623713195327 0.15713522583246234 0.26979528367519384 0.88978415727615368 0.28742966055870062 44.45000076293946 36.885000228881843
decision_type=8 2 8 8 2 2 2 2 2 2 2 2 10 10
left_child=1 2 5 12 -4 -1 8 -8 -5 10 -3 -11 13 -2
right_child=3 9 4 6 -6 -7 7 -9 -10 11 -12 -13 -14 -15
leaf_value=0.0073248868240058706 -0.0032061445576579656 0.0022356015154749976 0.0043880144223519182 -0.00087494253706787636 -0.00068183798779855294 0.0063480378205560588 0.00075803402928400262 0.0052052527875923365 -0.0053990238745801724 -0.00042705448119074644 -0.001378302310378326 -0.0046969254134112404 -0.0086615671800212429 -0.0015790373732834651
leaf_weight=138 360 120 559 1795 419 345 3277 236 1043 316 244 978 1896 435
leaf_count=138 360 120 559 1795 419 345 3277 236 1043 316 244 978 1896 435
internal_value=-0.000108602 0.00152729 0.00456429 -0.000674119 0.00216048 0.00934682 -0.000133143 0.000529064 -0.000954538 -0.00115078 0.000294715 -0.00156178 -0.00194594 -0.00125781
internal_weight=12161 3119 1461 9042 978 483 6351 3513 2838 1658 364 1294 2691 795
internal_count=12161 3119 1461 9042 978 483 6351 3513 2838 1658 364 1294 2691 795
is_linear=0
shrinkage=0.025


end of trees

feature_importances:
tpp_day1_weighted_average=22
tpp_day1_rate_change_volatility_20=20
universe58_loo_log_return_60=17
universe58_loo_log_return_126=15
source_distance_from_252_session_low=10
source_beta_universe58_252=7
cross_section_momentum_252_percentile=7
tpp_day1_rate_change_1_observed=6
universe58_loo_realized_volatility_20=5
universe58_loo_drawdown_252=5
source_beta_universe58_60=5
source_drawdown_from_252_session_peak=4
source_idiosyncratic_volatility_60=4
cross_section_beta_60_percentile=4
tpp_day1_rate_change_20_observed=4
source_downside_volatility_60=3
cross_section_return_dispersion=3
universe58_loo_log_return_1=3
universe58_loo_log_return_20=3
source_log_return_60=2
source_downside_volatility_20=2
source_close_ma200_ratio=2
cross_section_volatility_60_percentile=2
tpp_day1_rate_change_5_observed=2
source_log_return_1=1
source_log_return_20=1
source_log_return_126=1
source_realized_volatility_60=1
cross_section_momentum_20_percentile=1
source_momentum_12_1=1
source_close_ma50_ratio=1
source_adx_14=1
source_max_daily_log_return_20=1
source_correlation_universe58_60=1
cross_section_momentum_126_percentile=1

parameters:
[boosting: gbdt]
[objective: quantile]
[metric: quantile]
[tree_learner: serial]
[device_type: cpu]
[data_sample_strategy: bagging]
[data: ]
[valid: ]
[num_iterations: 13]
[learning_rate: 0.025]
[num_leaves: 15]
[num_threads: 12]
[seed: 62010]
[deterministic: 1]
[force_col_wise: 1]
[force_row_wise: 0]
[histogram_pool_size: -1]
[max_depth: 4]
[min_data_in_leaf: 120]
[min_sum_hessian_in_leaf: 0.001]
[bagging_fraction: 0.85]
[pos_bagging_fraction: 1]
[neg_bagging_fraction: 1]
[bagging_freq: 1]
[bagging_seed: 62010]
[bagging_by_query: 0]
[feature_fraction: 0.75]
[feature_fraction_bynode: 1]
[feature_fraction_seed: 62010]
[extra_trees: 0]
[extra_seed: 9308]
[early_stopping_round: 0]
[early_stopping_min_delta: 0]
[first_metric_only: 0]
[max_delta_step: 0]
[lambda_l1: 0.25]
[lambda_l2: 5]
[linear_lambda: 0]
[min_gain_to_split: 0]
[drop_rate: 0.1]
[max_drop: 50]
[skip_drop: 0.5]
[xgboost_dart_mode: 0]
[uniform_drop: 0]
[drop_seed: 23502]
[top_rate: 0.2]
[other_rate: 0.1]
[min_data_per_group: 100]
[max_cat_threshold: 32]
[cat_l2: 10]
[cat_smooth: 10]
[max_cat_to_onehot: 4]
[top_k: 20]
[monotone_constraints: ]
[monotone_constraints_method: basic]
[monotone_penalty: 0]
[feature_contri: ]
[forcedsplits_filename: ]
[refit_decay_rate: 0.9]
[cegb_tradeoff: 1]
[cegb_penalty_split: 0]
[cegb_penalty_feature_lazy: ]
[cegb_penalty_feature_coupled: ]
[path_smooth: 0]
[interaction_constraints: ]
[verbosity: -1]
[saved_feature_importance_type: 0]
[use_quantized_grad: 0]
[num_grad_quant_bins: 4]
[quant_train_renew_leaf: 0]
[stochastic_rounding: 1]
[linear_tree: 0]
[max_bin: 255]
[max_bin_by_feature: ]
[min_data_in_bin: 3]
[bin_construct_sample_cnt: 200000]
[data_random_seed: 62010]
[is_enable_sparse: 1]
[enable_bundle: 1]
[use_missing: 1]
[zero_as_missing: 0]
[feature_pre_filter: 1]
[pre_partition: 0]
[two_round: 0]
[header: 0]
[label_column: ]
[weight_column: ]
[group_column: ]
[ignore_column: ]
[categorical_feature: ]
[forcedbins_filename: ]
[precise_float_parser: 0]
[parser_config_file: ]
[objective_seed: 17022]
[num_class: 1]
[is_unbalance: 0]
[scale_pos_weight: 1]
[sigmoid: 1]
[boost_from_average: 1]
[reg_sqrt: 0]
[alpha: 0.9]
[fair_c: 1]
[poisson_max_delta_step: 0.7]
[tweedie_variance_power: 1.5]
[lambdarank_truncation_level: 30]
[lambdarank_norm: 1]
[label_gain: ]
[lambdarank_position_bias_regularization: 0]
[eval_at: ]
[multi_error_top_k: 1]
[auc_mu_weights: ]
[num_machines: 1]
[local_listen_port: 12400]
[time_out: 120]
[machine_list_filename: ]
[machines: ]
[gpu_platform_id: -1]
[gpu_device_id: -1]
[gpu_use_dp: 0]
[num_gpu: 1]

end of parameters

pandas_categorical:[]
