tree
version=v4
num_class=1
num_tree_per_iteration=1
label_index=0
max_feature_idx=58
objective=huber
feature_names=source_log_return_1 source_log_return_5 source_log_return_20 source_log_return_60 source_log_return_126 source_log_return_252 source_intraday_log_range source_close_to_open_log_return source_realized_volatility_20 source_realized_volatility_60 source_downside_volatility_20 source_downside_volatility_60 source_drawdown_from_60_session_peak source_drawdown_from_252_session_peak cross_section_momentum_20_percentile cross_section_positive_return_breadth cross_section_return_dispersion source_momentum_12_1 source_ma5_ma20_ratio source_close_ma50_ratio source_close_ma200_ratio source_rsi_14 source_bollinger_pct_b_20 source_bollinger_bandwidth_20 source_adx_14 source_directional_index_spread_14 source_parkinson_volatility_20 source_overnight_gap_1 source_positive_day_ratio_20 source_max_daily_log_return_20 source_return_skewness_60 source_distance_from_252_session_low source_volatility_ratio_20_60 universe58_loo_log_return_1 universe58_loo_log_return_20 universe58_loo_log_return_60 universe58_loo_log_return_126 universe58_loo_realized_volatility_20 universe58_loo_drawdown_252 source_beta_universe58_60 source_beta_universe58_252 source_correlation_universe58_60 source_residual_momentum_20 source_residual_momentum_126 source_idiosyncratic_volatility_60 cross_section_momentum_126_percentile cross_section_momentum_252_percentile cross_section_volatility_60_percentile cross_section_beta_60_percentile tpp_day1_weighted_average tpp_day1_rate_change_1_observed tpp_day1_rate_change_5_observed tpp_day1_rate_change_20_observed tpp_day1_rate_change_volatility_20 tpp_day1_rate_vs_ma20 tpp_observation_age_calendar_days tpp_available tpp_observed_same_day tpp_source_zero_weighted_average
feature_infos=[-0.11604969203472137:0.182477205991745] [-0.54819971323013306:0.44636186957359314] [-1.1351611614227295:1.077221155166626] [-1.1748896837234497:1.5560240745544434] [-1.0489567518234253:2.3170430660247803] [-0.89605218172073364:2.9264204502105713] [0:0.27988538146018982] [-0.16868740320205688:0.25632256269454956] [0.0056120613589882851:0.11531444638967514] [0.0079651456326246262:0.088721774518489838] [0.00095409812638536096:0.092050075531005859] [0.0049325018189847469:0.063900329172611237] [-0.71968960762023926:0] [-0.71968960762023926:0] [0.017241379246115685:1] [0.017241379246115685:1] [0.0096504408866167068:0.043657612055540085] [-0.84071391820907593:2.8910765647888184] [-0.47595494985580444:0.57290768623352051] [-0.62940984964370728:1.5476077795028687] [-0.57781422138214111:3.874976634979248] [0:100] [-0.36075755953788757:1.4870842695236206] [0.024132920429110527:1.7820020914077759] [6.9016203880310059:84.119827270507812] [-54.177944183349609:77.140235900878906] [0.0063288267701864243:0.099167443811893463] [-0.22113896906375885:0.095378585159778595] [0.10000000149011612:0.89999997615814209] [0.005115102045238018:0.18252909183502197] [-3.2178730964660645:2.969235897064209] [0:18.523586273193359] [0.28278514742851257:1.6446642875671387] [-0.092919811606407166:0.057573974132537842] [-0.39400303363800049:0.26549568772315979] [-0.32455301284790039:0.55794161558151245] [-0.14465788006782532:0.86915600299835205] [0.005578002892434597:0.041373930871486664] [-0.35748890042304993:0] [-0.96327811479568481:2.3354122638702393] [0.20776782929897308:1.6651477813720703] [-0.25081929564476013:0.94294917583465576] [-1.1516678333282471:1.0071370601654053] [-1.3436253070831299:1.9539748430252075] [0.0059593440964818001:0.072794802486896515] [0.017241379246115685:1] [0.017241379246115685:1] [0.017241379246115685:1] [0.017241379246115685:1] [10.880000114440918:53.220001220703125] [-1.8400000333786011:6.619999885559082] [-14.850000381469727:17.459999084472656] [-23.670000076293945:19.930000305175781] [0.2905217707157135:4.723813533782959] [-10.732000350952148:16.643999099731445] [0:0] [0:1] [0:1] [0:0]
tree_sizes=3976 4045 4311 4154 4314 4329 2497 2785 4140 4405 4134 3964 2855 4397 4236 4319 4301 4400 4420 2972 4340 4142

Tree=0
num_leaves=45
num_cat=0
split_feature=49 38 49 49 37 36 35 34 35 36 31 31 12 35 25 40 40 36 31 38 44 54 36 36 43 26 10 8 13 31 48 40 40 40 53 34 40 41 12 34 11 44 40 44
split_gain=158.225 78.3893 49.8991 39.1996 27.7456 25.1733 22.0872 21.8239 14.8009 11.9697 17.6377 11.1017 10.6471 9.51661 8.36252 7.66585 7.41186 6.13712 5.59075 5.5624 4.90434 4.23327 3.77935 3.37579 4.99042 3.3147 3.07817 2.92747 2.33157 1.75672 1.68698 1.60269 1.52734 1.36971 1.12039 0.927299 0.781804 0.678055 0.639975 0.474314 0.614462 0.383895 0.315493 0.0444119
threshold=45.494998931884773 -0.031374821439385407 30.645000457763675 13.34500026702881 0.01818023901432753 0.28602690994739538 0.32199856638908392 0.090678893029689803 0.16005659103393557 0.11863755434751512 2.5593363046646123 0.3689310103654862 -0.064677406102418886 0.15713522583246234 14.147614955902101 1.3239139318466189 0.53209951519966137 0.35797110199928289 0.61733534932136547 -0.055544052273035042 0.030696470290422443 0.82875001430511486 0.62188619375228893 0.18464598804712298 -0.08176815882325171 0.040435925126075752 0.023944367654621605 0.035486411303281791 -0.13787223398685453 0.7505626678466798 0.29548789560794836 0.87712702155113231 1.1443009972572329 0.81386175751686107 1.0395900607109072 -0.02427792269736528 0.73811894655227672 0.61735206842422496 -0.14905646443367002 0.0079409480094909685 0.017654932104051117 0.017943942919373516 0.86708971858024608 0.017519076354801658
decision_type=10 2 8 10 2 2 2 2 2 2 2 2 2 2 2 2 2 2 2 2 2 10 2 2 2 2 2 2 2 2 2 2 2 2 10 2 2 2 2 2 2 2 2 2
left_child=1 2 4 5 19 18 7 30 14 11 12 25 -11 31 -7 -10 -13 -9 36 35 23 -8 -23 24 39 -4 -12 -15 42 -21 -5 -6 37 -20 -30 -1 -3 41 -22 40 -2 -25 -26 -39
right_child=20 3 9 6 13 8 21 17 15 10 26 16 -14 27 -16 -17 -18 -19 33 29 38 22 -24 32 28 -27 -28 -29 34 -31 -32 -33 -34 -35 -36 -37 -38 43 -40 -41 -42 -43 -44 -45
leaf_value=0.25835539219261988 0.24701667415402023 0.2480000139964946 0.25100032710439119 0.25686140304652816 0.25727378392630845 0.2479312249749166 0.25309688178475087 0.2503418881634672 0.24692047237489578 0.25087652523679782 0.24853124174877519 0.24776729777258447 0.25370984164994992 0.25331091828663982 0.25299685287253182 0.24201637544387844 0.25473567193494689 0.25467633319697547 0.25126972919613361 0.263015226350859 0.24400183467853326 0.2496283741658952 0.24462458147208058 0.24586040260705644 0.24545502475662476 0.25567996337887111 0.24266175187503072 0.25007894509876055 0.2493095007015497 0.25929732537078859 0.26144353967695172 0.25475387608183847 0.24788300243791295 0.25447064673655745 0.24670258693869895 0.25622428827749699 0.2505061133813557 0.24516939673790453 0.24005994299994948 0.24390784287170514 0.24451604785173919 0.2435258798833132 0.24692910277663785 0.24687654984532056
leaf_weight=243 99 63 743 62 167 267 119 254 1690 2043 61 62 714 209 249 138 1207 264 70 135 60 468 67 65 133 63 98 235 277 161 147 336 60 248 88 206 212 75 68 212 111 371 257 60
leaf_count=243 99 63 743 62 167 267 119 254 1690 2043 61 62 714 209 249 138 1207 264 70 135 60 468 67 65 133 63 98 235 277 161 147 336 60 248 88 206 212 75 68 212 111 371 257 60
internal_value=0.250787 0.251715 0.253072 0.249616 0.256037 0.24831 0.252392 0.254784 0.247379 0.252064 0.251237 0.253224 0.251613 0.25375 0.250376 0.246536 0.254388 0.252558 0.251985 0.258921 0.245519 0.249728 0.248969 0.245805 0.246466 0.251384 0.244823 0.251604 0.247466 0.261102 0.260193 0.255626 0.2446 0.25378 0.24865 0.257422 0.249904 0.244274 0.241701 0.244715 0.24562 0.243835 0.246387 0.245818
internal_weight=12937 11001 6683 4318 1692 2937 1381 727 2344 4991 2916 2075 2757 947 516 1828 1269 518 593 745 1936 654 535 1808 1177 806 159 444 755 296 209 503 631 318 365 449 275 571 128 422 210 436 390 135
internal_count=12937 11001 6683 4318 1692 2937 1381 727 2344 4991 2916 2075 2757 947 516 1828 1269 518 593 745 1936 654 535 1808 1177 806 159 444 755 296 209 503 631 318 365 449 275 571 128 422 210 436 390 135
is_linear=0
shrinkage=1


Tree=1
num_leaves=43
num_cat=0
split_feature=49 38 49 49 36 36 35 34 35 31 43 40 37 33 40 36 36 31 9 9 27 34 36 4 49 16 24 47 4 41 43 53 48 44 30 12 24 4 40 44 8 40
split_gain=152.193 76.6717 48.4253 36.5631 26.0719 25.2284 21.3806 18.1579 12.2361 11.7819 12.2436 8.94641 8.29257 7.54978 7.53723 5.79636 5.37853 5.13565 4.78265 4.19069 3.97685 3.75481 3.31946 5.23396 2.88622 2.71479 2.33164 2.07599 1.84724 1.65176 1.51274 1.35513 1.26935 1.24759 1.04103 0.854509 0.390941 0.363314 0.327787 0.203841 0.11341 0.0509617
threshold=45.494998931884773 -0.031374821439385407 30.645000457763675 13.34500026702881 0.46838140487670904 0.28602690994739538 0.32199856638908392 0.090678893029689803 0.17182568460702899 2.6080454587936406 -0.069436736404895769 0.49359729886054998 0.018040885217487816 0.0040400663856416949 1.3239139318466189 0.35797110199928289 0.208578035235405 0.61733534932136547 0.029347819276154045 0.035565907135605819 -0.010532152839004992 0.21193892508745196 0.18464598804712298 0.010026098694652321 28.364999771118168 0.026717389933764938 20.871003150939945 0.57171678543090831 0.15104062110185626 0.60306361317634594 0.4506486207246781 1.0395900607109072 0.29548789560794836 0.025768439285457138 0.71884307265281688 -0.18804614990949628 18.12465858459473 -0.13485960662364957 1.0519180893898012 0.018099118024110798 0.026136307977139953 0.97563663125038158
decision_type=10 2 8 10 2 2 2 2 2 2 2 2 2 2 2 2 2 2 2 2 2 2 2 2 10 2 2 2 2 2 2 10 2 2 2 2 2 2 2 2 2 2
left_child=1 2 4 5 12 17 7 32 13 10 20 -12 18 -7 -10 -9 -11 34 -1 22 -4 24 23 36 -8 27 -14 -6 -19 39 -18 35 -5 -27 -3 -25 -2 -38 -31 -24 -33 -41
right_child=19 3 9 6 25 8 21 15 14 16 11 -13 26 -15 -16 -17 30 28 -20 -21 -22 -23 29 31 -26 33 -28 -29 -30 38 -32 40 -34 -35 -36 -37 37 -39 -40 41 -42 -43
leaf_value=0.0096611937617946571 -0.0069500447239165446 -3.162556955519547e-05 -0.0029567748988876502 0.0057406868173857217 0.00068993861490764235 -0.0033220514680656118 0.00024614552435762586 -0.0003980398855933417 -0.0038903136127307076 0.0011429271497181617 -0.0035746710210448444 0.0024992346582743633 0.0064124352831568115 0.0012579000287177954 -0.0088977707223336505 0.003876043706900415 -0.0034996148883150173 0.0050973327282710732 0.0062977667948730612 -0.0091753512254950636 0.00047097266289868934 -0.0057380048605555197 -0.0051276091378313141 -0.0044374015308206987 -0.0028192138312784494 0.0036620344405078839 0.0035741494660255281 -0.0034854756656252307 0.0017987156725650384 -0.0053649268798912188 -0.0081975893960757693 -0.0038732447053616242 0.0098205662412581118 0.00055123900248678316 -0.0027501160770629302 -0.0021437037980472284 -0.0060350570179738628 -0.0044697031536149786 -0.0033728912087364329 -0.0077215315794661715 -0.0056051049708860786 -0.0062287560566602384
leaf_weight=349 143 206 143 61 113 269 427 249 1593 61 98 2652 189 303 130 254 62 103 396 105 1855 61 61 81 169 111 353 78 210 114 63 87 150 98 75 404 212 179 87 226 70 133
leaf_count=349 143 206 143 61 113 269 427 249 1593 61 98 2652 189 303 130 254 62 103 396 105 1855 61 61 81 169 111 353 78 210 114 63 87 150 98 75 404 212 179 87 226 70 133
internal_value=-3.76355e-05 0.000875066 0.00222138 -0.00121727 0.00514378 -0.00249298 0.00146979 0.00385884 -0.003443 0.00121945 0.00141377 0.00227876 0.00652724 -0.000900314 -0.00428351 0.00176845 -0.0036792 0.00117475 0.00790715 -0.00525272 0.000221078 -0.00113075 -0.00500805 -0.00435515 -0.000631156 0.000674582 0.00459557 -0.00103758 0.00292545 -0.00621597 -0.00601184 -0.00311007 0.00874276 0.00223654 -0.000782108 -0.00255375 -0.00582445 -0.00536047 -0.00456989 -0.00696338 -0.00474228 -0.00722746
internal_weight=12783 10881 6621 4260 1687 2889 1371 714 2295 4934 4748 2750 1287 572 1723 503 186 594 745 1902 1998 657 1797 1176 596 400 542 191 313 621 125 642 211 209 281 485 534 391 201 420 157 359
internal_count=12783 10881 6621 4260 1687 2889 1371 714 2295 4934 4748 2750 1287 572 1723 503 186 594 745 1902 1998 657 1797 1176 596 400 542 191 313 621 125 642 211 209 281 485 534 391 201 420 157 359
is_linear=0
shrinkage=0.02


Tree=2
num_leaves=46
num_cat=0
split_feature=49 38 49 49 36 36 54 34 35 36 17 17 12 53 12 33 35 54 36 44 43 5 36 10 36 4 30 34 26 39 44 47 41 13 53 13 19 32 39 13 2 44 5 11 25
split_gain=146.904 72.4861 47.1834 35.333 25.6242 24.6463 21.4573 16.0733 13.56 10.93 14.84 11.551 9.81604 9.18352 6.9791 6.95051 6.87012 6.12663 4.58147 4.07279 3.94189 3.92493 3.44722 3.44335 3.16982 5.07797 2.83229 2.56867 2.56694 2.46508 2.30666 1.79502 1.57876 1.49656 1.42178 1.08143 0.78426 0.679308 0.298795 0.267943 0.173827 0.136781 0.0718486 0.0665945 0.0401996
threshold=45.494998931884773 -0.031374821439385407 30.645000457763675 13.34500026702881 0.27137702703475958 0.42852881550788885 1.9632500410079958 0.090678893029689803 0.17316216230392459 0.11863755434751512 1.0800150036811831 0.049582935869693763 -0.063938673585653291 0.98580384254455578 -0.063157849013805376 0.0040400663856416949 0.33635257184505468 0.82875001430511486 0.62188619375228893 0.030696470290422443 0.4506486207246781 0.24794293940067294 0.62188619375228893 0.045131601393222816 0.18464598804712298 0.010026098694652321 0.53224417567253124 0.011838718317449095 0.018483804538846019 0.7145274579524995 0.027894697152078155 0.59097579121589672 0.60306361317634594 -0.092026211321353898 1.0395900607109072 -0.11203890666365622 0.01849615573883057 1.0952458977699282 1.0094157457351687 -0.31030251085758204 -0.025374405086040493 0.018099118024110798 0.69244566559791576 0.015872070565819744 -0.99614977836608876
decision_type=10 2 8 10 2 2 10 2 2 2 2 2 2 8 2 2 2 10 2 2 2 2 2 2 2 2 2 2 2 2 2 2 2 2 10 2 2 2 2 2 2 2 2 2 2
left_child=1 2 5 4 21 13 7 16 15 11 12 26 -11 29 -10 -6 -5 -9 30 24 -12 37 33 -13 25 39 -4 -15 -23 -1 -7 -20 41 -8 35 -27 -21 -3 -34 44 -41 -26 -36 -40 -2
right_child=19 3 9 6 8 18 22 17 14 10 20 23 -14 27 -16 -17 -18 -19 31 36 -22 28 -24 -25 32 34 -28 -29 -30 -31 -32 -33 38 -35 42 -37 -38 -39 43 40 -42 -43 -44 -45 -46
leaf_value=0.0055802823640406134 -0.0056840540736913681 -3.1702002090990876e-05 0.00047587969480917543 0.0089400181243133071 -0.0029727274813610162 0.0037889246219685912 -0.0033717394228264387 0.0027024283584934695 -0.0063297272940120901 4.8565810361603755e-05 -0.0025504406922495079 0.0029592357133498555 0.0027506394968256297 0.0065014352969540168 -0.0034585176155873774 0.0012275480149700664 0.0017409075494046863 -0.0016174781524481618 0.00058717105034546764 -0.0062639985456637718 -0.008367215037919009 -0.0004097665767079558 -0.0058113771150761009 0.0075295599957101679 -0.0050864214708907706 -0.0034009605737412782 -0.0032223082969684408 0.00404021023901716 0.0035283818221081243 0.010582190157838425 0.00063195298588834706 -0.0036560796608819681 -0.0058122847906779494 -0.00051911561275473693 -0.0039090915377555267 -0.0014897946965159667 -0.010303915856199133 -0.0025098137595871489 -0.0030444812252444315 -0.0041409363337169009 -0.0056747329741224858 -0.0070121173698312975 -0.0055349555728158783 -0.004473206195507699 -0.0072317057337301484
leaf_weight=61 167 133 457 213 303 288 95 440 474 2015 128 1450 731 487 1260 322 73 184 94 60 75 85 76 68 62 248 98 299 281 256 139 65 61 306 86 245 69 64 80 118 141 364 67 64 93
leaf_count=61 167 133 457 213 303 288 95 440 474 2015 128 1450 731 487 1260 322 73 184 94 60 75 85 76 68 62 248 98 299 281 256 139 65 61 306 86 245 69 64 80 118 141 364 67 64 93
internal_value=-4.99795e-05 0.000840791 0.00214023 -0.00118285 -0.00242993 0.00502921 0.00144325 0.00324103 -0.00334424 0.00116598 0.000382529 0.00227785 0.000770453 0.00678732 -0.00425353 -0.000811627 0.00714309 0.00142537 0.00170061 -0.00514324 -0.00479491 0.0013967 -0.0019832 0.00317907 -0.00487919 -0.00423306 -0.000189155 0.00558536 0.00261518 0.00968414 0.00277515 -0.0011769 -0.00604487 -0.00121742 -0.00302229 -0.00246796 -0.00861753 -0.000867345 -0.00445376 -0.00571216 -0.00503517 -0.00677171 -0.00472023 -0.0037646 -0.00631762
internal_weight=12945 11020 6711 4309 2922 1689 1387 910 2359 5022 2949 2073 2746 1103 1734 625 286 624 586 1925 203 563 477 1518 1796 1165 555 786 366 317 427 159 631 401 646 493 129 197 205 519 259 426 153 144 260
internal_count=12945 11020 6711 4309 2922 1689 1387 910 2359 5022 2949 2073 2746 1103 1734 625 286 624 586 1925 203 563 477 1518 1796 1165 555 786 366 317 427 159 631 401 646 493 129 197 205 519 259 426 153 144 260
is_linear=0
shrinkage=0.02


Tree=3
num_leaves=44
num_cat=0
split_feature=49 38 49 49 36 36 54 34 35 36 17 17 33 37 12 25 35 9 9 35 38 5 43 36 46 36 4 47 26 4 41 35 39 53 30 35 13 48 17 11 11 29 30
split_gain=141.304 68.0519 44.2087 31.3817 24.7865 21.8181 20.4101 14.6543 12.3727 10.6681 15.2914 10.7159 9.49683 7.65993 7.44524 6.97308 5.64561 5.48871 4.80186 4.52396 4.29871 4.12094 3.66037 3.41291 2.95745 2.9435 4.60041 2.56479 2.35552 1.98497 1.65551 1.60753 1.47564 1.12432 0.883124 0.799338 0.683312 0.376866 0.365427 0.675619 0.190313 0.123131 0.0539871
threshold=45.494998931884773 -0.031374821439385407 30.645000457763675 13.34500026702881 0.46838140487670904 0.28602690994739538 1.9632500410079958 0.090678893029689803 0.16005659103393557 0.11863755434751512 1.0800150036811831 0.049582935869693763 -0.0079799871891736967 0.019737946800887588 -0.063157849013805376 14.147614955902101 0.33635257184505468 0.031250578351318843 0.034949047490954406 0.015549254138022663 -0.053236197680234902 0.24794293940067294 0.44019514322280889 0.62188619375228893 0.077035948634147658 0.18058352917432788 0.010026098694652321 0.57171678543090831 0.019027837552130226 0.77107450366020214 0.60096538066864025 0.061907488852739341 0.90134164690971386 1.0395900607109072 0.40184633433818823 0.33397397398948675 -0.17309243232011792 0.50531914830207836 0.16998601704835894 0.017764431424438957 0.016156830824911598 0.036153908818960197 0.091212455183267607
decision_type=10 2 8 10 2 2 10 2 2 2 2 2 2 2 2 2 2 2 2 2 2 2 2 2 2 2 2 2 2 2 2 2 2 10 2 2 2 2 2 2 2 2 2
left_child=1 2 4 5 13 21 7 16 15 11 12 24 -11 20 -10 -7 -5 -9 25 -13 -1 34 -12 32 -4 26 38 35 -23 -29 -27 -15 -8 36 -3 -6 -28 -32 41 -40 -39 -2 -35
right_child=18 3 9 6 27 8 23 17 14 10 22 19 -14 31 -16 -17 -18 -19 -20 -21 -22 28 -24 -25 -26 30 33 29 -30 -31 37 -33 -34 42 -36 -37 -38 40 39 -41 -42 -43 -44
leaf_value=0.006333309096417228 -0.0052136395565061666 8.1549337705619994e-05 -0.0027317532641425108 0.0087352097875702736 0.0026584034294812754 -0.0027417767751989853 0.00035947765023383788 0.0029490926817237963 -0.0061758191191360482 -0.0015589108091267694 -0.0026053482445673299 0.0023593631644708997 0.0013594905355439762 0.0051544733930877148 -0.0032148933143643622 0.0018731483420237522 0.0018329968604204412 -0.00088624377761838753 -0.0090243003281919917 0.0047448730468191815 0.009653806579198872 -0.00036953038118817675 -0.0081040363381395027 -0.0060149440233492196 0.00066113150207715678 -0.0067217328190294495 -0.0036461656087181595 0.00058651015801912127 0.0032438856449050896 -0.003721438807979613 -0.0059239522474817934 0.0027422598210649326 -0.0021510071926485663 -0.0035733513351365481 -0.0024925178272216255 0.0001203093109897485 -0.0019838530095375815 -0.0030087992315313643 -0.0033642856124437084 -0.005910716169972895 -0.0047660906011182244 -0.0067148339976294989 -0.0051042278618193592
leaf_weight=480 132 111 132 198 160 264 143 378 465 560 127 1077 2144 357 1325 254 65 243 117 460 266 95 81 69 427 405 154 94 284 74 61 181 261 65 98 73 339 102 103 104 63 175 88
leaf_count=480 132 111 132 198 160 264 143 378 465 560 127 1077 2144 357 1325 254 65 243 117 460 266 95 81 69 427 405 154 94 284 74 61 181 261 65 98 73 339 102 103 104 63 175 88
internal_value=-5.42824e-05 0.000821503 0.00207827 -0.00115612 0.00487787 -0.00233149 0.00135114 0.00314206 -0.00320697 0.00113375 0.000349477 0.00222081 0.000753661 0.00623081 -0.00399368 -0.000479185 0.00707301 0.00144966 -0.0050725 0.00308181 0.00755255 0.00110209 -0.00483618 -0.00199256 -0.000148577 -0.00479912 -0.00417329 0.000529218 0.00233974 -0.00133719 -0.00592285 0.00436448 -0.00126384 -0.00302219 -0.0011389 0.00187908 -0.00252404 -0.00441755 -0.00559215 -0.00471458 -0.00375884 -0.0061293 -0.00454149
internal_weight=12854 10946 6693 4253 1685 2896 1357 884 2308 5008 2912 2096 2704 1284 1790 518 263 621 1908 1537 746 588 208 473 559 1791 1160 401 379 168 631 538 404 646 209 233 493 226 514 207 165 307 153
internal_count=12854 10946 6693 4253 1685 2896 1357 884 2308 5008 2912 2096 2704 1284 1790 518 263 621 1908 1537 746 588 208 473 559 1791 1160 401 379 168 631 538 404 646 209 233 493 226 514 207 165 307 153
is_linear=0
shrinkage=0.02


Tree=4
num_leaves=46
num_cat=0
split_feature=49 38 49 49 36 36 54 34 35 43 31 40 37 36 40 33 54 35 31 9 9 36 43 36 27 35 36 13 24 44 47 40 41 48 35 53 24 34 11 52 5 17 41 12 41
split_gain=133.753 70.14 42.072 32.02 25.5487 21.6378 20.3444 13.615 13.6003 10.0677 10.9619 10.2316 8.02858 8.02554 6.99713 6.46672 6.04068 5.95422 5.37065 4.883 4.17226 3.35201 2.96935 4.58565 2.9361 2.99273 2.82248 2.16679 1.77585 1.43201 1.34612 1.29209 1.17857 1.09589 1.00025 0.894335 0.893346 0.604486 0.568974 0.267449 0.221546 0.175133 0.391801 0.0889955 0.0433954
threshold=45.494998931884773 -0.031374821439385407 30.645000457763675 13.34500026702881 0.46838140487670904 0.27137702703475958 1.9632500410079958 0.090678893029689803 0.17182568460702899 -0.20125080645084378 2.089041113853455 0.49359729886054998 0.018040885217487816 0.13641761988401416 1.3239139318466189 0.0038113723276183013 0.82875001430511486 0.33635257184505468 0.61733534932136547 0.034949047490954406 0.029347819276154045 0.50818651914596569 -0.092201236635446535 0.19856457412242892 -0.0080945277586579305 0.027420805767178539 0.62188619375228893 -0.17309243232011792 20.956986427307132 0.027894697152078155 0.59097579121589672 0.8159901797771455 0.55382531881332409 0.45689655840396887 0.18048480898141864 1.0395900607109072 37.443017959594734 0.0052247301209717998 0.017164542339742187 0.72999998927116405 1.0062092542648318 0.17904263734817508 0.70573529601097118 -0.26234425604343409 0.63236460089683544
decision_type=10 2 8 10 2 2 10 2 2 2 2 2 2 2 2 2 10 2 2 2 2 2 2 2 2 2 2 2 2 2 2 2 2 2 2 10 2 2 2 10 2 2 2 2 2
left_child=1 2 4 5 12 18 7 17 15 24 11 -11 20 -12 -10 -7 -9 -5 34 22 -1 33 37 27 -4 -26 29 39 -14 -6 -28 -20 40 -8 -3 -29 -23 38 -2 -24 -25 -39 -43 -40 -34
right_child=19 3 9 6 26 8 21 16 14 10 13 -13 28 -15 -16 -17 -18 -19 31 -21 -22 36 23 32 25 -27 30 35 -30 -31 -32 -33 44 -35 -36 -37 -38 41 43 -41 -42 42 -44 -45 -46
leaf_value=0.0091505137609143115 -0.0036264991044633738 0.0011857631978537165 -0.0034974438005515706 0.0084280676541726388 0.0028285368723343267 -0.0027903039782752261 0.00031694116084986636 0.0026986959293201292 -0.0037355417885922677 -0.0033480451412974521 0.003774889285629615 0.002153102538339286 0.0058562770442847903 -0.0034534892860105899 -0.0086055309566597533 0.001358137192389102 -0.0016168505894880662 0.001488420539881502 0.00024946311846724709 -0.0089289337494833903 0.0060273847437448038 -0.0030131657509713896 -0.0038653959968024433 -0.0057224380746921343 -0.0011514062872977273 0.0010897149692386684 -6.2244088845137433e-05 -0.001636963778493159 0.0033476811143627046 -0.00037009965082587202 -0.0037303844459620969 0.0035282626460637363 -0.0046957907688872326 -0.0019941453885606356 -0.0016220107533620291 -0.0038257995293128721 -0.0064730723940782135 -0.007335333792781327 -0.0045965865990146995 -0.0055114425656969078 -0.0076125852628894479 -0.0063930432091987019 -0.0039803080364945341 -0.006656388041612349 -0.0033022306907635468
leaf_weight=346 112 64 118 208 162 282 152 439 1642 138 77 3459 184 264 127 315 181 67 61 118 413 80 212 146 553 414 95 337 354 83 67 246 106 172 208 99 60 139 61 88 112 160 61 73 62
leaf_count=346 112 64 118 208 162 282 152 439 1642 138 77 3459 184 264 127 315 181 67 61 118 413 80 212 146 553 414 95 337 354 83 67 246 106 172 208 99 60 139 61 88 112 160 61 73 62
internal_value=-5.00326e-05 0.000791779 0.00206712 -0.00120136 0.00478021 -0.00237257 0.0013356 0.00309447 -0.00321994 0.00114423 0.00161403 0.00193916 0.00614936 -0.00179968 -0.00409971 -0.000603915 0.00143551 0.00677522 0.00108712 -0.00496766 0.00748284 -0.00205299 -0.00468804 -0.00406951 -0.000559707 -0.000190485 0.000401593 -0.0030885 0.00423521 0.00174952 -0.00162562 0.00288872 -0.00572862 -0.000913913 -0.000951993 -0.002159 -0.00460767 -0.00584653 -0.00489604 -0.00440132 -0.00662487 -0.00644745 -0.00579378 -0.0058472 -0.00425431
internal_weight=12917 11031 6727 4304 1704 2945 1359 895 2366 5023 3938 3597 1297 341 1769 597 620 275 579 1886 759 464 1768 1162 1085 967 407 736 538 245 162 307 426 324 272 436 140 606 246 300 258 360 221 134 168
internal_count=12917 11031 6727 4304 1704 2945 1359 895 2366 5023 3938 3597 1297 341 1769 597 620 275 579 1886 759 464 1768 1162 1085 967 407 736 538 245 162 307 426 324 272 436 140 606 246 300 258 360 221 134 168
is_linear=0
shrinkage=0.02


Tree=5
num_leaves=46
num_cat=0
split_feature=49 38 49 49 54 34 35 34 35 53 35 43 40 11 16 34 35 35 9 54 40 43 53 16 38 9 16 11 43 8 44 41 41 17 3 35 50 40 34 11 40 3 24 17 20
split_gain=131.462 67.11 40.5571 30.3193 18.1185 15.3505 14.5104 12.4912 12.2219 9.88303 9.73806 9.35085 10.4758 7.98565 7.40269 7.36165 6.55085 5.97354 5.2106 5.062 3.26365 2.70623 3.33894 2.50457 2.04651 1.58813 1.44292 1.42723 1.39869 1.35866 1.20043 1.15242 1.14555 1.10751 0.9868 0.746948 0.746179 0.639327 0.453968 0.534482 0.368256 0.246414 0.121108 0.0515841 0.00668486
threshold=45.494998931884773 -0.031374821439385407 30.645000457763675 13.34500026702881 1.9632500410079958 0.04649381339550019 0.28499828279018408 0.090678893029689803 0.23039570450782779 0.91789633035659801 0.27576464414596563 -0.15990395098924634 0.49359729886054998 0.027190313674509529 0.020262235775589946 0.11473024263978006 0.076806981116533293 0.33635257184505468 0.034949047490954406 0.82875001430511486 1.3049267530441286 -0.092201236635446535 1.0671114921569826 0.031523328274488456 -0.078342039138078676 0.034296343103051193 0.020029208622872833 0.015331893227994444 -0.13718719780445096 0.036277024075388915 0.026520941406488422 0.55382531881332409 0.69434607028961193 0.66002598404884349 -0.023433268070220944 -0.021571312099695202 -0.34499999880790705 1.2017229795455935 0.0079409480094909685 0.017164542339742187 0.96105891466140758 0.18270263075828555 22.893459320068363 0.33389423787593847 0.20113114267587665
decision_type=10 2 8 10 10 2 2 2 2 10 2 2 2 2 2 2 2 2 2 10 2 2 10 2 2 2 2 2 2 2 2 2 2 2 2 2 10 2 2 2 2 2 2 2 2
left_child=1 2 6 5 7 27 9 17 15 13 11 20 -13 -1 -10 -7 -11 -5 21 -9 -4 37 26 29 32 36 35 28 -3 -8 -25 41 -12 -26 -28 -23 -6 38 39 -2 -27 -24 -33 -40 -20
right_child=18 3 10 4 25 8 23 19 14 16 24 12 -14 -15 -16 -17 -18 -19 44 -21 -22 22 31 30 33 40 34 -29 -30 -31 -32 42 -34 -35 -36 -37 -38 -39 43 -41 -42 -43 -44 -45 -46
leaf_value=0.0087105217401321697 -0.0038288649309776786 -0.0067613996352957582 0.00012060307286083732 0.0081765001197941431 -0.0026197032740270282 -0.0013467814291501354 0.00083074466319611447 0.0025410864361829085 -0.00068712231998253686 0.0054335466830664862 0.00081538964504028087 -0.0037634249622563992 0.0021173665010109631 0.0010894204105507694 -0.0038236462049933734 0.0020816961114134571 0.0017389134150110827 0.0013500198084121086 -0.0072785868259379639 -0.0014682372664206066 -0.0044485604912042611 -0.0030270729279292959 -0.0050714735674938964 0.0037241226744772205 -0.0055860110387941928 -0.0047216925310251644 -0.0035222993515735719 -0.0076017541417179738 -0.003131104498440528 -0.0031168569919873814 0.00018337949951971642 -0.0032263982936023166 -0.0026926724380030042 -0.0020521055518482358 -0.0013720267435579207 -0.0052277941808283358 -0.00051054864717657643 -0.0034758825760226749 -0.0070578681722443595 -0.0059957086792651647 -0.0023331174822815229 -0.0068353386742045297 -0.004559245669349025 -0.0055851391052380165 -0.010094263798660701
leaf_weight=450 114 84 1183 208 91 714 62 430 423 607 88 123 3299 64 1061 382 287 70 61 175 63 155 126 96 78 70 138 166 106 73 64 99 60 75 241 135 248 66 183 138 61 156 138 120 60
leaf_count=450 114 84 1183 208 91 714 62 430 423 607 88 123 3299 64 1061 382 287 70 61 175 63 155 126 96 78 70 138 166 106 73 64 99 60 75 241 135 248 66 183 138 61 156 138 120 60
internal_value=-5.01376e-05 0.000797643 0.00205206 -0.00115358 0.00132104 -0.00229449 0.00471319 0.00300648 -0.00175233 0.00555677 0.00113753 0.00136283 0.00190258 0.00777535 -0.00293347 -0.000148489 0.00425836 0.00649393 -0.0048592 0.0013782 -0.000119752 -0.00457454 -0.00398918 0.000668093 -0.00233213 -0.00184229 -0.00302698 -0.00617334 -0.00482141 -0.00131799 0.0023434 -0.00520304 -0.000625417 -0.00393289 -0.00217911 -0.004098 -0.00109766 -0.00566818 -0.005907 -0.00507597 -0.00369405 -0.00611242 -0.00405394 -0.00653835 -0.00889329
internal_weight=12891 10961 6672 4289 1353 2936 1703 883 2580 1408 4969 4668 3422 514 1484 1096 894 278 1930 605 1246 1809 1188 295 301 470 669 356 190 135 160 519 148 153 379 290 339 621 555 252 131 282 237 303 121
internal_count=12891 10961 6672 4289 1353 2936 1703 883 2580 1408 4969 4668 3422 514 1484 1096 894 278 1930 605 1246 1809 1188 295 301 470 669 356 190 135 160 519 148 153 379 290 339 621 555 252 131 282 237 303 121
is_linear=0
shrinkage=0.02


Tree=6
num_leaves=26
num_cat=0
split_feature=38 53 53 53 51 36 35 34 50 36 52 52 34 37 34 30 35 37 43 46 44 15 4 9 10
split_gain=61.0507 26.3743 25.1761 20.9956 17.1551 22.2082 15.8441 19.147 14.6391 12.8718 10.3941 9.12876 4.64682 3.9693 3.5572 3.15379 3.17278 3.10207 2.51215 2.47215 1.91516 1.88529 1.58625 1.05267 0.572222
threshold=-0.031374821439385407 0.69493454694747936 0.38071574270725256 1.5798761844635012 -0.25499999523162836 0.36928029358386999 0.061907488852739341 0.037969063967466361 -1.1049999594688413 0.13641761988401416 0.86500000953674328 -2.314999938011169 0.063584916293621077 0.032388981431722648 0.17313789576292041 -0.14817050099372861 0.01778362970799208 0.018009108491241935 0.16077353060245517 0.35326485335826879 0.026091648265719417 0.71551722288131725 -0.075469512492418275 0.034296343103051193 0.01207604678347707
decision_type=2 8 8 10 8 2 2 2 8 2 8 8 2 2 2 2 2 2 2 2 2 2 2 2 2
left_child=2 14 22 4 5 21 12 17 -6 19 -11 -10 -3 -7 -2 -5 23 20 24 -9 -8 -4 -1 -17 -16
right_child=1 6 3 15 8 13 7 9 11 10 -12 -13 -14 -15 18 16 -18 -19 -20 -21 -22 -23 -24 -25 -26
leaf_value=-0.0063572990393716538 0.0085742198478667032 0.0078999571075493644 -0.0044095260599399397 0.0080953143179854931 0.008929273427847554 0.00055248330614338515 -0.0051686115731914943 -0.00087842204342098362 -0.0044822042312611032 -0.0040962917156264021 -0.0015932083252992472 0.0013889152429754368 0.0012309263815385764 0.0043236118187093405 0.0056130220711617385 0.0041953302724668162 0.0013288035466450087 -0.0013806521539443306 -0.00039099094562882944 0.0021413961245533102 -0.0078593292131554342 -0.0011728469939022274 -0.0030576288279884588 0.0069103930909152371 0.0027699437329799614
leaf_weight=150 60 63 504 116 99 387 399 156 105 899 2553 5724 119 155 79 168 111 67 60 340 173 88 113 116 63
leaf_count=150 60 63 504 116 99 387 399 156 105 899 2553 5724 119 155 79 168 111 67 60 340 173 88 113 116 63
internal_value=-4.91266e-05 -0.00176793 0.00105453 0.00126661 0.00098192 -0.00126892 -0.00210821 -0.00233855 0.00141309 -0.00181556 -0.00224836 0.00128073 0.00363551 0.00165064 0.00437595 0.00517036 0.00425433 -0.00554466 0.00301684 0.00119004 -0.00602091 -0.00393842 -0.0049938 0.00536843 0.00444196
internal_weight=12867 5031 7836 7573 7062 1134 4769 4587 5928 3948 3452 5829 182 542 262 511 395 639 202 496 572 592 263 284 142
internal_count=12867 5031 7836 7573 7062 1134 4769 4587 5928 3948 3452 5829 182 542 262 511 395 639 202 496 572 592 263 284 142
is_linear=0
shrinkage=0.02


Tree=7
num_leaves=29
num_cat=0
split_feature=38 53 53 53 35 53 54 38 53 35 34 52 54 53 52 30 34 34 38 43 53 4 41 45 31 9 10 40
split_gain=58.7336 24.2604 24.2075 19.8093 16.8755 20.5323 18.7695 19.3819 14.527 12.8264 17.6152 10.2934 16.0888 5.18457 4.95591 3.53611 3.44023 3.33002 2.96946 2.56584 2.07393 1.38691 1.15807 0.998687 0.794166 0.737606 0.378687 0.0601905
threshold=-0.031374821439385407 0.69493454694747936 0.38071574270725256 1.5798761844635012 -0.036971289664506905 1.0357586145401003 0.31250000000000006 -0.13258393853902814 0.80367776751518261 0.061907488852739341 0.037969063967466361 0.86500000953674328 -0.18349999934434888 2.1720325946807866 0.79499998688697826 -0.14817050099372861 0.064334463328123107 0.1751777455210686 -0.14744312316179273 0.13420026004314425 0.97094872593879711 -0.075469512492418275 0.38322162628173834 0.52457812428474437 1.1972106099128725 0.034296343103051193 0.011612578295171263 1.0376647710800173
decision_type=2 8 8 10 2 10 8 2 8 2 2 8 8 10 10 2 2 2 2 2 8 2 2 2 2 2 2 2
left_child=2 17 21 4 6 8 23 -8 -6 16 20 13 -13 -12 -7 -5 -3 -2 25 26 -11 27 -22 -4 -20 -17 -19 -1
right_child=1 9 3 15 5 14 7 -9 -10 10 11 12 -14 -15 -16 18 -18 19 24 -21 22 -23 -24 -25 -26 -27 -28 -29
leaf_value=-0.0051417700678281402 0.007629230302958926 0.0064820798359314603 -0.0050639680614536428 0.0081613565089547237 0.0048914258946747124 -0.0049585383726259728 0.0021710177195444972 -0.0022182396571661009 0.0016106956220396235 -0.002864487437547004 -0.0039102857218976175 0.0063614232538098652 -0.0014370025522831213 0.00035543297862506096 -0.00078115062314828621 0.0045413054465841983 0.00081021235351679184 0.0054747161111897893 0.00034459054292394563 -0.00066017717601319498 -0.0079771705796822506 -0.0030590528471007971 -0.0053691593541039364 -0.0030628102325308123 0.0031197517853536047 0.0073856718733551954 0.0029234020859961779 -0.0070869585565158299
leaf_weight=84 76 72 232 114 632 151 1028 657 3674 116 974 107 2801 128 442 121 103 60 62 62 106 116 393 220 131 81 65 67
leaf_count=84 76 72 232 114 632 151 1028 657 3674 116 974 107 2801 128 442 121 103 60 62 62 106 116 393 220 131 81 65 67
internal_value=-5.22156e-05 -0.00172965 0.00103506 0.00124529 0.000968262 0.00161492 -0.000513906 0.000458105 0.00209552 -0.00205453 -0.00225626 -0.00176984 -0.00114346 -0.00341429 -0.00186615 0.00504461 0.00321932 0.00415224 0.00408785 0.00263572 -0.00540222 -0.00484981 -0.00596952 -0.00411877 0.00225227 0.00577814 0.00425546 -0.0061326
internal_weight=12875 5063 7812 7545 7036 4899 2137 1685 4306 4800 4625 4010 2908 1102 593 509 175 263 395 187 615 267 499 452 193 202 125 151
internal_count=12875 5063 7812 7545 7036 4899 2137 1685 4306 4800 4625 4010 2908 1102 593 509 175 263 395 187 615 267 499 452 193 202 125 151
is_linear=0
shrinkage=0.02


Tree=8
num_leaves=44
num_cat=0
split_feature=49 38 49 49 37 36 9 35 31 43 52 35 25 12 35 34 31 31 54 10 9 38 27 8 48 36 4 4 41 48 53 13 3 37 30 44 39 11 2 32 11 11 20
split_gain=119.911 57.5801 39.1394 29.0738 22.1623 20.7985 17.733 11.3145 10.4303 10.6637 9.29265 7.66027 7.50561 6.88778 5.41606 5.13154 4.80915 4.52722 4.48185 4.36659 4.17542 4.00358 3.27288 3.01282 2.91102 2.43565 4.01239 1.48578 1.42284 1.18702 1.0463 0.775875 0.773975 0.764407 0.746294 0.373053 0.350356 0.3101 0.569987 0.16411 0.113753 0.0941948 0.036342
threshold=45.494998931884773 -0.031374821439385407 30.645000457763675 13.34500026702881 0.01818023901432753 0.28602690994739538 0.027976934798061851 0.16005659103393557 2.6080454587936406 -0.15159609913825986 2.745000004768372 0.11260691285133363 13.118371963500978 -0.063157849013805376 0.27576464414596563 0.082244019955396666 0.61733534932136547 3.0037451982498173 1.3535000085830691 0.023944367654621605 0.034949047490954406 -0.080313235521316514 -0.0080945277586579305 0.035486411303281791 0.16269258409738543 0.18464598804712298 0.010026098694652321 0.15104062110185626 0.60306361317634594 0.73275861144065868 1.0395900607109072 -0.17309243232011792 0.23733612895011905 0.015035864897072317 0.71884307265281688 0.018046697601675991 1.0123928785324099 0.01742818579077721 -0.025374405086040493 1.0952458977699282 0.015872070565819744 0.021094187162816528 0.20113114267587665
decision_type=10 2 8 10 2 2 2 2 2 2 10 2 2 2 2 2 2 2 10 2 2 2 2 2 2 2 2 2 2 2 10 2 2 2 2 2 2 2 2 2 2 2 2
left_child=1 2 4 5 21 16 10 12 9 22 15 29 -7 -9 -11 -5 34 18 -8 -10 25 33 -4 -13 -23 26 37 -18 35 -6 31 -28 -12 -1 -3 -27 -30 38 -2 -32 -38 -39 -22
right_child=20 3 8 6 11 7 17 13 19 14 32 23 -14 -15 -16 -17 27 -19 -20 -21 42 24 -24 -25 -26 28 30 -29 36 -31 39 -33 -34 -35 -36 -37 40 41 -40 -41 -42 -43 -44
leaf_value=0.003099788284409218 -0.0031645146696326516 -9.0187533640939945e-05 -0.003165326603129506 0.0081042140443584355 0.0050271348620991455 -0.0028324473955305329 0.0019465640500048332 -0.0058227836361620568 -5.7286961318319104e-05 0.0020106341020141904 -0.0022211957843229001 0.0023357033767050736 0.0019329152495841738 -0.0029956203490408479 -0.0014508798836856537 0.0036154172911381961 0.0048018627277652331 -0.0041671512776301203 -0.0012999181699173889 -0.0062617436686688869 -0.0067111987622920427 0.0041955978823130695 6.1575665488665008e-05 -0.00073014178543894556 0.0091676986432778582 -0.0041272570611326958 -0.003380725197447464 0.0018606497795760595 -0.0052862215115437429 0.0025726453120691506 -0.0033441111874964202 -0.0016089553707500238 0.00085383188867216146 0.0058569336394543323 -0.002459305767168601 -0.0063559984956357155 -0.0024812356193714279 -0.006152673164700073 -0.0053076646126337824 -0.0051294632141944017 -0.0039777353053214023 -0.0046818040501604846 -0.0094024868678478975
leaf_weight=62 113 187 137 175 330 256 294 473 80 3260 63 254 267 1332 189 264 106 114 395 103 61 64 1227 253 352 61 152 211 60 120 96 321 62 285 72 368 82 173 140 61 61 104 60
leaf_count=62 113 187 137 175 330 256 294 473 80 3260 63 254 267 1332 189 264 106 114 395 103 61 64 1227 253 352 61 152 211 60 120 96 321 62 285 72 368 82 173 140 61 61 104 60
internal_value=-1.29229e-05 0.000791941 0.00194627 -0.00102306 0.004546 -0.00215463 0.00137954 -0.00299593 0.00104885 0.00122793 0.00408777 0.00250503 -0.000400602 -0.00374546 0.00181956 0.00544992 0.00124179 -0.000529522 8.63614e-05 -0.00359946 -0.00463005 0.00708475 -0.000268038 0.000808548 0.00844066 -0.00437176 -0.00380187 0.00288307 -0.00539328 0.00439618 -0.00269774 -0.00219814 -0.000703905 0.00539795 -0.00077322 -0.00607227 -0.00388598 -0.00508987 -0.00440266 -0.0041272 -0.00319507 -0.00566008 -0.00824898
internal_weight=12900 10987 6716 4271 1720 2904 1367 2328 4996 4813 564 957 523 1805 3449 439 576 803 689 183 1913 763 1364 507 416 1792 1160 317 632 450 630 473 125 347 259 429 203 530 253 157 143 277 121
internal_count=12900 10987 6716 4271 1720 2904 1367 2328 4996 4813 564 957 523 1805 3449 439 576 803 689 183 1913 763 1364 507 416 1792 1160 317 632 450 630 473 125 347 259 429 203 530 253 157 143 277 121
is_linear=0
shrinkage=0.02


Tree=9
num_leaves=47
num_cat=0
split_feature=49 38 49 49 37 36 9 36 17 35 17 52 12 40 40 36 25 36 9 54 9 34 43 26 41 35 17 36 4 24 47 11 36 17 41 53 3 20 44 39 17 11 8 40 11 29
split_gain=115.292 53.3847 39.1069 26.1133 20.5005 19.1754 17.6767 10.6609 13.689 10.0889 9.54732 8.96002 8.81359 6.92762 6.76117 6.25851 5.92529 5.30337 4.32376 4.19251 4.07438 3.78166 3.04583 3.03793 2.7482 2.38754 2.38215 2.37277 3.82889 2.08275 2.05271 1.72396 1.61787 1.47027 1.23287 1.09203 0.936761 0.82315 0.390778 0.388954 0.373891 0.780514 0.219087 0.143584 0.133899 0.0396862
threshold=45.494998931884773 -0.031374821439385407 30.645000457763675 13.34500026702881 0.01818023901432753 0.27137702703475958 0.027976934798061851 0.11863755434751512 1.1117545962333681 0.17182568460702899 0.049582935869693763 2.745000004768372 -0.064677406102418886 1.3239139318466189 0.51478528976440441 0.60497850179672252 13.118371963500978 0.41280324757099157 0.034417703747749336 2.151999950408936 0.029347819276154045 0.080984178930521025 0.44019514322280889 0.019027837552130226 0.51383724808692943 0.076806981116533293 0.13576825708150866 0.18464598804712298 0.010026098694652321 30.840353012084964 0.52457812428474437 0.020806695334613327 0.14181652665138247 0.51543313264846813 0.60306361317634594 1.0395900607109072 0.23513402789831164 0.34686478972435003 0.017988250590860847 1.0007374286651614 0.16998601704835894 0.017952397465705875 0.026136307977139953 0.82609724998474132 0.015872070565819744 0.043482655659317977
decision_type=10 2 8 10 2 2 2 2 2 2 2 10 2 2 2 2 2 2 2 10 2 2 2 2 2 2 2 2 2 2 2 2 2 2 2 10 2 2 2 2 2 2 2 2 2 2
left_child=1 2 4 5 20 23 11 10 12 16 24 17 -9 -11 -12 25 -7 -5 27 21 33 -8 -10 32 -4 -6 -25 28 40 -22 -17 -21 -3 -1 38 37 -13 -30 -29 -36 45 -42 -37 -40 -41 -2
right_child=18 3 7 6 15 9 19 8 22 13 14 36 -14 -15 -16 30 -18 -19 -20 31 29 -23 -24 26 -26 -27 -28 34 35 -31 -32 -33 -34 -35 39 42 -38 -39 43 44 41 -43 -44 -45 -46 -47
leaf_value=0.0098725852894547741 -0.0050193808635954464 0.00047070684214406536 -0.0025736679802746414 0.0075390815384805627 0.0045118901376121311 -0.0027107828891746806 0.0040730951539779967 -0.00011834583565898577 -0.0026977808219204951 -0.0032599281367225431 -0.0033168235352153286 -0.0023218422685209929 0.0024288185925757312 -0.0080998559834578859 0.0031546101989320652 0.0012512135836757249 0.0012061631916014182 0.0031181266883963331 -0.0082467650376981307 -0.0015250045217452914 0.0047327770610120804 -0.00034128753957887763 -0.0080472642278298749 -0.00040011418246208355 0.00064093099389146702 0.0021907058244572336 0.003330703167835688 -0.0040042215042340101 -0.0025185754614409916 0.008814018375615575 -0.0027312313749301292 -0.0049593568679300098 -0.0032372041082743444 0.0068856327640457772 -0.0053757141095305237 -0.003165111661085393 0.0010379177480317595 -0.00021400460371604331 -0.004933027972142851 -0.0024614804298292063 -0.0028720505321479361 -0.0054946420259189364 -0.0051442677158547532 -0.006591466922743836 -0.0040144443683552021 -0.0062917120834213823
leaf_weight=187 203 161 140 215 362 289 92 2034 103 1607 65 66 738 127 1487 108 325 233 121 213 337 421 77 91 412 371 261 61 403 64 94 81 63 175 60 77 61 75 86 83 112 99 68 278 63 109
leaf_count=187 203 161 140 215 362 289 92 2034 103 1607 65 66 738 127 1487 108 325 233 121 213 337 421 77 91 412 371 261 61 403 64 94 81 63 175 60 77 61 75 86 83 112 99 68 278 63 109
internal_value=-1.94312e-05 0.000762331 0.00187153 -0.000977324 0.00449514 -0.00204754 0.00128583 0.000988084 0.000211823 -0.00284917 0.00207488 0.00395609 0.000561328 -0.00362836 0.00287706 0.00249586 -0.000640076 0.00527804 -0.00456944 -0.000623147 0.00692444 0.000467516 -0.00508604 0.0012163 -0.000182069 0.00335212 0.00236815 -0.00430501 -0.00373724 0.00544724 -0.000609974 -0.00251511 -0.000596738 0.00849982 -0.00531202 -0.00265285 -0.000713695 -0.00216265 -0.0059568 -0.00391058 -0.00500457 -0.00416701 -0.00418549 -0.00624589 -0.00320564 -0.00552274
internal_weight=12958 11060 6754 4306 1698 2924 1382 5056 2952 2348 2104 575 2772 1734 1552 935 614 448 1898 807 763 513 180 576 552 733 352 1777 1146 401 202 294 224 362 631 623 127 478 425 206 523 211 145 364 146 312
internal_count=12958 11060 6754 4306 1698 2924 1382 5056 2952 2348 2104 575 2772 1734 1552 935 614 448 1898 807 763 513 180 576 552 733 352 1777 1146 401 202 294 224 362 631 623 127 478 425 206 523 211 145 364 146 312
is_linear=0
shrinkage=0.02


Tree=10
num_leaves=44
num_cat=0
split_feature=49 38 49 49 37 37 36 36 36 31 12 31 35 40 40 36 25 36 31 9 31 44 24 36 4 11 38 24 39 30 47 53 41 41 40 39 10 24 11 44 44 8 40
split_gain=108.271 52.075 36.923 26.6799 20.5436 19.8286 16.8291 10.029 9.472 13.0139 10.3821 10.11 8.56281 7.36542 6.3902 6.28599 6.1451 6.02415 4.01194 3.87844 3.87463 3.14478 2.74079 2.57962 3.96135 2.32223 2.10524 1.68483 1.49768 1.93459 1.48978 1.43637 1.3586 1.04509 0.848765 0.713475 0.652259 0.338247 0.432927 0.251735 0.221218 0.149675 0.0435304
threshold=45.494998931884773 -0.031374821439385407 30.645000457763675 15.050000190734865 0.01818023901432753 0.015450918581336738 0.28602690994739538 0.28324116766452795 0.12040322646498682 2.5593363046646123 -0.063938673585653291 0.32882027328014379 0.16005659103393557 1.3239139318466189 0.53209951519966137 0.40338355302810674 13.280940532684328 0.62188619375228893 0.61733534932136547 0.034949047490954406 0.76487344503402721 0.013431043364107611 20.753224372863773 0.18464598804712298 0.010026098694652321 0.024172917939722541 -0.055544052273035042 28.326705932617191 0.90636062622070324 0.017967659980058674 0.5524578094482423 1.0395900607109072 0.61735206842422496 0.65543344616889965 0.73811894655227672 0.50090318918228161 0.013362068217247726 18.456739425659183 0.01742818579077721 0.017988250590860847 0.017691183835268024 0.026136307977139953 0.99245202541351329
decision_type=10 2 8 10 2 2 2 2 2 2 2 2 2 2 2 2 2 2 2 2 2 2 2 2 2 2 2 2 2 2 2 10 2 2 2 2 2 2 2 2 2 2 2
left_child=1 2 4 6 20 7 18 -5 11 10 -10 21 16 -14 -13 -9 -8 22 34 23 26 -4 -6 24 37 -11 -1 -22 35 -30 -19 36 39 -20 -3 -7 -26 -2 -39 -25 -34 -33 -41
right_child=19 3 8 5 17 28 12 15 9 25 -12 14 13 -15 -16 -17 -18 30 33 -21 27 -23 -24 32 31 -27 -28 -29 29 -31 -32 41 40 -35 -36 -37 -38 38 -40 42 -42 -43 -44
leaf_value=0.0062672233348804529 -0.0058458514956085464 -0.0028633555765122626 0.0016236662420690759 -0.0021989008539505762 0.0050241491245148788 -0.0013791748886578716 -0.0025811597902424864 0.0075741461991339701 -0.00019468590458105052 -0.0028742336870577092 0.0026638804926679745 -0.0029831716652581651 -0.0029612449302984858 -0.0077998505629680668 0.0032856873878954781 0.0028465749228212146 0.001766923524039687 0.00059508104896643661 0.0027783488147611296 -0.0079715655043721204 0.0048724088248573777 -0.00096494520747911238 0.0023354351694866641 -0.0041497100260108706 -0.0029786056385498667 -0.0080639173839986318 0.010522749103852456 0.0075048849917723837 0.00018641599161193183 -0.0027377466637581544 -0.0032170997768454254 -0.003341035489623619 -0.0043120281472966999 -8.8119903845446446e-05 -0.00025651925700636907 0.0011114493864388462 -0.0014149823138986256 -0.0035600045870444975 -0.0051511854204412521 -0.0064907997409425358 -0.0025978581358511478 -0.0050547096621043775 -0.0051924636741544341
leaf_weight=98 155 63 319 78 214 61 256 255 2035 75 674 66 1839 134 1315 211 258 88 303 117 352 447 558 62 171 72 148 163 143 239 72 88 110 60 213 160 320 174 203 254 75 71 121
leaf_count=98 155 63 319 78 214 61 256 255 2035 75 674 66 1839 134 1315 211 258 88 303 117 352 447 558 62 171 72 148 163 143 239 72 88 110 60 213 160 320 174 203 254 75 71 121
internal_value=-4.60212e-05 0.000721306 0.00182187 -0.00100317 0.00437248 0.00160241 -0.00196015 0.00436049 0.000956449 0.000201012 0.000518318 0.00195921 -0.00270343 -0.00330172 0.00297955 0.00546758 -0.000399136 0.00236822 0.00093027 -0.00442231 0.00680686 0.000113908 0.00309861 -0.00417871 -0.00360701 -0.00553323 0.00892741 0.00574617 -0.000893431 -0.00164758 -0.0011419 -0.0025366 -0.005241 0.00230498 -0.000879533 0.000410264 -0.00197635 -0.00489142 -0.00445333 -0.00587212 -0.00367496 -0.00419187 -0.00611905
internal_weight=12890 10969 6696 4273 1693 1147 3126 544 5003 2856 2709 2147 2487 1973 1381 466 514 932 639 1921 761 766 772 1804 1182 147 246 515 603 382 160 650 622 363 276 221 491 532 377 437 185 159 375
internal_count=12890 10969 6696 4273 1693 1147 3126 544 5003 2856 2709 2147 2487 1973 1381 466 514 932 639 1921 761 766 772 1804 1182 147 246 515 603 382 160 650 622 363 276 221 491 532 377 437 185 159 375
is_linear=0
shrinkage=0.02


Tree=11
num_leaves=42
num_cat=0
split_feature=49 49 36 36 37 34 16 31 9 43 49 54 40 31 53 35 34 9 44 10 30 34 40 36 37 36 4 10 29 37 41 9 53 31 11 31 40 8 40 29 40
split_gain=104.799 41.0885 43.3616 39.6324 22.4063 19.315 14.9049 12.6417 11.8362 10.7822 10.7222 9.08829 7.90152 7.48195 6.58896 6.20387 4.18778 3.84684 3.70344 4.27833 3.57771 3.06083 2.82184 2.5342 2.35637 2.32812 3.64507 1.80792 1.73057 1.44022 1.42703 1.24319 1.13535 0.76414 0.490902 0.619258 0.426071 0.26863 0.265522 0.28872 0.176329
threshold=45.494998931884773 12.944999694824221 0.13641761988401416 0.43326415121555334 0.027412694878876213 0.12047776207327844 0.021970585919916633 0.3689310103654862 0.022907482460141185 0.52524745464324962 40.170000076293952 1.5205000042915346 0.51478528976440441 3.0810302495956425 0.95476597547531139 -0.0017152473446913061 0.033096395432949073 0.034949047490954406 0.013653873465955259 0.038327610120177276 0.013462691567838194 -0.05412610433995723 0.84809222817420971 0.35797110199928289 0.01818023901432753 0.18464598804712298 0.010026098694652321 0.011762572452425958 0.059767063707113273 0.022084853611886505 0.60306361317634594 0.037090493366122253 1.0395900607109072 0.7043060064315797 0.01742818579077721 0.25263704359531408 1.0519180893898012 0.025484987534582618 0.85552802681922924 0.049794303253293044 0.9342622458934785
decision_type=10 10 2 2 2 2 2 2 2 2 10 10 2 2 8 2 2 2 2 2 2 2 2 2 2 2 2 2 2 2 2 2 10 2 2 2 2 2 2 2 2
left_child=1 2 7 5 6 10 8 18 -4 11 14 27 -9 -8 -3 31 -13 25 22 -20 24 -14 -1 -22 -7 26 34 -5 -17 -12 38 -6 33 -28 35 -2 -32 -34 -27 -40 -36
right_child=17 3 4 9 15 20 13 12 -10 -11 29 16 21 -15 -16 28 -18 -19 19 -21 23 -23 -24 -25 -26 30 32 -29 -30 -31 36 -33 37 -35 40 -37 -38 -39 39 -41 -42
leaf_value=-0.00062769163314767772 -0.0052197251215593907 0.0082964417773627314 -0.0026136581171474355 0.0048123258240197015 0.0069150260249531371 0.0013753932582063449 -0.0025038218242239775 -0.0038212590327681003 0.00072925638753969864 -0.0064497830052043974 0.0016222310336505711 0.0009454212124424111 0.0052687470389381052 -0.0065003959923499053 0.0051141863512676475 -0.001581930748178164 -0.0017773334151046035 -0.0078553293046256731 -0.0014908868524207619 0.0039423739259059612 -0.00069165254250153746 0.002824127065917057 0.0028016401301598453 0.0034413047764603405 0.0052525264313645218 -0.0046384556538887544 -0.00079689475670274281 0.001918974464565302 0.0019365761618416097 0.004825351734192589 -0.0044196993377314418 0.0031637102243575184 -0.0029769746374229294 -0.0025393445859622698 -0.0041622921071946617 -0.0030386356323321042 -0.0023685990439338998 -0.0049837168829950998 -0.0052761514601492865 -0.0070267524795568984 -0.0058885360453183279
leaf_weight=149 108 455 653 112 120 145 2099 64 1193 94 269 366 247 205 677 76 580 118 535 62 314 1354 260 70 113 130 150 398 189 71 114 63 82 342 77 147 88 74 164 145 194
leaf_count=149 108 455 653 112 120 145 2099 64 1193 94 269 366 247 205 677 76 580 118 535 62 314 1354 260 70 113 130 150 398 189 71 114 63 82 342 77 147 88 74 164 145 194
internal_value=-4.82404e-05 0.000710984 -0.000159543 0.00243701 -0.00133673 0.00421613 -0.00179593 0.00186577 -0.00045504 6.42133e-06 0.00547711 0.000436327 0.00293375 -0.00286784 0.0064127 0.00289845 -0.000723209 -0.00433736 9.37358e-05 -0.000908071 0.00131134 0.00321105 0.00155442 8.00036e-05 0.0031182 -0.00409551 -0.0035429 0.00258075 0.000917351 0.00233039 -0.00508484 0.00570082 -0.0025158 -0.00201818 -0.0047849 -0.00401622 -0.00357877 -0.00401125 -0.00574659 -0.0061605 -0.00545265
internal_weight=12866 10933 7269 3664 4598 2114 4150 2671 1846 1550 1472 1456 1665 2304 1132 448 946 1933 1006 597 642 1601 409 384 258 1815 1174 510 265 340 641 183 648 492 526 255 202 156 439 309 271
internal_count=12866 10933 7269 3664 4598 2114 4150 2671 1846 1550 1472 1456 1665 2304 1132 448 946 1933 1006 597 642 1601 409 384 258 1815 1174 510 265 340 641 183 648 492 526 255 202 156 439 309 271
is_linear=0
shrinkage=0.02


Tree=12
num_leaves=30
num_cat=0
split_feature=38 53 53 53 35 53 38 54 35 34 53 50 36 34 37 37 37 30 53 37 35 2 8 35 4 44 9 10 40
split_gain=48.4897 21.5374 20.1282 15.6218 14.0999 17.3088 15.3374 13.1336 12.1805 11.4832 11.4393 9.4926 8.06573 8.60128 7.52747 6.75957 6.17933 3.15415 2.78008 2.34302 2.30709 2.20068 2.00584 1.87948 1.40325 1.19532 0.825421 0.284815 0.0915734
threshold=-0.031374821439385407 0.69493454694747936 0.38071574270725256 1.5798761844635012 -0.036971289664506905 1.0357586145401003 -0.13572793453931806 0.31250000000000006 0.12688088417053225 0.037969063967466361 0.80367776751518261 0.59999999403953563 0.13641761988401416 0.16220199316740039 0.0097428737208247202 0.012436260003596546 0.021103329025208954 -0.14817050099372861 0.97094872593879711 0.010324374306946995 0.01778362970799208 0.097633406519889845 0.027258809655904773 0.24396758526563647 -0.075469512492418275 0.025970475748181347 0.034296343103051193 0.010545115917921068 1.0376647710800173
decision_type=2 8 8 10 2 10 2 8 2 2 8 10 2 2 2 2 2 2 8 2 2 2 2 2 2 2 2 2 2
left_child=2 19 24 4 6 10 7 -4 11 18 -6 14 23 -14 21 -8 -7 -5 -10 22 26 -3 27 -11 28 -20 -19 -2 -1
right_child=1 8 3 17 5 16 15 -9 9 12 -12 -13 13 -15 -16 -17 -18 20 25 -21 -22 -23 -24 -25 -26 -27 -28 -29 -30
leaf_value=-0.0047344887050431829 0.005337274400458213 -0.0005681964858010503 -0.0032734401489623709 0.0073681081066243968 0.0043952898535349035 -0.003952900407143408 0 0.001952582095532622 -0.0012391418775014984 -0.00089415434194651589 0.0014899411719874478 0.0068215936766135403 -0.0028194316400263941 -0.00053797514175691794 -0.0053376219926520863 -0.0036624495625003314 0.00011356648816396455 0.0035285437840979587 -0.0047521130653978647 0.007058167897611857 0.0011423785294063836 0.0023862618996451299 -3.89393563584789e-05 0.0018174731633643904 -0.0026614770395952899 -0.0071444369169531875 0.0059652209315906504 0.002976519620977342 -0.0066664169902514135
leaf_weight=83 60 194 234 119 635 266 302 1019 71 166 3682 87 2364 921 91 602 335 163 308 72 114 204 66 256 117 148 111 60 67
leaf_count=83 60 194 234 119 635 266 302 1019 71 166 3682 87 2364 921 91 602 335 163 308 72 114 204 66 256 117 148 111 60 67
internal_value=-4.45565e-05 -0.00156908 0.000939906 0.0011307 0.000886408 0.00147748 -0.000460968 0.000970329 -0.00187186 -0.00224297 0.00192028 0.000851863 -0.00184692 -0.00218117 -0.000243323 -0.00244258 -0.00169527 0.00451243 -0.00500078 0.00402852 0.00358422 0.000950178 0.00275705 0.000749679 -0.00442664 -0.00557237 0.00457319 0.00426641 -0.00571775
internal_weight=12917 5068 7849 7582 7075 4918 2157 1253 4810 4234 4317 576 3707 3285 489 904 601 507 527 258 388 398 186 422 267 456 274 120 150
internal_count=12917 5068 7849 7582 7075 4918 2157 1253 4810 4234 4317 576 3707 3285 489 904 601 507 527 258 388 398 186 422 267 456 274 120 150
is_linear=0
shrinkage=0.02


Tree=13
num_leaves=47
num_cat=0
split_feature=49 38 49 49 36 36 9 35 43 40 31 52 25 40 37 36 31 54 31 31 9 13 35 36 4 9 24 4 2 41 36 16 16 30 53 13 3 11 3 53 40 40 40 41 8 20
split_gain=101.755 46.3753 32.8334 24.2361 18.6891 18.2887 15.9214 9.19409 8.88692 8.86942 9.54914 8.02462 6.43539 5.816 5.75968 4.85863 4.52542 4.20124 3.97933 3.8605 3.65483 2.61697 3.12101 2.10598 3.61873 2.06357 1.91439 1.31129 1.1935 1.18537 1.09285 0.927296 0.920971 0.915708 0.88901 0.798193 0.750866 0.310243 0.53946 0.410779 0.30361 0.253838 0.268571 0.225966 0.155418 0.0793283
threshold=45.494998931884773 -0.031374821439385407 30.645000457763675 13.34500026702881 0.4737622737884522 0.28602690994739538 0.027976934798061851 0.16005659103393557 -0.23063848912715909 0.49359729886054998 2.6080454587936406 2.745000004768372 14.147614955902101 1.3239139318466189 0.017730766907334331 0.41280324757099157 3.0037451982498173 1.3535000085830691 0.76487344503402721 0.61733534932136547 0.034949047490954406 -0.20015723258256909 0.055821008980274207 0.18464598804712298 0.010026098694652321 0.036595953628420837 18.944939613342289 0.089637074619531645 -0.01977529656141996 0.60096538066864025 0.72732818126678478 0.018100848421454433 0.026717389933764938 0.71884307265281688 1.0395900607109072 -0.040195634588599198 0.23733612895011905 0.01742818579077721 -0.22492959350347516 0.69493454694747936 1.039711117744446 0.85958406329154979 0.99645674228668224 0.46878732740879064 0.026330214925110344 0.21452748775482181
decision_type=10 2 8 10 2 2 2 2 2 2 2 10 2 2 2 2 2 10 2 2 2 2 2 2 2 2 2 2 2 2 2 2 2 2 10 2 2 2 2 10 2 2 2 2 2 2
left_child=1 2 4 5 14 19 11 12 21 31 -11 15 -7 -9 18 -5 17 -8 -1 33 23 22 -4 24 37 30 -16 -21 -23 41 -6 -10 -27 -3 35 -26 -13 39 -39 -2 -31 43 -43 -25 -36 -22
right_child=20 3 8 6 25 7 16 13 9 10 -12 36 -14 -15 26 -17 -18 -19 -20 27 45 28 -24 29 34 32 -28 -29 -30 40 -32 -33 -34 -35 44 -37 -38 38 -40 -41 -42 42 -44 -45 -46 -47
leaf_value=0.0085826613424181287 -0.0050325839346895621 0.00012243209670532892 -0.001305170918011974 0.0071259840816093826 0.002059704265137264 -0.0025384878897019738 0.0018802226626996768 -0.0030907432391056072 -0.0050553731450496556 0.0017182597635397184 -0.0029627945269330765 -0.0021975458890806433 0.0019397243071617859 -0.0073727598881881155 0.005809367610634688 0.0029162731508978208 -0.0041808607511032939 -0.0012834587506045103 0.0053660006056659793 0.0051836670247139404 -0.006165056547002187 -0.0053401034466588676 0.0013595505784924653 -0.0055206190903508466 -0.0024402540977306176 -0.0032488505240577015 0.002992681658185092 0.0019657588037229035 -0.0014752315099402849 -0.0043888927160716448 -0.000929048687190516 -0.0017187195229344072 1.566842140656122e-05 -0.0024707622840698506 -0.0030013206145199744 -0.00041754674735980542 0.00085549224478133497 -0.0039860715276414625 -0.0061384112746397292 -0.0031858790673800863 -0.0026395090819429606 -0.0066405046370333785 -0.0048771746348307918 -0.0033033381537393189 -0.0046815890171698158 -0.0088030172910482166
leaf_weight=246 117 203 519 222 211 263 289 1667 74 3748 180 63 245 137 133 230 115 392 505 64 60 64 262 60 385 66 415 255 69 119 61 69 68 71 89 101 60 111 159 139 97 186 116 63 67 60
leaf_count=246 117 203 519 222 211 263 289 1667 74 3748 180 63 245 137 133 230 115 392 505 64 60 64 262 60 385 66 415 255 69 119 61 69 68 71 89 101 60 111 159 139 97 186 116 63 67 60
internal_value=-4.18864e-05 0.000703492 0.00174305 -0.000922796 0.00413658 -0.00195669 0.00126668 -0.00275979 0.000922207 0.00132229 0.0015014 0.00379359 -0.000378055 -0.00342818 0.00530494 0.00501942 -0.000564809 6.00275e-05 0.00645094 0.0011709 -0.00427425 -0.000857167 -0.000408187 -0.0040358 -0.00350659 0.000384497 0.00370602 0.00265674 -0.00341914 -0.00497772 0.00138297 -0.00352063 -0.00162086 -0.000565399 -0.00247609 -0.00202708 -0.000715413 -0.00474128 -0.00531075 -0.00408226 -0.00365478 -0.00561743 -0.00602111 -0.00449857 -0.00380398 -0.0076747
internal_weight=12895 10966 6690 4276 1705 2905 1371 2312 4985 4071 3928 575 508 1804 1299 452 796 681 751 593 1929 914 781 1809 1168 406 548 319 133 641 272 143 134 274 642 486 123 526 270 256 216 425 302 123 156 120
internal_count=12895 10966 6690 4276 1705 2905 1371 2312 4985 4071 3928 575 508 1804 1299 452 796 681 751 593 1929 914 781 1809 1168 406 548 319 133 641 272 143 134 274 642 486 123 526 270 256 216 425 302 123 156 120
is_linear=0
shrinkage=0.02


Tree=14
num_leaves=45
num_cat=0
split_feature=49 38 49 49 37 37 16 31 43 15 9 35 44 31 45 38 10 27 9 3 35 44 43 53 37 8 48 24 13 24 48 41 3 41 44 49 18 41 30 5 46 24 11 11
split_gain=94.425 43.708 32.5621 23.4714 21.1351 17.9836 9.32375 8.38716 10.333 7.3836 6.50549 6.19913 5.7313 4.60007 5.74167 4.45033 4.23108 3.79524 3.78655 3.5713 3.23483 2.8881 2.7541 3.48242 2.6756 2.34152 1.81747 1.56583 1.46065 1.38861 1.37535 1.02923 0.988961 0.878552 0.826581 0.669278 0.54347 0.501377 0.610972 0.478492 0.282306 0.169892 0.113015 0.0423255
threshold=44.45000076293946 -0.031374821439385407 30.645000457763675 15.050000190734865 0.015450918581336738 0.01818023901432753 0.021970585919916633 2.4818781614303593 0.012507608626037838 0.3189655095338822 0.031723646447062499 0.15713522583246234 0.017324256710708145 3.1686798334121709 0.59097579121589672 -0.056973231956362717 0.025394555181264881 -0.010532152839004992 0.033469753339886672 0.24478706717491153 0.28031969070434576 0.030149823054671291 -0.092201236635446535 1.0395900607109072 0.012492316775023939 0.032987348735332496 0.27622890472412115 33.176282882690437 -0.11203890666365622 20.197222709655765 0.50531914830207836 0.5597859025001527 0.44652573764324194 0.36159324645996099 0.022325248457491401 28.364999771118168 -0.00053196688531897951 0.60684487223625194 0.50186291337013256 0.99920392036437999 0.1241746135056019 22.893459320068363 0.020603423938155178 0.016156830824911598
decision_type=10 2 8 10 2 2 2 2 2 2 2 2 2 2 2 2 2 2 2 2 2 2 2 10 2 2 2 2 2 2 2 2 2 2 2 10 2 2 2 2 2 2 2 2
left_child=1 2 5 6 10 15 9 8 17 19 24 29 -11 14 -8 27 -9 -4 22 -3 -10 -15 37 28 -5 -13 -17 -1 36 -7 32 39 -6 -20 -30 -32 -24 42 40 -25 -39 -33 43 -2
right_child=18 3 7 4 30 11 13 16 20 12 -12 25 -14 21 -16 26 -18 -19 33 -21 -22 -23 23 31 -26 -27 -28 -29 34 -31 35 41 -34 -35 -36 -37 -38 38 -40 -41 -42 -43 -44 -45
leaf_value=0.0045174765341862112 -0.0050533798890004689 -0.0056939455544047848 -0.0024214869764912872 0.0041927223221227663 0.0011557967279992205 0.0053316115464693238 -0.0031944566558006764 -0.00023705773714014836 0.002282991861768625 -0.0012508871221844004 -0.0011540979512355989 0.0023965600257457205 0.0017694649372854507 -0.002333597255129318 -0.00076267727285543423 0.0053476824856711078 -0.0058678942126795079 0.00044404739725550316 -0.0053840564484588602 -0.001045516818680841 -0.0010179968575532658 -0.0075438590700417267 -0.0023465154153900674 -0.0043411643853339043 0.0076109822478346734 -0.00060662338482215996 0.0093043693090313021 0.0080519474227704214 -0.0017344536844139896 0.0029953120444447569 -0.0011365754206929442 -0.0024944111428944868 -0.0010928436285803016 -0.0092504289878739248 0.0007768458264287223 -0.0032838062039088635 -0.0040117535193685012 -0.0062037471239246534 -0.0025191668345556631 -0.0062679765609213881 -0.0043371125032275653 -0.0038419551990127986 -0.0043672713095706606 -0.0069734525361726451
leaf_weight=383 68 131 197 220 171 159 1074 111 2040 470 61 162 533 73 613 80 101 2436 75 135 124 116 203 178 182 277 222 64 260 348 217 99 139 60 63 81 160 64 74 128 282 137 60 83
leaf_count=383 68 131 197 220 171 159 1074 111 2040 470 61 162 533 73 613 80 101 2436 75 135 124 116 203 178 182 277 222 64 260 348 217 99 139 60 63 81 160 64 74 128 282 137 60 83
internal_value=-2.54336e-05 0.000705567 0.00170874 -0.00088946 0.00166405 0.0041026 -0.00176011 0.000896511 0.00106929 -0.000433574 0.00486941 0.00225675 0.000353642 -0.00265477 -0.00231434 0.00641432 -0.00296877 0.000226758 -0.00402425 -0.00337647 0.00209223 -0.00560454 -0.00377642 -0.00320581 0.00578768 0.000508095 0.00832243 0.00507606 -0.00223975 0.00375701 -0.000787171 -0.00440763 0.00014353 -0.00727343 -0.00123892 -0.00175045 -0.0031101 -0.0048649 -0.00436809 -0.00520342 -0.00473561 -0.00331926 -0.00577404 -0.00623056
internal_weight=12914 10920 6704 4216 1071 1695 3145 5009 4797 1269 463 946 1003 1876 1687 749 212 2633 1994 266 2164 189 1859 1228 402 439 302 447 686 507 608 542 310 135 323 298 363 631 420 306 346 236 211 151
internal_count=12914 10920 6704 4216 1071 1695 3145 5009 4797 1269 463 946 1003 1876 1687 749 212 2633 1994 266 2164 189 1859 1228 402 439 302 447 686 507 608 542 310 135 323 298 363 631 420 306 346 236 211 151
is_linear=0
shrinkage=0.02


Tree=15
num_leaves=46
num_cat=0
split_feature=49 38 49 49 36 36 9 36 31 31 12 15 16 49 40 37 31 36 36 54 31 9 40 46 10 36 4 36 44 24 47 4 41 30 3 53 31 13 44 30 3 39 2 8 30
split_gain=89.9684 42.0047 31.8833 21.876 16.9025 16.3492 15.3282 9.39099 11.1352 8.97842 8.70588 7.56897 7.49966 6.73214 6.27151 5.3325 4.55572 4.2892 4.26729 4.00135 3.81911 3.55961 3.35851 3.16029 2.6451 2.18847 3.23809 2.03643 1.6288 1.49709 1.35454 1.15832 0.97765 0.78744 0.772105 0.690396 0.723031 0.486843 0.352485 0.456629 0.348081 0.333541 0.243602 0.221547 0.187242
threshold=45.494998931884773 -0.031374821439385407 30.645000457763675 13.34500026702881 0.46838140487670904 0.27513739466667181 0.027976934798061851 0.11863755434751512 2.5593363046646123 0.3689310103654862 -0.063938673585653291 0.52586206793785106 0.028236421756446365 19.085000038146976 0.53209951519966137 0.017730766907334331 3.0037451982498173 0.41280324757099157 0.35348801314830786 2.151999950408936 0.61733534932136547 0.034949047490954406 0.74582064151763927 0.10491563007235528 0.023944367654621605 0.18464598804712298 0.010026098694652321 0.62188619375228893 0.027894697152078155 18.944939613342289 0.59097579121589672 0.15104062110185626 0.60306361317634594 0.73331484198570263 0.22163166850805285 1.0395900607109072 0.7043060064315797 -0.28711420297622675 0.017988250590860847 -0.24765607714653012 -0.22492959350347516 1.0123928785324099 -0.025374405086040493 0.026330214925110344 0.40184633433818823
decision_type=10 2 8 10 2 2 2 2 2 2 2 2 2 10 2 2 2 2 2 10 2 2 2 2 2 2 2 2 2 2 2 2 2 2 2 10 2 2 2 2 2 2 2 2 2
left_child=1 2 4 5 15 20 13 9 10 23 -9 18 -13 17 -11 22 19 -5 -7 -8 33 25 -1 -4 -10 26 37 28 -6 -17 -29 -22 38 -3 -15 36 -28 40 -27 -40 -2 -34 -39 -37 -43
right_child=21 3 7 6 27 11 16 8 24 14 -12 12 -14 34 -16 29 -18 -19 -20 -21 31 -23 -24 -25 -26 32 35 30 -30 -31 -32 -33 41 -35 -36 43 -38 42 39 -41 -42 44 -44 -45 -46
leaf_value=0.0017156773068462358 -0.0038873412186788965 3.7337631173490377e-05 -0.0020621750082146393 0.0068266581685099423 0.0027537410156401386 -0.0024751573334173957 0.0012112742572250796 -0.00026356374335851084 -0.0015992432500989665 -0.0032702887879595866 0.0023014922470257801 -0.00038263467725927971 -0.0043263528473485172 -0.0020712163628389436 0.0032281176770091258 0.0054746654000271252 -0.0042634225197407047 0.0028527166064220909 -0.0047965384311674537 -0.0019633489043177927 0.004251537743234694 -0.0074358540218944363 0.0066650847533134116 0.00089144702916129346 -0.0070362144727061969 -0.0035243843885255045 -0.00072289931079936459 0.00022852782552858979 -0.00068615740049807802 0.0029621221096210988 -0.0034144596274456253 0.001661347356493153 -0.0048317805633414533 -0.0023555291940176269 0.0010587751065040864 -0.0026233846035826464 -0.0024194203085471967 -0.0026926008896281323 -0.0036095821828773566 -0.0059500384776802438 -0.0056403027454205836 -0.0035726840995590793 -0.0042704008486998211 -0.0044324003886169116 -0.0018879990092212601
leaf_weight=63 115 196 184 216 160 646 418 2067 60 60 708 788 253 60 1201 132 114 233 650 252 110 117 671 640 97 61 149 98 81 416 66 202 61 73 60 89 343 102 60 310 188 74 124 68 67
leaf_count=63 115 196 184 216 160 646 418 2067 60 60 708 788 253 60 1201 132 114 233 650 252 110 117 671 640 97 61 149 98 81 416 66 202 61 73 60 89 343 102 60 310 188 74 124 68 67
internal_value=-5.93958e-05 0.000640798 0.00162815 -0.000908832 0.00400439 -0.00188303 0.00119098 0.000827014 9.65623e-05 0.00185211 0.000392291 -0.00262894 -0.00135173 0.00368094 0.0029111 0.0051274 -0.000622018 0.00479929 -0.00364859 1.23217e-05 0.00111372 -0.00404052 0.00625034 0.000225603 -0.00503359 -0.00380868 -0.00327783 0.000435554 0.00159927 0.00359566 -0.00126657 0.00260952 -0.00477487 -0.000627169 -0.000510437 -0.0023099 -0.00191515 -0.00444374 -0.00533946 -0.00560527 -0.00502289 -0.00350483 -0.00360727 -0.00348157 -0.00283512
internal_weight=12903 10975 6704 4271 1687 2918 1353 5017 2932 2085 2775 2337 1041 569 1261 1282 784 449 1296 670 581 1928 734 824 157 1811 1178 405 241 548 164 312 633 269 120 649 492 529 431 370 303 202 226 157 141
internal_count=12903 10975 6704 4271 1687 2918 1353 5017 2932 2085 2775 2337 1041 569 1261 1282 784 449 1296 670 581 1928 734 824 157 1811 1178 405 241 548 164 312 633 269 120 649 492 529 431 370 303 202 226 157 141
is_linear=0
shrinkage=0.02


Tree=16
num_leaves=46
num_cat=0
split_feature=49 38 49 49 37 37 36 40 34 36 17 31 33 35 36 40 10 31 9 36 40 43 36 46 35 40 13 31 30 9 38 13 36 39 29 5 43 30 29 40 40 53 44 25 41
split_gain=87.2517 39.398 26.1775 22.0053 17.2737 15.8106 13.7572 9.96851 9.10746 8.73452 11.062 8.7965 8.13876 7.29137 5.52305 4.96651 4.68096 3.72742 3.53536 3.46308 2.64119 2.25985 2.59094 2.24002 2.05063 1.80897 1.50825 1.47859 1.4602 1.46943 1.38282 1.31888 1.26051 1.01473 0.772763 0.745524 0.688407 0.624625 0.475606 0.418982 0.351521 0.489495 0.235735 0.165741 0.111119
threshold=45.494998931884773 -0.031374821439385407 30.645000457763675 15.050000190734865 0.01818023901432753 0.015721529722213749 0.2204668000340462 1.3239139318466189 0.090678893029689803 0.11863755434751512 0.96310296654701244 0.32882027328014379 -0.0079799871891736967 0.17182568460702899 0.62188619375228893 0.53209951519966137 0.023944367654621605 0.75835511088371288 0.034949047490954406 0.3566360622644425 0.84809222817420971 -0.092201236635446535 0.19856457412242892 0.35326485335826879 0.076806981116533293 0.75682073831558239 -0.098766610026359544 0.88095909357070934 0.027420722879469398 0.034685881808400161 -0.054326074197888367 -0.17309243232011792 0.44914555549621588 0.91378912329673778 0.056871667504310615 1.0419467687606814 0.26541262865066534 0.31642064452171331 0.070634137839078917 0.7878367304801942 1.1139883995056155 0.93580427765846264 0.018165550194680694 -0.99614977836608876 0.5342557728290559
decision_type=10 2 8 10 2 2 2 2 2 2 2 2 2 2 2 2 2 2 2 2 2 2 2 2 2 2 2 2 2 2 2 2 2 2 2 2 2 2 2 2 2 10 2 2 2
left_child=1 2 4 6 17 8 23 13 27 11 12 20 -11 -8 24 -13 -12 30 21 -10 -4 38 31 37 -6 -19 -9 -5 32 -30 -1 39 -7 -16 -33 42 -25 -3 40 -23 43 -42 -24 -2 -37
right_child=18 3 9 5 14 28 7 26 19 10 16 15 -14 -15 33 -17 -18 25 -20 -21 -22 22 35 36 -26 -27 -28 -29 29 -31 -32 34 -34 -35 -36 44 -38 -39 -40 -41 41 -43 -44 -45 -46
leaf_value=0.0061099812491940192 -0.0042439967642472895 0.00092303555737197095 -0.0013987588504296778 0.0092062167454172276 0.0038312941788538348 0.0022994762064155305 0.0001261126199556385 -0.0038986191672244759 -0.00168746842610805 -0.0015656646663155978 -0.00048641891727601395 -0.0023682268480903334 0.00122567432016917 -0.0024982257351806483 0.00060430007803693629 0.0031261075715040723 -0.005209660550635836 0.0017076356085599402 -0.0073884343094441345 0.0030485852405637212 0.0010644108506309806 -0.0049461508461103683 -0.002629543947309933 0.0028016988971958203 0.0017241872489597812 0.0055070476075124884 -0.0080780931075777468 0.0054122858255439875 -0.00073613776855644059 -0.003680949340208193 0.0097628379207391012 -0.0011586817595968773 -0.00072666459843411207 -0.0024864238474739805 -0.0029803134836917018 -0.0063593701155370344 0.0006302396687847305 -0.001514038777748548 -0.0065751999429802402 -0.002995952603779827 -0.0047124343434082607 -0.0022135062870423656 -0.0041732158051555864 -0.0054419484020143917 -0.0043677370619261639
leaf_weight=101 225 68 276 96 352 96 543 63 78 521 150 67 2059 1905 69 1298 191 61 113 263 460 68 85 253 410 454 120 111 300 86 127 307 121 102 138 89 80 100 64 246 67 80 185 178 61
leaf_count=101 225 68 276 96 352 96 543 63 78 521 150 67 2059 1905 69 1298 191 61 113 263 460 68 85 253 410 454 120 111 300 86 127 307 121 102 138 89 80 100 64 246 67 80 185 178 61
internal_value=0 0.000685902 0.00164363 -0.000811711 0.00380599 0.00154986 -0.00168055 -0.0022588 0.00399937 0.000919939 0.00021164 0.0019025 0.000660446 -0.00191626 0.00198251 0.00285109 -0.00315726 0.00607723 -0.00394655 0.00195709 0.00013744 -0.00371709 -0.00318456 0.00134947 0.00271006 0.00507145 -0.00673072 0.00728293 -0.000683354 -0.00141813 0.00824938 -0.00246665 0.000620644 -0.00124463 -0.001742 -0.00445286 0.00229329 -0.000522868 -0.00471759 -0.00346426 -0.00446513 -0.00343061 -0.00372514 -0.00481188 -0.0056575
internal_weight=12887 10981 6698 4283 1676 1151 3132 2631 548 5022 2921 2101 2580 2448 933 1365 341 743 1906 341 736 1793 1179 501 762 515 183 207 603 386 228 759 217 171 445 420 333 168 614 314 550 147 270 403 150
internal_count=12887 10981 6698 4283 1676 1151 3132 2631 548 5022 2921 2101 2580 2448 933 1365 341 743 1906 341 736 1793 1179 501 762 515 183 207 603 386 228 759 217 171 445 420 333 168 614 314 550 147 270 403 150
is_linear=0
shrinkage=0.02


Tree=17
num_leaves=47
num_cat=0
split_feature=49 38 49 49 36 36 52 34 35 40 17 43 36 35 9 8 31 9 40 38 53 44 36 43 48 13 31 17 24 13 40 41 36 31 20 40 17 39 40 40 40 11 34 24 41 11
split_gain=84.187 38.5148 28.0538 21.391 16.257 15.7563 12.2635 10.8447 8.13579 7.85874 7.5734 9.19425 8.60665 6.334 5.28209 4.12004 3.63116 3.37286 2.37986 2.18316 2.18279 1.99142 1.77969 2.97832 1.64311 1.61147 1.48357 1.17001 1.07645 1.03777 0.979453 0.974967 0.88494 0.878482 0.847975 0.758885 0.59225 0.354521 0.320855 0.269108 0.286519 0.235378 0.586261 0.430217 0.172029 0.0787031
threshold=45.494998931884773 -0.031374821439385407 30.645000457763675 15.050000190734865 0.46838140487670904 0.28602690994739538 2.745000004768372 0.090678893029689803 0.27576464414596563 1.3239139318466189 1.0712645053863528 -0.15990395098924634 0.10980786755681039 0.17182568460702899 0.029347819276154045 0.031146439723670486 0.61733534932136547 0.034553717821836478 0.95085710287094127 -0.078342039138078676 1.6701493859291079 0.031141134910285476 0.21291475743055346 -0.058657741174101823 0.26724137365818029 -0.092026211321353898 0.89016696810722362 0.63166469335556041 37.244131088256843 -0.17309243232011792 0.81386175751686107 0.60306361317634594 0.66610577702522289 0.7043060064315797 0.26370725035667425 0.73811894655227672 0.80430841445922863 1.0094157457351687 0.7878367304801942 0.85552802681922924 0.99645674228668224 0.01742818579077721 0.011838718317449095 26.937068939208988 0.46545808017253881 0.015872070565819744
decision_type=10 2 8 10 2 2 10 2 2 2 2 2 2 2 2 2 2 2 2 2 10 2 2 2 2 2 2 2 2 2 2 2 2 2 2 2 2 2 2 2 2 2 2 2 2 2
left_child=1 2 4 5 14 16 7 26 10 13 11 -4 -12 -7 20 -9 35 22 -16 28 -1 32 23 41 36 -11 -5 -21 -10 38 -18 39 -6 -31 -26 -3 -8 -33 -25 44 -41 42 -2 -43 -24 -39
right_child=17 3 8 6 21 9 24 15 19 25 12 -13 -14 -15 18 -17 30 -19 -20 27 -22 -23 31 29 34 -27 -28 -29 -30 33 -32 37 -34 -35 -36 -37 -38 45 -40 40 -42 43 -44 -45 -46 -47
leaf_value=0.0074625439772739643 -0.0027116414636820553 -0.00251071651721262 -0.00023234527599643142 0.0088020387444272645 0.0016906866530375165 -0.00020441677590559535 -0.00053916194608609653 0.002655487973008509 -0.002013228653242465 -0.0036811316388193518 0.0039660473984680072 0.0017940176795279627 -0.0043343760538512802 -0.0027000723214901583 0.0049328250494204027 -0.0013275974134645562 0.00028556852286251689 -0.0071920083382166922 0.0027428714664499347 -0.005797290296620362 0.003779317972036855 -0.0023022246443149116 -0.0049654430814700876 -0.0047459347443507298 -0.0034817947132700202 -0.0080870171659710739 0.0050704421570347945 -0.0021677591974915162 0.0014271884607594638 -8.8308940524036442e-05 0.002871041110632095 -0.0046836115481361509 -0.00065103027630555507 -0.0022238178450515837 -0.001178417118114885 -6.9445029762573533e-05 0.0021634837521635223 -0.0020421790391745337 -0.0028929632881232958 -0.0061917967824058409 -0.0043944241598774508 -0.0058630068369551012 -0.0048371649389155206 -0.0037901236125943041 -0.0029793295703129841 -0.0032967279141625535
leaf_weight=345 122 64 1241 97 235 530 61 348 83 61 64 3202 196 1767 463 145 75 117 379 74 93 87 60 60 89 107 113 79 60 100 294 60 86 352 237 217 63 80 217 177 105 128 125 106 61 62
leaf_count=345 122 64 1241 97 235 530 61 348 83 61 64 3202 196 1767 463 145 75 117 379 74 93 87 60 60 89 107 113 79 60 100 294 60 86 352 237 217 63 80 217 177 105 128 125 106 61 62
internal_value=-4.17667e-05 0.000637291 0.00158447 -0.000846561 0.00381165 -0.00170775 0.0014776 0.00312318 0.000830388 -0.0024377 0.00103336 0.00122802 -0.00226546 -0.00212569 0.00491758 0.00148103 0.00105739 -0.00388775 0.00396151 -0.00236914 0.00671379 0.000329055 -0.00366269 -0.00319892 -0.00109462 -0.00658576 0.00689847 -0.00400736 -0.000563184 -0.00237295 0.00235477 -0.00456822 0.00106001 -0.00175726 -0.00183631 -0.000649633 0.000844752 -0.00332125 -0.00334445 -0.00516163 -0.00557937 -0.00442622 -0.00383645 -0.00498809 -0.00406855 -0.00265371
internal_weight=12887 10955 6687 4268 1688 3115 1153 703 4999 2465 4703 4443 260 2297 1280 493 650 1932 842 296 438 408 1815 1210 450 168 210 153 143 729 369 605 321 452 326 281 124 202 277 403 282 481 247 234 121 142
internal_count=12887 10955 6687 4268 1688 3115 1153 703 4999 2465 4703 4443 260 2297 1280 493 650 1932 842 296 438 408 1815 1210 450 168 210 153 143 729 369 605 321 452 326 281 124 202 277 403 282 481 247 234 121 142
is_linear=0
shrinkage=0.02


Tree=18
num_leaves=47
num_cat=0
split_feature=49 38 49 49 36 36 37 36 17 37 46 35 33 40 53 40 33 40 43 48 36 9 36 46 44 43 36 40 49 30 37 13 47 41 1 41 48 30 40 34 11 5 17 41 12 40
split_gain=79.6282 39.316 26.734 20.1116 16.4375 15.0625 14.9082 8.44771 11.5207 8.31809 7.3764 7.25737 7.20961 6.9354 5.88829 5.53117 5.40865 3.60296 3.592 3.52811 3.1937 3.17149 2.96137 2.45293 2.13625 2.09196 2.52697 1.78667 1.59794 1.57272 1.52457 1.34432 1.31123 1.07401 0.827826 0.760183 0.650473 0.572729 0.534081 0.494877 0.350052 0.335273 0.131319 0.302237 0.0986036 0.0655909
threshold=45.494998931884773 -0.031374821439385407 30.645000457763675 15.050000190734865 0.4370707124471665 0.28602690994739538 0.015450918581336738 0.11863755434751512 1.0606288909912112 0.010324374306946995 0.18103448301553729 0.17316216230392459 -0.0079799871891736967 0.49359729886054998 0.97906175255775463 1.3239139318466189 0.0040400663856416949 0.95085710287094127 0.46592068672180181 0.16269258409738543 0.35057254135608679 0.034553717821836478 0.62188619375228893 0.35326485335826879 0.027894697152078155 -0.092201236635446535 0.19856457412242892 0.8159901797771455 28.364999771118168 -0.030496251769363877 0.022825418971478943 -0.13518724590539929 0.59097579121589672 0.44878625869750982 0.03163565136492253 0.55382531881332409 0.46680118143558508 0.3218983411788941 0.86708971858024608 0.0052247301209717998 0.017164542339742187 1.0062092542648318 0.17521449923515323 0.70257323980331432 -0.25216223299503321 0.9342622458934785
decision_type=10 2 8 10 2 2 2 2 2 2 2 2 2 2 10 2 2 2 2 2 2 2 2 2 2 2 2 2 10 2 2 2 2 2 2 2 2 2 2 2 2 2 2 2 2 2
left_child=1 2 4 5 14 23 9 10 12 20 30 16 -9 -12 19 -13 -7 -16 -10 -1 -5 25 24 37 -6 39 31 -25 29 -8 -4 38 -24 -11 -33 41 -30 -3 -27 40 -2 -28 -41 -44 -42 -37
right_child=21 3 7 6 22 11 28 8 18 33 13 15 -14 -15 17 -17 -18 -19 -20 -21 -22 -23 32 27 -26 26 35 -29 36 -31 -32 34 -34 -35 -36 45 -38 -39 -40 42 44 -43 43 -45 -46 -47
leaf_value=0.0026329581048879502 -0.0027476546279922649 0.0003604925133129758 -0.0017705550242527752 -0.001901041765757776 0.0028633531759437543 -0.002458469929666085 0.0015203169525663655 -0.0015268517703944868 -0.0022145068846772848 0.0043468177876233851 -0.0036095441821594964 -0.0027227803594708543 0.0010268404250946986 0.002579857990365796 0.0051793630504061326 -0.0070600750293378957 0.0012955917630999463 0.0022574052701089596 -0.0075268511098910531 0.007859859875614765 0.0028085302549719425 -0.0070830917168631519 0.00025953609799034895 -0.00040590192049299142 -0.00024512430770419838 -0.0042650355180337968 -0.0041450456564846852 0.0026596683974176899 -0.0010013345609733229 -0.00096230676298550628 0.0013713227090796074 -0.00066224207756568766 -0.003317090836806676 0.0077385421322708758 -0.0026294930794979209 -0.0023687238229937115 -0.0035481799427256148 -0.0016952714693464069 -0.0025908824614129587 -0.0057856940000882576 -0.0034894947990559149 -0.0059825841219576662 -0.0050831081076254774 -0.0030633656460402614 -0.0052287045276328305 -0.0036047954808353729
leaf_weight=66 111 103 240 74 267 292 153 554 144 71 73 1770 2142 1679 425 125 317 294 80 345 229 114 90 98 130 134 137 318 80 292 80 214 71 153 145 68 88 108 254 150 66 119 152 64 70 89
leaf_count=66 111 103 240 74 267 292 153 554 144 71 73 1770 2142 1679 425 125 317 294 80 345 229 114 90 98 130 134 137 318 80 292 80 214 71 153 145 68 88 108 254 150 66 119 152 64 70 89
internal_value=-4.46814e-05 0.000609371 0.00156737 -0.000888787 0.00374116 -0.00171667 0.00138265 0.000830315 0.000136454 0.00383977 0.00180606 -0.00241039 0.000500599 0.00231567 0.00512544 -0.00302012 -0.000505979 0.0040003 -0.00419058 0.00704808 0.00164771 -0.00383588 0.000923665 0.00105047 0.00184876 -0.00361491 -0.00309548 0.00193737 -0.000736536 -0.000102034 -0.000976548 -0.00238138 -0.00134346 0.00673955 -0.00147478 -0.00435818 -0.00238009 -0.000696088 -0.00319991 -0.00457637 -0.00375081 -0.00506248 -0.00509577 -0.00453939 -0.0044854 -0.00313013
internal_weight=12838 10951 6680 4271 1688 3131 1140 4992 2920 527 2072 2504 2696 1752 1130 1895 609 719 224 411 303 1887 558 627 397 1773 1160 416 613 445 320 747 161 224 359 413 168 211 388 613 247 256 366 216 136 157
internal_count=12838 10951 6680 4271 1688 3131 1140 4992 2920 527 2072 2504 2696 1752 1130 1895 609 719 224 411 303 1887 558 627 397 1773 1160 416 613 445 320 747 161 224 359 413 168 211 388 613 247 256 366 216 136 157
is_linear=0
shrinkage=0.02


Tree=19
num_leaves=31
num_cat=0
split_feature=38 53 53 53 35 53 38 54 54 38 35 34 50 37 36 34 10 53 30 4 34 2 37 31 44 4 41 26 41 19
split_gain=36.9452 16.3176 15.6482 12.5498 12.3889 12.5003 12.4929 10.3298 10.1776 10.101 9.69817 9.24014 6.14931 6.05474 5.97147 7.34703 5.5917 2.98815 2.95728 2.95719 2.40819 2.18571 1.40057 1.21296 1.18103 0.985296 0.628333 0.417055 0.171166 0.0415515
threshold=-0.031374821439385407 0.69493454694747936 0.38071574270725256 1.5798761844635012 -0.036971289664506905 0.80367776751518261 -0.13258393853902814 1.0150000452995303 0.31250000000000006 -0.053236197680234902 0.12688088417053225 0.037969063967466361 0.59999999403953563 0.0097428737208247202 0.13641761988401416 0.16220199316740039 0.01886699162423611 0.97094872593879711 -0.14817050099372861 0.74816393852233898 0.0074528832919895658 0.097633406519889845 0.010324374306946995 0.61733534932136547 0.024190087802708152 -0.075469512492418275 0.70417067408561718 0.024679418653249744 0.5342557728290559 -0.0084901745431125147
decision_type=2 8 8 10 2 8 2 10 8 2 2 2 10 2 2 2 2 8 2 2 2 2 2 2 2 2 2 2 2 2
left_child=2 19 25 4 6 9 8 -7 -4 -6 12 17 13 21 23 -16 -8 -12 -5 22 27 -3 28 -13 -19 29 -22 -20 -2 -1
right_child=1 10 3 18 5 7 16 -9 -10 -11 11 14 -14 -15 15 -17 -18 24 20 -21 26 -23 -24 -25 -26 -27 -28 -29 -30 -31
leaf_value=-0.0040752714398303918 0.0040988933641355535 -0.00060260975913303079 -0.0027743621832919509 0.0068535810170981745 0.0019040458023614818 0.001394370118115623 -0.0010605443693093959 -0.0011123138266457477 0.0016521394724321131 0.0070739167692910245 -0.00083186242968908385 -0.0012217044478947563 0.0055609877243392412 -0.0048241009931132362 -0.0024945792898330692 -0.00038647182336299366 -0.0043623201492242521 -0.004147022625826822 0.0029188710849673027 -0.00047854815411662297 0.0028153015027921171 0.0023331504599497315 0.0069347595817719904 0.001260323521314514 -0.0064084661686817637 -0.0024441208213182358 0.00043598779802310418 0.0052427480992104794 0.0024008333803967959 -0.0057066167581444937
leaf_weight=68 66 191 258 114 395 3495 527 807 1016 246 81 102 88 86 2351 923 337 282 60 60 75 210 66 312 174 113 109 146 76 80
leaf_count=68 66 191 258 114 395 3495 527 807 1016 246 81 102 88 86 2351 923 337 282 60 60 75 210 66 312 174 113 109 146 76 80
internal_value=-4.42157e-05 -0.00137485 0.000815356 0.000981714 0.000763536 0.00131354 -0.000507639 0.000923469 0.000750526 0.00391338 -0.0016437 -0.00197528 0.000788512 -0.000100592 -0.00161539 -0.00190147 -0.00236018 -0.00442236 0.00402239 0.00340162 0.00314627 0.000938254 0.00451653 0.000642021 -0.00504837 -0.00397163 0.00144077 0.00462229 0.00326544 -0.00505956
internal_weight=12914 5068 7846 7585 7081 4943 2138 4302 1274 641 4800 4225 575 487 3688 3274 864 537 504 268 390 401 208 414 456 261 184 206 142 148
internal_count=12914 5068 7846 7585 7081 4943 2138 4302 1274 641 4800 4225 575 487 3688 3274 864 537 504 268 390 401 208 414 456 261 184 206 142 148
is_linear=0
shrinkage=0.02


Tree=20
num_leaves=46
num_cat=0
split_feature=49 38 49 49 37 36 36 43 40 31 40 16 43 37 27 31 9 36 12 31 44 43 36 13 13 30 30 48 36 16 34 16 44 41 3 30 34 11 45 30 41 31 30 6 12
split_gain=74.2326 35.0896 26.5101 20.0174 19.0557 14.821 13.8009 8.19873 8.84406 9.27214 8.19524 6.39793 5.96314 4.68713 3.77183 3.61712 3.34234 3.10879 2.9757 2.5306 2.21348 2.20823 3.10304 1.90542 1.6114 1.41194 1.40532 1.30306 0.916252 0.893184 0.893181 0.862087 0.804553 0.778434 0.740548 0.683636 0.547638 0.498133 0.376285 0.279443 0.219364 0.692514 0.0609661 0.0596667 0.0303588
threshold=44.45000076293946 -0.031374821439385407 30.645000457763675 15.050000190734865 0.015450918581336738 0.46838140487670904 0.24932081252336505 -0.14797023683786389 0.49359729886054998 2.6080454587936406 1.3239139318466189 0.027728220447897915 0.34466351568698889 0.019737946800887588 -0.010532152839004992 0.76487344503402721 0.034949047490954406 0.36928029358386999 -0.2313474044203758 0.61733534932136547 0.028504007495939735 -0.10019895806908606 0.19856457412242892 -0.10180962830781935 -0.17309243232011792 0.17120631784200671 0.48743396997451788 0.50531914830207836 0.65769615769386303 0.018100848421454433 0.14464702457189563 0.026717389933764938 0.022254065610468391 0.55382531881332409 0.44652573764324194 0.017967659980058674 0.0060286403167992839 0.017490264028310779 0.54310345649719249 0.1560262739658356 0.62103170156478893 0.64032560586929332 0.20462253689765933 0.034480370581150062 -0.25216223299503321
decision_type=10 2 8 10 2 2 2 2 2 2 2 2 2 2 2 2 2 2 2 2 2 2 2 2 2 2 2 2 2 2 2 2 2 2 2 2 2 2 2 2 2 2 2 2 2
left_child=1 2 5 6 12 13 19 14 29 -10 11 -8 17 15 -4 -1 21 -5 -16 25 28 36 24 -12 38 -3 -15 34 -7 -9 -21 -22 -26 39 -6 -29 37 -2 -23 -24 42 -42 -38 -35 -39
right_child=16 3 7 4 27 20 10 8 9 -11 23 -13 -14 26 18 -17 -18 -19 -20 30 31 22 33 -25 32 -27 -28 35 -30 -31 -32 -33 -34 43 -36 -37 40 44 -40 -41 41 -43 -44 -45 -46
leaf_value=0.0077639104950195945 -0.0024306029907582949 0.0021998796804982702 -0.004005475137840238 0.0071397463768281422 0.00099889115489786495 0.0021806708370144903 -0.0013403709124932422 -0.0054772154777797304 0.0017132063124603691 -0.0029147280814034527 -0.0031422566624719705 -0.0037853585630354862 -0.00099715726201269608 0.0036577125980169511 -0.0017582188138681519 0.0047092218352357785 -0.006842128305520374 0.0034475671485971722 0.00037247043472759487 0.0031941070513299952 -0.0032982543594100404 -0.0041293096690529722 -0.003904373467818164 -0.0076290930482060763 -0.0017787678021726849 -0.0013139868266183838 0.00078109404582227043 -0.0004579096646125739 -0.00026536038094935449 -0.0019887244831666407 0.00077730504083397091 -9.9892839212449938e-05 0.00031434958581812682 -0.0035341982597407572 -0.0009101578477216331 -0.0024291231728173672 -0.0047281265612074495 -0.0035293742650546705 -0.0025863785492065243 -0.0056225073911034722 -0.0053027349750679135 -0.0028980277498485518 -0.0066120265686150752 -0.0023844771174015475 -0.005076807142679508
leaf_weight=241 117 61 111 217 177 173 1882 64 3278 180 64 555 64 457 358 523 119 176 954 215 69 130 111 126 419 157 83 117 92 64 90 65 87 93 145 186 80 62 192 153 133 101 63 77 62
leaf_count=241 117 61 111 217 177 173 1882 64 3278 180 64 555 64 457 358 523 119 176 954 215 69 130 111 126 419 157 83 117 92 64 90 65 87 93 145 186 80 62 192 153 133 101 63 77 62
internal_value=-4.45384e-05 0.000602974 0.00150201 -0.00082273 0.00152082 0.00365562 -0.00162872 0.000767863 0.00127735 0.0014697 -0.00221921 -0.00190157 0.00461098 0.00468567 -0.000515348 0.00570071 -0.00358559 0.00552742 -0.000210846 0.0013311 0.00027692 -0.00336835 -0.00287205 -0.00619525 -0.00213826 -0.000309709 0.00322417 -0.000748338 0.00133429 -0.00382609 0.00249872 -0.00179027 -0.00141719 -0.00424543 0.000135683 -0.00168318 -0.00436146 -0.00349621 -0.00324474 -0.00495584 -0.00487999 -0.00431885 -0.00568376 -0.0030696 -0.00441261
internal_weight=12943 10944 6712 4232 1082 1703 3150 5009 3586 3458 2627 2437 457 1304 1423 764 1999 393 1312 523 399 1880 1262 190 828 218 540 625 265 128 305 134 506 434 322 303 618 241 322 264 377 234 143 170 124
internal_count=12943 10944 6712 4232 1082 1703 3150 5009 3586 3458 2627 2437 457 1304 1423 764 1999 393 1312 523 399 1880 1262 190 828 218 540 625 265 128 305 134 506 434 322 303 618 241 322 264 377 234 143 170 124
is_linear=0
shrinkage=0.02


Tree=21
num_leaves=44
num_cat=0
split_feature=49 38 49 49 37 36 36 40 15 27 4 17 53 44 9 48 44 36 44 31 40 4 38 36 36 4 36 37 13 49 5 30 40 53 30 17 30 11 17 30 44 3 40
split_gain=73.9167 34.2784 24.5258 17.7103 16.9515 13.8256 13.2031 7.77267 6.98697 7.40985 6.51052 5.86021 5.60951 5.56808 3.37867 3.35954 3.10484 2.97705 2.95498 2.79637 2.69838 2.10073 2.03023 1.92879 1.85258 3.05719 1.80032 1.62869 1.6029 1.27659 1.14423 1.13923 0.946196 0.896675 0.883064 0.737638 0.660105 0.371554 0.524737 0.360416 0.784091 0.231723 0.196477
threshold=44.45000076293946 -0.031374821439385407 30.645000457763675 15.050000190734865 0.015450918581336738 0.43083792924880987 0.28602690994739538 1.3239139318466189 0.80172413587570202 -0.011094334069639443 0.24688187241554263 1.0606288909912112 0.97906175255775463 0.029741813428699974 0.035565907135605819 0.16269258409738543 0.027894697152078155 0.36928029358386999 0.022609774954617027 0.61733534932136547 0.95517221093177807 0.76111555099487316 -0.077507942914962755 0.62188619375228893 0.21291475743055346 0.010026098694652321 0.029919894412159923 0.031931670382618911 -0.092026211321353898 28.364999771118168 0.5277375876903535 -0.20819412916898725 1.139888644218445 1.0395900607109072 0.28992217779159551 0.80430841445922863 0.12563199549913409 0.01742818579077721 0.23731049895286563 -0.27669061720371241 0.022742567583918575 0.19367559999227527 0.92554569244384777
decision_type=10 2 8 10 2 2 2 2 2 2 2 2 10 2 2 2 2 2 2 2 2 2 2 2 2 2 2 2 2 10 2 2 2 10 2 2 2 2 2 2 2 2 2
left_child=1 2 5 6 13 12 19 10 9 22 -8 -11 15 17 24 -1 23 -5 27 36 -14 -18 -4 -7 25 37 -20 -10 -9 31 -21 -6 39 34 -27 -31 -3 38 -2 -26 -41 -35 -39
right_child=14 3 8 4 29 16 7 28 18 11 -12 -13 20 -15 -16 -17 21 -19 26 30 -22 -23 -24 -25 32 33 -28 -29 -30 35 -32 -33 -34 41 -36 -37 -38 42 -40 40 -42 -43 -44
leaf_value=0.0022800481315511704 -0.0040322964199184857 0.00089684172338744695 -0.0010039278935666919 0.0065734968359749289 0.0019523618877098736 0.0029369227147805948 -0.0034839608361041615 -0.0034618658700814615 0.0027036296054170888 0.00095158846141698693 -0.0011933681043806608 -0.0021619111842100416 0.0047900205635564661 -0.0013846750598223436 -0.0068659706113067247 0.007447945645251388 0.00064345681251049231 0.0030576593141134422 0.0072942134148052222 0.0038934620433461126 0.002232873012406148 -0.0035480549534564858 -0.0042931647158848743 -0.00030115783851741271 -0.0028369069008622318 -0.0021177982336214496 0.0031871820238307353 -0.00017880765908276255 -0.0077985683666743546 -0.0036884261878930326 0.0013994871841544526 -0.00064377315959457827 -0.0018225022134729305 -0.00261633993714214 -0.00029694944102662485 -0.0010330920329265226 -0.001170241621389626 -0.0034071977325482294 -0.0019639656285530532 -0.0041946570608329533 -0.0062316636297254629 -0.00434467115208055 -0.0050265083715009193
leaf_weight=63 177 88 177 231 79 280 719 62 251 3856 1614 255 411 60 118 359 121 182 76 105 293 75 132 98 61 401 116 112 108 73 259 381 62 126 148 104 189 77 84 335 128 63 204
leaf_count=63 177 88 177 231 79 280 719 62 251 3856 1614 255 411 60 118 359 121 182 76 105 293 75 132 98 61 401 116 112 108 73 259 381 62 126 148 104 189 77 84 335 128 63 204
internal_value=-3.04417e-05 0.000614452 0.00150842 -0.000788118 0.00138064 0.00358039 -0.00155471 -0.0022102 0.000798473 0.000531567 -0.00190329 0.000756783 0.00486593 0.00423662 -0.00357895 0.00670033 0.00104467 0.00505977 0.00290802 0.00100169 0.00374116 -0.000984722 -0.00244001 0.00209903 -0.00335987 -0.00291616 0.00490522 0.00181737 -0.00631019 -0.000748401 0.00214757 -0.000185994 -0.00430758 -0.00206165 -0.00163303 -0.00217701 -0.000507406 -0.00406008 -0.0034003 -0.00458767 -0.00479644 -0.00325654 -0.00462698
internal_weight=12913 10929 6675 4254 1110 1700 3144 2503 4975 4420 2333 4111 1126 473 1984 422 574 413 555 641 704 196 309 378 1866 1280 192 363 170 637 364 460 586 738 549 177 277 542 261 524 463 189 281
internal_count=12913 10929 6675 4254 1110 1700 3144 2503 4975 4420 2333 4111 1126 473 1984 422 574 413 555 641 704 196 309 378 1866 1280 192 363 170 637 364 460 586 738 549 177 277 542 261 524 463 189 281
is_linear=0
shrinkage=0.02


end of trees

feature_importances:
universe58_loo_log_return_126=89
source_beta_universe58_252=64
tpp_day1_weighted_average=59
universe58_loo_log_return_60=48
source_distance_from_252_session_low=43
tpp_day1_rate_change_volatility_20=43
universe58_loo_log_return_20=36
universe58_loo_drawdown_252=35
source_realized_volatility_60=34
universe58_loo_realized_volatility_20=34
source_idiosyncratic_volatility_60=33
source_correlation_universe58_60=32
source_return_skewness_60=29
source_residual_momentum_126=27
source_downside_volatility_60=25
source_log_return_126=23
source_momentum_12_1=22
source_drawdown_from_252_session_peak=19
tpp_day1_rate_vs_ma20=18
source_adx_14=16
source_drawdown_from_60_session_peak=14
source_downside_volatility_20=13
cross_section_beta_60_percentile=13
source_log_return_60=12
source_realized_volatility_20=12
cross_section_return_dispersion=12
source_beta_universe58_60=10
tpp_day1_rate_change_20_observed=9
source_log_return_252=8
source_directional_index_spread_14=8
cross_section_volatility_60_percentile=8
universe58_loo_log_return_1=7
cross_section_momentum_252_percentile=7
source_log_return_20=6
source_overnight_gap_1=6
source_max_daily_log_return_20=6
source_close_ma200_ratio=5
source_parkinson_volatility_20=5
cross_section_positive_return_breadth=4
tpp_day1_rate_change_1_observed=4
cross_section_momentum_126_percentile=3
source_close_ma50_ratio=2
source_volatility_ratio_20_60=2
source_log_return_5=1
source_intraday_log_range=1
source_ma5_ma20_ratio=1
tpp_day1_rate_change_5_observed=1

parameters:
[boosting: gbdt]
[objective: huber]
[metric: huber]
[tree_learner: serial]
[device_type: cpu]
[data_sample_strategy: bagging]
[data: ]
[valid: ]
[num_iterations: 22]
[learning_rate: 0.02]
[num_leaves: 47]
[num_threads: 12]
[seed: 62058]
[deterministic: 1]
[force_col_wise: 1]
[force_row_wise: 0]
[histogram_pool_size: -1]
[max_depth: 6]
[min_data_in_leaf: 60]
[min_sum_hessian_in_leaf: 0.001]
[bagging_fraction: 0.9]
[pos_bagging_fraction: 1]
[neg_bagging_fraction: 1]
[bagging_freq: 1]
[bagging_seed: 62058]
[bagging_by_query: 0]
[feature_fraction: 0.9]
[feature_fraction_bynode: 1]
[feature_fraction_seed: 62058]
[extra_trees: 0]
[extra_seed: 1183]
[early_stopping_round: 0]
[early_stopping_min_delta: 0]
[first_metric_only: 0]
[max_delta_step: 0]
[lambda_l1: 0.05]
[lambda_l2: 3]
[linear_lambda: 0]
[min_gain_to_split: 0]
[drop_rate: 0.1]
[max_drop: 50]
[skip_drop: 0.5]
[xgboost_dart_mode: 0]
[uniform_drop: 0]
[drop_seed: 29015]
[top_rate: 0.2]
[other_rate: 0.1]
[min_data_per_group: 100]
[max_cat_threshold: 32]
[cat_l2: 10]
[cat_smooth: 10]
[max_cat_to_onehot: 4]
[top_k: 20]
[monotone_constraints: ]
[monotone_constraints_method: basic]
[monotone_penalty: 0]
[feature_contri: ]
[forcedsplits_filename: ]
[refit_decay_rate: 0.9]
[cegb_tradeoff: 1]
[cegb_penalty_split: 0]
[cegb_penalty_feature_lazy: ]
[cegb_penalty_feature_coupled: ]
[path_smooth: 0]
[interaction_constraints: ]
[verbosity: -1]
[saved_feature_importance_type: 0]
[use_quantized_grad: 0]
[num_grad_quant_bins: 4]
[quant_train_renew_leaf: 0]
[stochastic_rounding: 1]
[linear_tree: 0]
[max_bin: 255]
[max_bin_by_feature: ]
[min_data_in_bin: 3]
[bin_construct_sample_cnt: 200000]
[data_random_seed: 62058]
[is_enable_sparse: 1]
[enable_bundle: 1]
[use_missing: 1]
[zero_as_missing: 0]
[feature_pre_filter: 1]
[pre_partition: 0]
[two_round: 0]
[header: 0]
[label_column: ]
[weight_column: ]
[group_column: ]
[ignore_column: ]
[categorical_feature: ]
[forcedbins_filename: ]
[precise_float_parser: 0]
[parser_config_file: ]
[objective_seed: 20602]
[num_class: 1]
[is_unbalance: 0]
[scale_pos_weight: 1]
[sigmoid: 1]
[boost_from_average: 1]
[reg_sqrt: 0]
[alpha: 0.9]
[fair_c: 1]
[poisson_max_delta_step: 0.7]
[tweedie_variance_power: 1.5]
[lambdarank_truncation_level: 30]
[lambdarank_norm: 1]
[label_gain: ]
[lambdarank_position_bias_regularization: 0]
[eval_at: ]
[multi_error_top_k: 1]
[auc_mu_weights: ]
[num_machines: 1]
[local_listen_port: 12400]
[time_out: 120]
[machine_list_filename: ]
[machines: ]
[gpu_platform_id: -1]
[gpu_device_id: -1]
[gpu_use_dp: 0]
[num_gpu: 1]

end of parameters

pandas_categorical:[]
