tree
version=v4
num_class=1
num_tree_per_iteration=1
label_index=0
max_feature_idx=58
objective=quantile
feature_names=source_log_return_1 source_log_return_5 source_log_return_20 source_log_return_60 source_log_return_126 source_log_return_252 source_intraday_log_range source_close_to_open_log_return source_realized_volatility_20 source_realized_volatility_60 source_downside_volatility_20 source_downside_volatility_60 source_drawdown_from_60_session_peak source_drawdown_from_252_session_peak cross_section_momentum_20_percentile cross_section_positive_return_breadth cross_section_return_dispersion source_momentum_12_1 source_ma5_ma20_ratio source_close_ma50_ratio source_close_ma200_ratio source_rsi_14 source_bollinger_pct_b_20 source_bollinger_bandwidth_20 source_adx_14 source_directional_index_spread_14 source_parkinson_volatility_20 source_overnight_gap_1 source_positive_day_ratio_20 source_max_daily_log_return_20 source_return_skewness_60 source_distance_from_252_session_low source_volatility_ratio_20_60 universe58_loo_log_return_1 universe58_loo_log_return_20 universe58_loo_log_return_60 universe58_loo_log_return_126 universe58_loo_realized_volatility_20 universe58_loo_drawdown_252 source_beta_universe58_60 source_beta_universe58_252 source_correlation_universe58_60 source_residual_momentum_20 source_residual_momentum_126 source_idiosyncratic_volatility_60 cross_section_momentum_126_percentile cross_section_momentum_252_percentile cross_section_volatility_60_percentile cross_section_beta_60_percentile tpp_day1_weighted_average tpp_day1_rate_change_1_observed tpp_day1_rate_change_5_observed tpp_day1_rate_change_20_observed tpp_day1_rate_change_volatility_20 tpp_day1_rate_vs_ma20 tpp_observation_age_calendar_days tpp_available tpp_observed_same_day tpp_source_zero_weighted_average
feature_infos=[-0.10536076873540878:0.095312163233757019] [-0.52438312768936157:0.44636186957359314] [-1.1351611614227295:1.077221155166626] [-1.0610049962997437:1.5560240745544434] [-1.0489567518234253:2.3170430660247803] [-0.89605218172073364:2.9264204502105713] [0:0.19999955594539642] [-0.13838362693786621:0.19697383046150208] [0.0093038622289896011:0.083459392189979553] [0.012351134791970253:0.063424810767173767] [0.00095409812638536096:0.078742377460002899] [0.0056960904039442539:0.048307757824659348] [-0.71968960762023926:0] [-0.71968960762023926:0] [0.017241379246115685:1] [0.017241379246115685:1] [0.012593359686434269:0.041878215968608856] [-0.84071391820907593:2.8910765647888184] [-0.47595494985580444:0.57290768623352051] [-0.62940984964370728:1.5476077795028687] [-0.4873068630695343:3.874976634979248] [0:100] [-0.27581372857093811:1.4438486099243164] [0.027125930413603783:1.7820020914077759] [6.9016203880310059:84.119827270507812] [-54.177944183349609:77.140235900878906] [0.0081431083381175995:0.06641879677772522] [-0.10510788112878799:0.095250405371189117] [0.10000000149011612:0.89999997615814209] [0.005115102045238018:0.095630437135696411] [-2.965186595916748:1.7833932638168335] [0:18.523586273193359] [0.34329062700271606:1.6300936937332153] [-0.092919811606407166:0.057573974132537842] [-0.14326675236225128:0.26549568772315979] [-0.2251364141702652:0.55794161558151245] [-0.11970169842243195:0.86915600299835205] [0.0072068045847117901:0.037458643317222595] [-0.26247727870941162:0] [-0.5984683632850647:2.2586460113525391] [0.2513563334941864:1.4838535785675049] [-0.15451675653457642:0.94294917583465576] [-1.1516678333282471:0.84016847610473633] [-1.3436253070831299:1.9539748430252075] [0.0079219061881303787:0.059544753283262253] [0.017241379246115685:1] [0.017241379246115685:1] [0.017241379246115685:1] [0.017241379246115685:1] [10.880000114440918:53.220001220703125] [-1.8400000333786011:6.619999885559082] [-14.850000381469727:17.459999084472656] [-23.670000076293945:19.930000305175781] [0.2905217707157135:4.723813533782959] [-10.732000350952148:16.643999099731445] [0:0] [0:1] [0:1] [0:0]
tree_sizes=1259 1422 1425 1419 1416 1417 1332 1327 1502 1515 1333 1339 1335 1337 1420 1422 1333 1423 1423 1333 1513 1243 1340 1517 1515 1331 1520 1330 1514 1515 1517 1420 1517 1510 1430 1328 1518 1330 1330 1335 1331 1343 1420 1322 1519 1422 1520 1429 1520 1515 1253 1421 1245

Tree=0
num_leaves=13
num_cat=0
split_feature=49 36 53 36 49 19 49 17 17 20 54 40
split_gain=373.331 105.186 36.2824 23.4375 18.7483 14.7701 8.18139 7.10293 4.85854 3.65815 2.50364 1.09455
threshold=44.45000076293946 0.47394736111164099 0.81161421537399303 0.66386356949806224 30.645000457763675 0.22144176065921786 46.930000305175788 0.63006380200386058 0.32991693913936621 0.30715024471282965 2.3190000057220463 1.1283466219902041
decision_type=10 2 10 2 8 2 10 2 2 2 10 2
left_child=1 4 9 -4 5 -1 7 -2 -6 -3 11 -8
right_child=6 2 3 -5 8 -7 10 -9 -10 -11 -12 -13
leaf_value=0.25956113860011099 0.24646404068917036 0.2576443485915661 0.25118046086281537 0.24643374402076007 0.25353963784873484 0.25322225987911223 0.24442390482872725 0.25117127448320387 0.25614188984036446 0.25517298355698587 0.24704977190122007 0.2432318039238453
leaf_weight=1652 148 126 950 454 726 279 1256 125 691 222 120 222
leaf_count=1652 148 126 950 454 726 279 1256 125 691 222 120 222
internal_value=0.25189 0.255396 0.250438 0.248643 0.257991 0.259598 0.242354 0.246558 0.255776 0.257605 0.241659 0.241354
internal_weight=6971 5100 1752 1404 3348 1931 1871 273 1417 348 1598 1478
internal_count=6971 5100 1752 1404 3348 1931 1871 273 1417 348 1598 1478
is_linear=0
shrinkage=1


Tree=1
num_leaves=14
num_cat=0
split_feature=53 36 38 53 37 13 3 37 43 34 16 20 24
split_gain=95.5868 112.763 81.5431 49.5147 38.6339 10.6122 9.88817 6.96965 9.02407 7.95606 3.105 0.792929 0.752541
threshold=2.4511772394180302 0.15162602066993716 -0.032348988577723496 0.71230891346931469 0.012489604763686659 -0.13518542051315305 0.014741299208253624 0.016642886213958267 0.11191109940409662 0.14714797586202624 0.020029208622872833 -0.065423484891653047 20.876823425292972
decision_type=8 2 2 10 2 2 2 2 2 2 2 2 2
left_child=1 5 4 -4 -3 11 12 9 -9 -8 -7 -1 -2
right_child=6 2 3 -5 -6 10 7 8 -10 -11 -12 -13 -14
leaf_value=-0.0082445419533178216 0.0089843116095289586 -0.0055643761577084663 0.0059959063120186328 -0.0038478737697005272 0.0040718690771609552 -0.0049938421556726103 0.0073885294608771806 0.00010382940061390429 0.0054820737987756737 0.0023437059856951238 -0.0030523526621982454 -0.0061105976207181814 0.0062816228158771997
leaf_weight=321 220 173 251 1932 1914 144 293 419 289 222 223 431 215
leaf_count=321 220 173 251 1932 1914 144 293 419 289 222 223 431 215
internal_value=4.69725e-05 -0.00156771 0.000285088 -0.00308787 0.00381513 -0.00861321 0.00528788 0.00409711 0.00244565 0.0063101 -0.00498992 -0.0103286 0.00853693
internal_weight=7047 5389 4270 2183 2087 1119 1658 1223 708 515 367 752 435
internal_count=7047 5389 4270 2183 2087 1119 1658 1223 708 515 367 752 435
is_linear=0
shrinkage=0.025


Tree=2
num_leaves=14
num_cat=0
split_feature=49 35 49 37 36 35 9 49 43 40 20 39 36
split_gain=370.821 150.34 23.6524 17.9968 16.7252 13.9552 6.69688 5.71401 4.38602 1.37433 1.52583 1.36947 0.167728
threshold=44.45000076293946 0.32504893839359289 30.645000457763675 0.017959102988243106 0.67882245779037487 0.23045801371335986 0.034294392913579948 46.930000305175788 -0.015392675995826719 1.0179960727691653 -0.10759654268622397 0.91232633590698253 0.1165350414812565
decision_type=10 2 8 2 2 2 2 10 2 2 2 2 2
left_child=1 2 3 -1 6 -4 -3 8 -2 12 -11 -6 -9
right_child=7 4 5 -5 11 -7 -8 9 -10 10 -12 -13 -14
leaf_value=0.0090503678999375569 -0.0058055972208967428 -0.00031880757142789681 0.0032204458180349325 0.0041772686589392838 -0.0058832442108541737 -0.00059567685576621468 -0.0039853216893970967 -0.0061472371030831712 -0.0017132591222180048 -0.0090562258680583919 -0.0053766827609506435 -0.0056488440092653039 -0.0083842963539063932
leaf_weight=1179 122 725 1367 884 191 328 243 527 153 127 456 217 513
leaf_count=1179 122 725 1367 884 191 328 243 527 153 127 456 217 513
internal_value=-6.66122e-05 0.00342357 0.00601083 0.0078125 -0.00363414 0.00379779 -0.00181783 -0.00949488 -0.00591518 -0.0100775 -0.00876913 -0.00785412 -0.0107596
internal_weight=7032 5134 3758 2063 1376 1695 968 1898 275 1623 583 408 1040
internal_count=7032 5134 3758 2063 1376 1695 968 1898 275 1623 583 408 1040
is_linear=0
shrinkage=0.025


Tree=3
num_leaves=14
num_cat=0
split_feature=53 36 53 35 38 35 29 20 34 30 39 35 50
split_gain=93.383 103.606 84.0529 73.5854 69.0967 29.2454 10.3716 10.1209 6.0815 6.61719 3.42605 2.93291 1.55804
threshold=2.4511772394180302 0.15162602066993716 1.0303152203559878 0.33397397398948675 -0.074421122670173631 0.23327237367630008 0.05367869324982167 1.0000000180025095e-35 0.071547415107488646 0.0048534281086176643 0.9922311305999757 0.038696769624948509 -1.0049999952316282
decision_type=8 2 10 2 2 2 2 2 2 2 2 2 10
left_child=1 7 3 -3 -4 8 -7 -1 12 -10 -8 -9 -2
right_child=5 2 4 -5 -6 6 10 11 9 -11 -12 -13 -14
leaf_value=-0.0075792533248983081 0.006217394199530827 0.004797903667223 0.0035932795827568046 -0.0034009108955506242 -0.0050872241843630045 -0.0031447655052499607 0.0024512374031080975 -0.0049427450990813665 0.005352575787362002 0.0010265302980740666 -0.00017929850184300462 -0.0034293428192424483 0.0080812683549185745
leaf_weight=465 394 1855 461 565 1354 135 139 385 363 198 165 271 308
leaf_count=465 394 1855 461 565 1354 135 139 385 363 198 165 271 308
internal_value=-1.32734e-05 -0.00163566 0.000154776 0.00320361 -0.00390453 0.00507835 -0.000464527 -0.00837589 0.00700414 0.00495804 0.00208333 -0.00626891 0.0085838
internal_weight=7058 5356 4235 2420 1815 1702 439 1121 1263 561 304 656 702
internal_count=7058 5356 4235 2420 1815 1702 439 1121 1263 561 304 656 702
is_linear=0
shrinkage=0.025


Tree=4
num_leaves=14
num_cat=0
split_feature=49 35 49 36 35 34 49 17 49 2 40 12 36
split_gain=343.405 129.879 23.1654 15.5433 15.2793 14.9709 7.13074 6.35139 5.67001 2.22026 1.98028 1.94049 0.82061
threshold=44.45000076293946 0.32504893839359289 30.645000457763675 0.67882245779037487 0.24461869150400165 0.12035785242915155 46.930000305175788 0.63006380200386058 12.944999694824221 0.16127008199691775 1.0135826468467715 -0.16340152919292447 0.086316216737031951
decision_type=10 2 8 2 2 2 10 2 8 2 2 2 2
left_child=1 2 5 8 -4 -1 7 -2 -3 -5 12 -12 -8
right_child=6 3 4 9 -6 -7 10 -9 -10 -11 11 -13 -14
leaf_value=0.0077672002920862009 -0.0051554000676992656 -0.0036016771575333585 0.0030383071782120901 -0.00349568890373188 -0.0013596838289903917 0.0038358199325669189 -0.0058312774507124051 -0.001029684442985053 -0.00033251483098569183 -0.0073238497707468937 -0.0080270202251440069 -0.0051358086043818106 -0.0081091399156764422
leaf_weight=1461 156 138 1504 247 234 588 445 126 807 158 218 378 565
leaf_count=1461 156 138 1504 247 234 588 445 126 807 158 218 378 565
internal_value=3.28947e-05 0.00338511 0.00575719 -0.00326107 0.00361087 0.00756147 -0.0090696 -0.0052047 -0.00148026 -0.00733232 -0.0097261 -0.00830907 -0.0105111
internal_weight=7025 5137 3787 1350 1738 2049 1888 282 945 405 1606 596 1010
internal_count=7025 5137 3787 1350 1738 2049 1888 282 945 405 1606 596 1010
is_linear=0
shrinkage=0.025


Tree=5
num_leaves=14
num_cat=0
split_feature=49 35 37 35 49 36 49 17 48 9 36 4 17
split_gain=341.543 126.246 23.941 26.0025 14.6821 12.9076 6.1889 6.38788 5.09123 3.2003 1.96053 7.20518 0.870278
threshold=44.45000076293946 0.32504893839359289 0.017857806757092479 0.13620094954967502 30.645000457763675 0.67452606558799755 46.930000305175788 0.62142080068588268 0.29548789560794836 0.029144606553018097 0.081770021468400969 0.012172325048595669 0.53972774744033825
decision_type=10 2 2 2 8 2 10 2 2 2 2 2 2
left_child=1 2 4 -4 -1 8 7 -2 -3 -7 11 -8 -12
right_child=6 5 3 -5 -6 9 10 -9 -10 -11 12 -13 -14
leaf_value=0.0086153831187384209 -0.0050013610345312435 0.0008011773969987167 0.0047375881389634137 0.00017925052630770878 0.0031896347454009573 -0.0025788633050890727 -0.0074067433588426157 -0.00069427359868283684 -0.0016112630475845818 -0.0059464795820620125 -0.0074418135735765632 -0.003625904697159902 -0.0072618130651781231
leaf_weight=1162 159 273 1070 819 699 122 387 121 646 310 362 354 500
leaf_count=1162 159 273 1070 819 699 122 387 121 646 310 362 354 500
internal_value=-6.70697e-05 0.00329147 0.0056508 0.00364638 0.0076668 -0.00324945 -0.0091532 -0.00550439 -0.00154897 -0.00679348 -0.00976757 -0.00858747 -0.0107194
internal_weight=6984 5101 3750 1889 1861 1351 1883 280 919 432 1603 741 862
internal_count=6984 5101 3750 1889 1861 1351 1883 280 919 432 1603 741 862
is_linear=0
shrinkage=0.025


Tree=6
num_leaves=13
num_cat=0
split_feature=49 35 37 35 49 36 54 3 49 47 31 43
split_gain=331.811 130.07 21.4548 25.9367 15.9709 12.1719 7.57156 5.6362 4.62318 3.34961 1.62047 1.2223
threshold=44.45000076293946 0.32504893839359289 0.017857806757092479 0.043780887499451644 30.645000457763675 0.67452606558799755 2.3574999570846562 0.58209952712059032 46.930000305175788 0.27622890472412115 0.76309221982955944 0.0061176484450697908
decision_type=10 2 2 2 8 2 10 2 10 2 2 2
left_child=1 2 4 -4 -1 7 8 -3 11 -7 -10 -2
right_child=6 5 3 -5 -6 9 -8 -9 10 -11 -12 -13
leaf_value=0.0083400337823874484 -0.0055285552039186087 -0.00031233421421985046 0.0057901772024832408 0.0012688242888816371 0.0030918052509448599 -0.0026203884104748112 -0.0016369467002905693 -0.0033058430835872011 -0.006810577672103863 -0.0059722502703635078 -0.0069104054607599386 -0.0030154909916321991
leaf_weight=1170 121 736 647 1275 693 130 122 182 824 319 725 127
leaf_count=1170 121 736 647 1275 693 130 122 182 824 319 725 127
internal_value=-8.21439e-05 0.00322256 0.00560851 0.00373313 0.00752476 -0.00337555 -0.00894296 -0.00169962 -0.00935419 -0.00673183 -0.00988176 -0.00590415
internal_weight=7071 5152 3785 1922 1863 1367 1919 918 1797 449 1549 248
internal_count=7071 5152 3785 1922 1863 1367 1919 918 1797 449 1549 248
is_linear=0
shrinkage=0.025


Tree=7
num_leaves=13
num_cat=0
split_feature=49 35 37 35 49 49 49 9 17 31 4 31
split_gain=325.687 119.312 22.5007 21.4675 17.5042 11.2905 6.98921 6.6266 6.49349 3.16491 1.9524 4.49915
threshold=44.45000076293946 0.32504893839359289 0.017857806757092479 0.043780887499451644 38.465000152587898 12.944999694824221 46.930000305175788 0.034294392913579948 0.63006380200386058 1.7816909551620486 -0.031799551099538796 0.76309221982955944
decision_type=10 2 2 2 10 8 10 2 2 2 2 2
left_child=1 2 4 -4 -1 9 8 -7 -2 -3 -8 -12
right_child=6 5 3 -5 -6 7 10 -9 -10 -11 11 -13
leaf_value=0.0071672426115372851 -0.0047760402110377 -0.0018369753124758571 0.005882863775278792 0.0012080971038468714 0.00080807740655264445 -0.00020159506448319474 -0.0071442027084194148 -0.0037946305436392918 -0.00069235858065948427 -0.0063313800363577824 -0.0053820973171311145 -0.006189377610074486
leaf_weight=1598 160 144 615 1254 253 714 475 254 130 250 428 718
leaf_count=1598 160 144 615 1254 253 714 475 254 130 250 428 718
internal_value=-0.000129501 0.00317845 0.00549497 0.00353855 0.00745218 -0.003141 -0.00891506 -0.00166367 -0.00514831 -0.0066886 -0.00956719 -0.00885643
internal_weight=6993 5082 3720 1869 1851 1362 1911 968 290 394 1621 1146
internal_count=6993 5082 3720 1869 1851 1362 1911 968 290 394 1621 1146
is_linear=0
shrinkage=0.025


Tree=8
num_leaves=15
num_cat=0
split_feature=52 36 53 36 37 53 35 4 36 36 41 50 43 39
split_gain=83.9336 51.1311 81.8042 66.2017 42.3317 39.3966 33.3196 16.4543 9.69672 7.63095 5.25855 4.41028 4.45445 4.18956
threshold=7.9900000095367441 0.19018984586000445 1.0303152203559878 0.64435288310050975 0.015843957662582401 2.1720325946807866 0.23327237367630008 0.02380203548818827 0.31227141618728643 0.27787640690803533 0.7127881944179536 -0.29500000178813929 -0.10952351987361907 0.93762677907943737
decision_type=8 2 10 2 2 10 2 2 2 2 2 10 2 2
left_child=1 5 3 -3 -4 7 11 -1 9 -8 -7 12 -2 -10
right_child=6 2 4 -5 -6 10 8 -9 13 -11 -12 -13 -14 -15
leaf_value=-0.0068088013927041684 0.0065863268063179803 0.0045473163250858697 -0.0067223310819969437 -0.0039443699610995425 -0.00074325968630766447 0.0061489661178173415 -0.0003047784531622869 -0.0033395793346016494 0.00018080206044524886 0.0084581860542384396 -0.00016902364000938032 0.0072837290383424352 0.0036460299593320577 -0.0031158815620604789
leaf_weight=559 240 1592 632 402 988 122 147 757 152 120 149 375 498 225
leaf_count=559 240 1592 632 402 988 122 147 757 152 120 149 375 498 225
internal_value=-0.000185804 -0.0017828 -0.000136433 0.0032485 -0.00430385 -0.00551586 0.00452965 -0.00730034 0 0.00360754 0.00310236 0.00713886 0.00591353 -0.00256872
internal_weight=6958 5201 3614 1994 1620 1587 1757 1316 644 267 271 1113 738 377
internal_count=6958 5201 3614 1994 1620 1587 1757 1316 644 267 271 1113 738 377
is_linear=0
shrinkage=0.025


Tree=9
num_leaves=15
num_cat=0
split_feature=52 36 53 36 37 53 35 20 36 36 29 44 34 9
split_gain=80.0432 50.3143 70.2286 63.987 49.2614 37.3413 30.7084 17.261 11.6601 7.6628 5.52406 3.63293 3.14688 3.60301
threshold=7.5049998760223398 0.22526052594184878 1.0303152203559878 0.64435288310050975 0.015843957662582401 2.1720325946807866 0.23327237367630008 -0.0038316699210554357 0.31227141618728643 0.27787640690803533 0.071768697351217284 0.021493818610906604 -0.023300516419112679 0.026839294470846656
decision_type=8 2 10 2 2 10 2 2 2 2 2 2 2 2
left_child=1 5 3 -3 -4 7 12 -1 9 -8 -7 -10 -2 -14
right_child=6 2 4 -5 -6 10 8 -9 11 -11 -12 -13 13 -15
leaf_value=-0.0064145069944914453 0.0071492948709660845 0.0047788482642081827 -0.0064875783065545091 -0.0041172453460266685 -2.3088353108977056e-06 0.0052195973201407042 0.00017864975301518649 -0.0030560379190645373 -0.0025785298396220294 0.0079879272073365877 -0.00025949615534251181 -0.00048805537906526641 0.0057588540661512536 0.0035646506816318399
leaf_weight=491 387 1462 641 394 917 153 149 996 163 122 132 221 195 569
leaf_count=491 387 1462 641 394 917 153 149 996 163 122 132 221 195 569
internal_value=-2.76904e-05 -0.00160735 0.00016635 0.00344909 -0.0037388 -0.00501899 0.00449682 -0.00660607 0.000160985 0.00409873 0.00321121 -0.00261889 0.00694745 0.00590865
internal_weight=6992 5186 3414 1856 1558 1772 1806 1487 655 271 285 384 1151 764
internal_count=6992 5186 3414 1856 1558 1772 1806 1487 655 271 285 384 1151 764
is_linear=0
shrinkage=0.025


Tree=10
num_leaves=13
num_cat=0
split_feature=49 35 37 35 49 36 49 9 43 2 4 36
split_gain=294.276 105.534 22.095 19.3204 16.7934 13.5104 8.41161 7.02928 4.8994 2.30781 1.87371 4.74057
threshold=44.45000076293946 0.32863776385784155 0.017857806757092479 0.038696769624948509 30.645000457763675 0.67882245779037487 46.930000305175788 0.028574357740581039 -0.015392675995826719 0.17471525073051455 -0.15778584778308866 0.1165350414812565
decision_type=10 2 2 2 8 2 10 2 2 2 2 2
left_child=1 2 4 -4 -1 7 8 -3 -2 -7 -8 -12
right_child=6 5 3 -5 -6 9 10 -9 -10 -11 11 -13
leaf_value=0.0077560355214279014 -0.0054937092599574152 0.00095231245576277818 0.0052663310416736905 0.0010781319309083714 0.0029182556935661297 -0.0030694835426913307 -0.0069620760494168293 -0.0020055323770705401 -0.00086200936105295116 -0.0069715492314342438 -0.0046701204585747223 -0.0067616078665522885
leaf_weight=1156 122 332 599 1308 707 255 277 595 155 152 646 686
leaf_count=1156 122 332 599 1308 707 255 277 595 155 152 646 686
internal_value=-0.000124196 0.00299349 0.00513079 0.0032198 0.00706973 -0.00303865 -0.00855037 -0.00134791 -0.00436613 -0.00681129 -0.00925108 -0.00874626
internal_weight=6990 5104 3770 1907 1863 1334 1886 927 277 407 1609 1332
internal_count=6990 5104 3770 1907 1863 1334 1886 927 277 407 1609 1332
is_linear=0
shrinkage=0.025


Tree=11
num_leaves=13
num_cat=0
split_feature=49 36 36 49 37 44 53 49 17 47 4 36
split_gain=295.695 74.4974 21.3958 17.0241 18.1148 12.5531 7.74939 6.25336 6.62529 3.74558 1.83256 3.9592
threshold=44.45000076293946 0.47394736111164099 0.67882245779037487 20.880000114440922 0.017959102988243106 0.019700954668223861 1.9289180636405947 46.930000305175788 0.63006380200386058 0.46680118143558508 -0.15778584778308866 0.081770021468400969
decision_type=10 2 2 8 2 2 10 10 2 2 2 2
left_child=1 3 5 4 -1 -3 -5 8 -2 -4 -9 -12
right_child=7 2 9 6 -6 -7 -8 10 -10 -11 11 -13
leaf_value=0.0079460081681505378 -0.0045158884874035663 0.0028589394442802545 -0.0026461147408277223 0.0015973250347956535 0.0029283621357871826 -0.00064885484138695851 0.0054910110466179114 -0.0067876720151159482 -0.0007124485872680845 -0.0058098142471064099 -0.0042060164061063915 -0.0065324902120165833
leaf_weight=1013 148 278 187 1469 602 1062 286 288 130 216 538 777
leaf_count=1013 148 278 187 1469 602 1062 286 288 130 216 538 777
internal_value=-0.000116981 0.00300044 -0.00119065 0.00516852 0.00702546 0.000329926 0.00344105 -0.00857967 -0.00492491 -0.00620404 -0.00919232 -0.00867898
internal_weight=6994 5113 1743 3370 1615 1340 1755 1881 278 403 1603 1315
internal_count=6994 5113 1743 3370 1615 1340 1755 1881 278 403 1603 1315
is_linear=0
shrinkage=0.025


Tree=12
num_leaves=13
num_cat=0
split_feature=53 36 38 53 37 35 29 43 30 38 48 39
split_gain=74.3367 88.6117 65.139 32.9888 29.5208 26.451 8.88869 8.48009 6.13758 4.30149 3.92542 2.76807
threshold=2.1720325946807866 0.15689326822757724 -0.032348988577723496 1.0303152203559878 0.012530152685940267 0.23045801371335986 0.05367869324982167 -0.082032445818185792 0.33636698126792913 -0.10360782593488692 0.54310345649719249 1.2322787642478945
decision_type=8 2 2 8 2 2 2 2 2 2 2 2
left_child=1 7 4 -4 -3 8 -7 -1 11 -9 -8 -2
right_child=5 2 3 -5 -6 6 10 9 -10 -11 -12 -13
leaf_value=-0.0065288023102413042 0.005526046517199781 -0.0041312917938102307 0.00035104015483264399 -0.0040455041703120745 0.0030325478751967159 -0.0027494261628286626 0.0026193551261837911 -0.0041974186141199802 0.0020928195333865126 -0.0024444230147369619 -0.00067605337291976324 0.0029496136728888152
leaf_weight=392 952 182 1040 1132 1876 153 146 513 174 200 165 125
leaf_count=392 952 182 1040 1132 1876 153 146 513 174 200 165 125
internal_value=-9.74486e-06 -0.00146653 0.000181523 -0.0028336 0.00336585 0.00450945 -0.000573028 -0.00775338 0.00639431 -0.00603238 0.0018394 0.00709912
internal_weight=7050 5335 4230 2172 2058 1715 464 1105 1251 713 311 1077
internal_count=7050 5335 4230 2172 2058 1715 464 1105 1251 713 311 1077
is_linear=0
shrinkage=0.025


Tree=13
num_leaves=13
num_cat=0
split_feature=49 35 37 35 49 36 49 43 9 47 52 5
split_gain=282.974 99.1301 22.1269 20.0424 16.0609 12.9693 8.13739 8.55499 6.19363 4.28249 2.44579 1.70103
threshold=44.45000076293946 0.32504893839359289 0.017857806757092479 0.043780887499451644 30.645000457763675 0.67882245779037487 46.930000305175788 -0.023088146001100537 0.026229760609567169 0.46680118143558508 5.2799999713897714 0.73781678080558788
decision_type=10 2 2 2 8 2 10 2 2 2 10 2
left_child=1 2 4 -4 -1 8 7 -2 -3 -7 11 -8
right_child=6 5 3 -5 -6 9 10 -9 -10 -11 -12 -13
leaf_value=0.0073417872704445875 -0.0058503695582309903 0.0015215850750861931 0.004958349291520941 0.00093420427675771495 0.0025905394805071829 -0.0024965452917821347 -0.0056549270954019794 -0.00035145738293564793 -0.0014889229785274407 -0.0062131381950382147 -0.0035433052567008811 -0.0061726961506796928
leaf_weight=1159 120 213 626 1281 693 180 1085 169 735 216 159 380
leaf_count=1159 120 213 626 1281 693 180 1085 169 735 216 159 380
internal_value=-1.33528e-05 0.00306015 0.00514247 0.00323287 0.00709141 -0.00275667 -0.0082019 -0.00418793 -0.00114769 -0.00653055 -0.00889733 -0.00923895
internal_weight=7016 5103 3759 1907 1852 1344 1913 289 948 396 1624 1465
internal_count=7016 5103 3759 1907 1852 1344 1913 289 948 396 1624 1465
is_linear=0
shrinkage=0.025


Tree=14
num_leaves=14
num_cat=0
split_feature=49 36 34 49 53 34 49 51 17 20 34 12 5
split_gain=269.812 69.3705 23.705 24.6245 19.9426 15.8461 6.02138 4.84973 4.6049 4.46062 3.00841 3.48612 1.19057
threshold=44.45000076293946 0.47394736111164099 0.11739587783813478 30.645000457763675 0.81161421537399303 0.033701747655868537 46.930000305175788 -1.2699999809265134 0.62510687112808239 0.30427759885787969 -0.0088555584661662561 -0.10327765345573424 0.73781678080558788
decision_type=10 2 2 8 10 2 10 8 2 2 2 2 2
left_child=1 2 3 -1 9 -6 8 -4 -2 -3 11 -8 -12
right_child=6 4 7 -5 5 -7 10 -9 -10 -11 12 -13 -14
leaf_value=0.0067978724211802989 -0.0039381794590531288 0.004257411068362609 0.0037461625398134226 0.0022332882302994309 0.00064991076775924796 -0.0032797746411141818 -0.0045245935606286983 0.00018481124689594675 -0.00068784386668832055 0.0023744570183822453 -0.0059381089019234093 -0.0024753000721817165 -0.0063160971704065306
leaf_weight=1338 146 125 240 1152 498 893 436 645 120 212 629 148 394
leaf_count=1338 146 125 240 1152 498 893 436 645 120 212 629 148 394
internal_value=-5.99842e-05 0.00291822 0.00500185 0.00625 -0.00115046 -0.00247582 -0.0081636 0.0014677 -0.00449723 0.00425804 -0.00875078 -0.00712012 -0.00963643
internal_weight=6976 5103 3375 2490 1728 1391 1873 885 266 337 1607 584 1023
internal_count=6976 5103 3375 2490 1728 1391 1873 885 266 337 1607 584 1023
is_linear=0
shrinkage=0.025


Tree=15
num_leaves=14
num_cat=0
split_feature=49 35 49 34 36 35 20 36 43 35 47 40 49
split_gain=260.426 80.8089 22.0784 16.1828 10.864 8.21441 5.42371 4.61871 11.3903 4.5933 4.0779 1.64374 0.0906959
threshold=45.494998931884773 0.32504893839359289 30.645000457763675 0.13460735231637957 0.67882245779037487 0.23045801371335986 0.67933067679405224 0.17881379276514056 -0.082032445818185792 0.13931700587272647 0.45689655840396887 1.0773481130599978 49.814998626708991
decision_type=10 2 8 2 2 2 2 2 2 2 2 2 10
left_child=1 2 3 -1 6 -4 -3 8 12 -10 -6 -9 -2
right_child=7 4 5 -5 10 -7 -8 11 9 -11 -12 -13 -14
leaf_value=0.0060761860618639045 -0.0062722743616354035 1.6193573018322139e-05 0.0022528754768503302 0.0023044488812018894 -0.0022465404534498662 -0.00065093110083069979 -0.0032020509169163377 -0.0065385800835957965 -0.0038190351537427322 -0.0017169834594474816 -0.0055822958286725066 -0.0049860154511508839 -0.0053387787459584545
leaf_weight=1459 276 731 1467 572 183 338 215 540 512 234 224 123 132
leaf_count=1459 276 731 1467 572 183 338 215 540 512 234 224 123 132
internal_value=-0.000116781 0.00273513 0.00458702 0.00637586 -0.00250828 0.0025587 -0.00101866 -0.00824986 -0.00719909 -0.00528462 -0.00590109 -0.0100019 -0.0105781
internal_weight=7006 5189 3836 2031 1353 1805 946 1817 1154 746 407 663 408
internal_count=7006 5189 3836 2031 1353 1805 946 1817 1154 746 407 663 408
is_linear=0
shrinkage=0.025


Tree=16
num_leaves=13
num_cat=0
split_feature=49 35 49 16 36 35 54 17 47 43 53 11
split_gain=247.327 96.9096 16.8187 16.5039 12.6966 9.99928 5.88228 5.51141 4.549 3.9673 9.45781 1.15051
threshold=44.45000076293946 0.32504893839359289 30.645000457763675 0.026381140574812893 0.67452606558799755 0.24461869150400165 2.3574999570846562 0.40219508111476904 0.45689655840396887 -0.090047441422939287 1.0303152203559878 0.017162387259304527
decision_type=10 2 8 2 2 2 10 2 2 2 10 2
left_child=1 2 3 -1 7 -4 9 -3 -6 11 -11 -2
right_child=6 4 5 -5 8 -7 -8 -9 -10 10 -12 -13
leaf_value=0.0062624423831431049 -0.0055322041411828768 -0.0034040656784479063 0.0023506465905664175 0.0028092929191771382 -0.0026664206378610861 -0.001163399391097065 -0.0013431317673358097 -0.00021547698117218989 -0.0057086562448718106 -0.0034837424176354607 -0.0053343503164973403 -0.006729278111980961
leaf_weight=1405 296 143 1488 629 207 226 121 782 237 612 565 305
leaf_count=1405 296 143 1488 629 207 226 121 782 237 612 565 305
internal_value=-5.60818e-05 0.00280286 0.0048811 0.00642165 -0.00287937 0.00303592 -0.00775013 -0.00118952 -0.00633352 -0.00811483 -0.00717534 -0.00987005
internal_weight=7016 5117 3748 2034 1369 1714 1899 925 444 1778 1177 601
internal_count=7016 5117 3748 2034 1369 1714 1899 925 444 1778 1177 601
is_linear=0
shrinkage=0.025


Tree=17
num_leaves=14
num_cat=0
split_feature=52 36 53 36 38 53 16 50 4 30 30 39 36
split_gain=68.5062 43.8918 62.1847 49.3905 37.6091 28.2631 16.607 14.6701 12.253 7.79267 6.22061 4.4795 0.547369
threshold=7.9900000095367441 0.18268477916717532 1.0303152203559878 0.67452606558799755 -0.069509599357843385 2.1720325946807866 0.026831434108316902 -1.0349999666213987 0.012172325048595669 0.10506835952401163 0.20197046548128131 0.98182058334350597 0.27596750855445867
decision_type=8 2 10 2 2 10 2 10 2 2 2 2 2
left_child=1 5 3 -3 -4 8 7 10 -1 -7 -2 -8 -9
right_child=6 2 4 -5 -6 9 11 12 -10 -11 -12 -13 -14
leaf_value=-0.0055350022905932342 0.0029413110974164758 0.0034186874074305347 0.0016842451053685318 -0.0048376700057931269 -0.0037906594990728699 0.0048926701540724041 0.00064977306255720841 0.005317629670715922 -0.0026958854119075604 -0.0012989105750082297 -0.0014692857832281471 -0.0030388131428095255 0.0072382539228723793
leaf_weight=538 911 1739 424 295 1231 121 124 238 736 150 121 136 248
leaf_count=538 911 1739 424 295 1231 121 124 238 736 150 121 136 248
internal_value=-0.000113118 -0.00155445 -6.93692e-05 0.00285373 -0.0036634 -0.00508468 0.00411876 0.00511737 -0.00664093 0.00219656 0.0033932 -0.00167453 0.00869399
internal_weight=7012 5234 3689 2034 1655 1545 1778 1518 1274 271 1032 260 486
internal_count=7012 5234 3689 2034 1655 1545 1778 1518 1274 271 1032 260 486
is_linear=0
shrinkage=0.025


Tree=18
num_leaves=14
num_cat=0
split_feature=49 35 37 35 49 36 49 17 20 50 36 4 46
split_gain=231.246 79.9506 16.6061 21.8014 14.4466 11.1199 5.38823 5.60499 4.53341 3.73278 2.81447 6.9439 2.08383
threshold=44.45000076293946 0.32504893839359289 0.017834716476500038 0.12070483714342119 30.645000457763675 0.67452606558799755 46.930000305175788 0.63006380200386058 0.67933067679405224 0.32500000298023229 0.088622972369194045 -0.038849884644150727 0.62931033968925487
decision_type=10 2 2 2 8 2 10 2 2 10 2 2 2
left_child=1 2 4 -4 -1 8 7 -2 -3 -7 11 -8 -12
right_child=6 5 3 -5 -6 9 10 -9 -10 -11 12 -13 -14
leaf_value=0.0064957766053324751 -0.0036696455681164298 1.898378299179035e-05 0.0038924374620475477 0.00010495973103108598 0.0019664423295410391 -0.0053649452885524149 -0.0056536142871228537 -0.00031766277946156281 -0.0027451967376748232 -0.0019573759804113896 -0.005456931628978437 -0.0029106733397773498 -0.005681181971986601
leaf_weight=1120 152 701 964 966 693 257 331 128 227 191 499 452 327
leaf_count=1120 152 701 964 966 693 257 331 128 227 191 499 452 327
internal_value=-0.000180914 0.00257733 0.00447072 0.00283915 0.00619156 -0.00256608 -0.00764586 -0.00427632 -0.000984727 -0.00578091 -0.00821329 -0.00698763 -0.00931859
internal_weight=7008 5119 3743 1930 1813 1376 1889 280 928 448 1609 783 826
internal_count=7008 5119 3743 1930 1813 1376 1889 280 928 448 1609 783 826
is_linear=0
shrinkage=0.025


Tree=19
num_leaves=13
num_cat=0
split_feature=49 35 37 35 49 36 54 9 43 53 50 32
split_gain=232.714 74.8867 17.9163 17.2656 14.3506 11.1645 6.94802 5.17403 3.85663 8.54301 3.26114 0.565236
threshold=44.45000076293946 0.32863776385784155 0.017834716476500038 0.12070483714342119 30.645000457763675 0.67882245779037487 2.3574999570846562 0.034294392913579948 -0.090047441422939287 0.85306793451309215 0.8100000023841859 1.0087705254554751
decision_type=10 2 2 2 8 2 10 2 2 10 10 2
left_child=1 2 4 -4 -1 7 8 -3 11 -10 -7 -2
right_child=6 5 3 -5 -6 10 -8 -9 9 -11 -12 -13
leaf_value=0.0064532961967815666 -0.0058101254433743782 5.1930820740802787e-05 0.0037294205451017127 0.00022673597622932252 0.0022641491130707286 -0.005212011918417238 -0.00071931568939440505 -0.0025231103282681777 -0.003169874869361781 -0.0046663876184114246 -0.0019084415809011046 -0.0056363195925224312
leaf_weight=1156 398 718 943 967 690 239 126 222 503 682 155 214
leaf_count=1156 398 718 943 967 690 239 126 222 503 682 155 214
internal_value=-8.6385e-05 0.00271222 0.00451841 0.00280352 0.00627701 -0.0023665 -0.00748509 -0.000866402 -0.0078836 -0.00695903 -0.00587406 -0.00959279
internal_weight=7013 5090 3756 1910 1846 1334 1923 940 1797 1185 394 612
internal_count=7013 5090 3756 1910 1846 1334 1923 940 1797 1185 394 612
is_linear=0
shrinkage=0.025


Tree=20
num_leaves=15
num_cat=0
split_feature=49 36 34 49 37 36 36 43 51 49 40 9 54 24
split_gain=209.682 68.5876 20.1326 24.3305 17.4528 13.1503 5.90164 10.0479 4.22871 3.97754 2.37985 1.89171 0.856021 0.668479
threshold=44.45000076293946 0.47394736111164099 0.11739587783813478 30.645000457763675 0.012456941418349745 0.62532237172126781 0.21190430223941806 -0.060776935890316956 -1.2699999809265134 46.930000305175788 1.0752086639404299 0.026902745477855209 1.4872500300407412 20.753224372863773
decision_type=10 2 2 8 2 2 2 2 8 10 2 2 10 2
left_child=1 2 3 -1 11 -6 7 12 -4 -9 13 -3 -2 -8
right_child=6 4 8 -5 5 -7 10 9 -10 -11 -12 -13 -14 -15
leaf_value=0.0059863738613817434 -0.0054499126451481167 0.0040170707874232752 0.003720422274486543 0.0020281285509028565 -0.00054551128856812972 -0.0035254265818578795 -0.0053863337975633696 -0.00069720344892188694 0.00021970474036577954 -0.0033902817030313087 -0.004412914644519093 0.0013206467271549361 -0.0045390840958409338 -0.0059008797026172911
leaf_weight=1352 369 126 261 1137 912 554 142 183 637 615 122 172 122 349
leaf_count=1352 369 126 261 1137 912 554 142 183 637 615 122 172 122 349
internal_value=-0.000149653 0.00246921 0.00454931 0.00570619 -0.00152275 -0.00264701 -0.00723322 -0.00620653 0.00132198 -0.00441314 -0.00931432 0.00393977 -0.00903478 -0.0101436
internal_weight=7053 5151 3387 2489 1764 1466 1902 1289 898 798 613 298 491 491
internal_count=7053 5151 3387 2489 1764 1466 1902 1289 898 798 613 298 491 491
is_linear=0
shrinkage=0.025


Tree=21
num_leaves=12
num_cat=0
split_feature=52 31 38 53 37 50 38 3 43 10 44
split_gain=58.5108 26.0367 28.5176 27.0579 20.3905 14.1159 11.3859 5.6959 8.31656 2.88242 0.635532
threshold=12.450000286102297 0.44657905399799352 -0.027075148187577721 0.70474621653556835 0.013573596253991129 -1.0349999666213987 -0.054110331460833543 -0.023096309043467041 0.2176955044269562 0.016885014250874523 0.024463525973260406
decision_type=8 2 2 10 2 10 2 2 2 2 2
left_child=1 6 4 -4 -3 7 9 -2 -9 -1 -7
right_child=5 2 3 -5 -6 10 -8 8 -10 -11 -12
leaf_value=-0.0050715184282028175 0.0059024975168141224 -0.0028179139975362455 0.0037720665091863 -0.0025778121557309304 0.0014309989120159933 0.0064832577964617517 -0.00040402878994190363 0.00049506459678465569 0.0065000231994737992 -0.0041511290490827604 0.0059095475749534982
leaf_weight=276 176 354 248 1965 2265 242 162 743 180 246 120
leaf_count=276 176 354 248 1965 2265 242 162 743 180 246 120
internal_value=-6.89272e-05 -0.00124864 -0.000598253 -0.00268541 0.00116473 0.00436988 -0.00579644 0.00292686 0.00210803 -0.00757827 0.0086342
internal_weight=6977 5516 4832 2213 2619 1461 684 1099 923 522 362
internal_count=6977 5516 4832 2213 2619 1461 684 1099 923 522 362
is_linear=0
shrinkage=0.025


Tree=22
num_leaves=13
num_cat=0
split_feature=49 36 9 34 49 30 54 19 43 53 3 29
split_gain=199.533 61.2011 19.4704 16.066 27.7677 15.4703 6.62414 6.37245 5.48856 7.55924 3.92535 0.662533
threshold=44.45000076293946 0.49564366042613989 0.027111850678920749 0.10540278628468515 30.645000457763675 -0.023430836386978623 2.3574999570846562 0.32683576643466955 -0.090047441422939287 0.85306793451309215 0.19614855200052264 0.050194390118122108
decision_type=10 2 2 2 8 2 10 2 2 10 2 2
left_child=1 3 10 4 -1 -5 8 -4 11 -10 -3 -2
right_child=6 2 7 5 -6 -7 -8 -9 9 -11 -12 -13
leaf_value=0.0057319034695719933 -0.0052720364791312459 0.003393756551101715 -0.0016292809682079982 0.0034897205816327619 0.0013835902007175466 -0.00065111041187496392 -0.00061345486099809166 -0.006382864814988772 -0.0029578790106618807 -0.0041980787280991375 0.00099954006201445839 -0.0057597289755142739
leaf_weight=1353 414 152 1017 473 1170 635 124 121 509 683 174 193
leaf_count=1353 414 152 1017 473 1170 635 124 121 509 683 174 193
internal_value=-0.000166417 0.00242279 -0.00188479 0.00416151 0.00526355 0.0016341 -0.00701828 -0.00342848 -0.00740369 -0.00634398 0.00345544 -0.00940564
internal_weight=7018 5095 1464 3631 2523 1108 1923 1138 1799 1192 326 607
internal_count=7018 5095 1464 3631 2523 1108 1923 1138 1799 1192 326 607
is_linear=0
shrinkage=0.025


Tree=23
num_leaves=15
num_cat=0
split_feature=49 35 9 49 49 36 43 9 43 36 3 46 40 29
split_gain=199.281 64.0176 19.1975 19.1499 13.4589 10.3055 9.26947 7.02068 4.63109 8.57568 3.89982 2.87727 2.04132 0.0452828
threshold=45.494998931884773 0.23045801371335986 0.027111850678920749 32.11000061035157 14.175000190734865 0.53569704294204723 -0.047904618084430688 0.026542064733803276 -0.079171050339937196 0.17881379276514056 0.098970700055360808 0.63811445236206066 1.1378358602523806 0.050483677536249168
decision_type=10 2 2 10 10 2 2 2 2 2 2 2 2 2
left_child=1 3 4 7 -3 -4 -5 -1 12 10 -10 -11 13 -2
right_child=8 2 5 6 -6 -7 -8 -9 9 11 -12 -13 -14 -15
leaf_value=0.007257020351367687 -0.0050609645591149187 -0.0011558825827624811 -0.00026228080799377723 -0.0012697276543186477 0.0037194041199008088 -0.0028194871485801125 0.0020029668052885391 0.0038423015147427287 -0.0032436849985339115 -0.0041126190572673632 -0.0018277851330045212 -0.0060672157000009885 -0.0048468728343162952 -0.0055884497032461251
leaf_weight=493 372 249 936 262 451 685 447 1668 441 199 303 243 147 129
leaf_count=493 372 249 936 262 451 685 447 1668 441 199 303 243 147 129
internal_value=-3.28947e-05 0.00246945 -0.000615327 0.00496304 0.00282801 -0.00211024 0.0013743 0.00613169 -0.00710644 -0.00610306 -0.00439753 -0.00887864 -0.00887251 -0.00969615
internal_weight=7025 5191 2321 2870 700 1621 709 2161 1834 1186 744 442 648 501
internal_count=7025 5191 2321 2870 700 1621 709 2161 1834 1186 744 442 648 501
is_linear=0
shrinkage=0.025


Tree=24
num_leaves=15
num_cat=0
split_feature=49 36 34 49 30 53 19 43 36 13 44 20 29 29
split_gain=193.03 58.3199 16.7032 21.3825 18.14 15.8788 10.152 6.08795 9.03765 5.52486 4.21085 3.34859 0.934524 1.15946
threshold=43.470001220703132 0.47394736111164099 0.10540278628468515 30.645000457763675 1.0000000180025095e-35 0.81161421537399303 0.10208529606461526 -0.090047441422939287 0.18612703680992129 -0.12969484925270078 0.023974034003913406 0.26352235674858099 0.050194390118122108 0.039699081331491477
decision_type=10 2 2 8 2 10 2 2 2 2 2 2 2 2
left_child=1 2 3 -1 -4 10 -7 12 9 -9 -3 -10 13 -2
right_child=7 5 4 -5 -6 6 -8 8 11 -11 -12 -13 -14 -15
leaf_value=0.0056530706974861501 -0.00470920716623692 0.0037204240117554759 0.0035053750463084482 0.0018226121271127398 -0.001077137058536773 -9.49961720886211e-05 -0.0029263312094539272 -0.0035633678426217432 -0.0045918422994245941 -0.0011820167872548014 -2.8711209458677501e-05 -0.0049843664281630897 -0.0053805119683518572 -0.0051728503293625595
leaf_weight=1296 292 210 410 1089 522 699 691 449 162 401 124 284 208 143
leaf_count=1296 292 210 410 1089 522 699 691 449 162 401 124 284 208 143
internal_value=-3.48962e-05 0.00254286 0.00447961 0.00558839 0.00162086 -0.00118204 -0.00236111 -0.00672904 -0.00568313 -0.0041155 0.00366888 -0.00857816 -0.00876736 -0.0077983
internal_weight=6980 5041 3317 2385 932 1724 1390 1939 1296 850 334 446 643 435
internal_count=6980 5041 3317 2385 932 1724 1390 1939 1296 850 334 446 643 435
is_linear=0
shrinkage=0.025


Tree=25
num_leaves=13
num_cat=0
split_feature=49 35 37 35 49 9 54 17 3 49 45 5
split_gain=187.156 57.6602 19.2824 20.1532 14.1828 8.96298 5.98732 5.75788 5.08054 2.68024 3.0752 2.69605
threshold=44.45000076293946 0.32504893839359289 0.017277746461331848 0.12070483714342119 19.085000038146976 0.034294392913579948 2.3574999570846562 0.47199693322181707 0.58209952712059032 48.564998626708991 0.38114453852176672 0.72369050979614269
decision_type=10 2 2 2 8 2 10 2 2 10 2 2
left_child=1 2 4 -4 -1 7 9 -3 -7 10 -2 -11
right_child=6 5 3 -5 -6 8 -8 -9 -10 11 -12 -13
leaf_value=0.0057742041782816956 -0.0040919846006455332 -0.0031670981313065825 0.003317876549733101 -0.00016528757992496091 0.002001259967814873 -0.0018325064541744665 -0.00061864223992398257 0.00012592681024274218 -0.0060673753119310598 -0.0042374952458305278 -0.0023649460714408855 -0.0048797159673752439
leaf_weight=1060 139 184 1063 965 712 272 122 769 121 988 230 386
leaf_count=1060 139 184 1063 965 712 272 122 769 121 988 230 386
internal_value=-3.29604e-05 0.0024255 0.00399967 0.00232108 0.00590532 -0.0020124 -0.00680816 -0.000685021 -0.00516646 -0.00718321 -0.00509693 -0.00771846
internal_weight=7011 5146 3800 2028 1772 1346 1865 953 393 1743 369 1374
internal_count=7011 5146 3800 2028 1772 1346 1865 953 393 1743 369 1374
is_linear=0
shrinkage=0.025


Tree=26
num_leaves=15
num_cat=0
split_feature=49 35 37 35 49 36 43 36 44 17 3 17 41 34
split_gain=164.371 58.7821 16.9078 16.5399 12.8093 7.2183 6.8201 9.08367 4.76315 4.73191 3.55971 2.46441 1.72053 1.77528
threshold=44.45000076293946 0.32863776385784155 0.017635541968047622 0.12070483714342119 38.465000152587898 0.67882245779037487 -0.079171050339937196 0.18612703680992129 0.030112187378108505 0.41136138141155248 0.11053681746125223 0.69274669885635387 0.60241273045539867 0.0079564242623746412
decision_type=10 2 2 2 10 2 2 2 2 2 2 2 2 2
left_child=1 2 4 -4 -1 9 12 10 -7 -3 -8 -9 -2 -14
right_child=6 5 3 -5 -6 8 7 11 -10 -11 -12 -13 13 -15
leaf_value=0.0048354019017293227 -0.005974329245314782 -0.0029702783341115338 0.0032144367721886561 -3.1591865590747946e-05 -0.00013642931778122327 -0.0019834708685999652 -0.0027895161941749362 -0.0031940369055686543 -0.0059679211612787379 -0.0002140918577475344 -0.0011686863561527819 -0.0050697012620554201 -0.0032544540261737389 -0.0050767491758094687
leaf_weight=1574 243 148 1020 988 208 284 477 152 135 773 306 280 174 240
leaf_count=1574 243 148 1020 988 208 284 477 152 135 773 306 280 174 240
internal_value=-8.47367e-05 0.00222858 0.00381917 0.00223236 0.00559247 -0.00226301 -0.00641649 -0.00525102 -0.00496757 -0.00100567 -0.00359296 -0.00816648 -0.00850642 -0.00726432
internal_weight=7002 5130 3790 2008 1782 1340 1872 1215 419 921 783 432 657 414
internal_count=7002 5130 3790 2008 1782 1340 1872 1215 419 921 783 432 657 414
is_linear=0
shrinkage=0.025


Tree=27
num_leaves=13
num_cat=0
split_feature=49 35 9 36 36 49 54 17 43 49 2 40
split_gain=174.078 53.3053 16.3552 11.5374 7.10468 4.99946 4.3944 4.06158 3.81147 4.75555 3.41077 0.744823
threshold=44.45000076293946 0.32863776385784155 0.026773151941597465 0.47394736111164099 0.67882245779037487 42.905000686645515 2.3190000057220463 0.41136138141155248 -0.079171050339937196 46.930000305175788 0.17471525073051455 1.1378358602523806
decision_type=10 2 2 2 2 8 10 2 2 10 2 2
left_child=1 2 5 -4 7 -1 8 -3 11 -10 -6 -2
right_child=6 4 3 -5 10 -7 -8 -9 9 -11 -12 -13
leaf_value=0.0053305753304010595 -0.0046863625627028178 -0.0029614706234965035 0.0025671334421447471 -0.00032511014651279011 -0.001881765397321173 0.0025112678574392409 -0.0016190210025698534 -1.5001940875002813e-05 -0.001357924445227142 -0.003632788990021214 -0.0054995117891881622 -0.0049821349059033793
leaf_weight=746 472 160 2166 539 258 330 149 768 159 958 144 149
leaf_count=746 472 160 2166 539 258 330 149 768 159 958 144 149
internal_value=-0.000116914 0.00227839 0.00379193 0.00274216 -0.00201779 0.00640032 -0.00659686 -0.00079716 -0.00695281 -0.00599933 -0.0047758 -0.00859625
internal_weight=6998 5111 3781 2705 1330 1076 1887 928 1738 1117 402 621
internal_count=6998 5111 3781 2705 1330 1076 1887 928 1738 1117 402 621
is_linear=0
shrinkage=0.025


Tree=28
num_leaves=15
num_cat=0
split_feature=49 35 49 23 36 35 36 4 3 40 31 41 29 40
split_gain=153.017 54.555 16.67 13.056 8.49447 6.75059 5.39526 6.06016 4.47783 3.56252 3.29602 2.77245 2.76289 0.452604
threshold=45.494998931884773 0.32504893839359289 30.645000457763675 0.19758378714323047 0.67882245779037487 0.24234795570373538 0.17881379276514056 -0.020545336417853829 0.59061419963836681 1.0301418900489809 0.72810876369476329 0.63094875216484081 0.049002863466739661 0.90622419118881237
decision_type=10 2 8 2 2 2 2 2 2 2 2 2 2 2
left_child=1 2 3 -1 8 -4 7 12 -3 13 -9 -6 -2 -8
right_child=6 4 5 -5 11 -7 9 10 -10 -11 -12 -13 -14 -15
leaf_value=0.0055025666656605479 -0.0039963035038086412 -6.2770885973374713e-05 0.0015856283501067118 0.0023975948058360384 -0.0050809368961476998 -0.00097611491792292532 -0.0045147622061310509 -0.00081286935162342376 -0.0026300122429160772 -0.003745607192166588 -0.0028959611237627668 -0.00055611591820505164 -0.0047466814710828394 -0.0057052699062692001
leaf_weight=954 328 793 1525 1103 291 253 219 238 175 185 458 124 139 245
leaf_count=954 328 793 1525 1103 291 253 219 238 175 185 458 124 139 245
internal_value=-0.000144812 0.00202829 0.00356283 0.00509517 -0.00221992 0.0017772 -0.00639447 -0.00531357 -0.000918551 -0.00826644 -0.0037714 -0.00519345 -0.00753443 -0.00947495
internal_weight=7030 5218 3835 2057 1383 1778 1812 1163 968 649 696 415 467 464
internal_count=7030 5218 3835 2057 1383 1778 1812 1163 968 649 696 415 467 464
is_linear=0
shrinkage=0.025


Tree=29
num_leaves=15
num_cat=0
split_feature=49 35 49 37 35 31 17 36 13 40 40 30 40 40
split_gain=149.39 51.9667 16.6657 14.9232 7.08568 6.44174 4.61851 4.53461 8.4243 6.35506 3.90972 2.34252 2.06444 0.827276
threshold=44.45000076293946 0.32504893839359289 30.645000457763675 0.017959102988243106 0.23045801371335986 2.1791483163833623 0.47199693322181707 0.21190430223941806 -0.17282659560441968 0.94756713509559642 0.83646389842033397 -0.43579532206058497 1.0045008063316347 0.90622419118881237
decision_type=10 2 8 2 2 2 2 2 2 2 2 2 2 2
left_child=1 2 3 -1 -4 6 -3 8 11 -10 -7 -2 13 -9
right_child=7 5 4 -5 -6 10 -8 12 9 -11 -12 -13 -14 -15
leaf_value=0.0052920285774307177 -0.0029000883682915079 -0.0025495658372497376 0.0018429077580607884 0.0020321203921366245 -0.00067619918395627756 -0.0051515532539233022 0.00022256595881658197 -0.004306950774960204 7.8220627529853459e-05 -0.0029025553241655549 -0.0017125404303586647 -0.0042695513235260704 -0.0035630485529800473 -0.0059810342087730523
leaf_weight=1147 126 234 1363 893 329 136 653 203 229 392 333 533 202 196
leaf_count=1147 126 234 1363 893 329 136 653 203 229 392 333 533 202 196
internal_value=-7.61758e-05 0.00214878 0.00367106 0.00519254 0.00182307 -0.00203435 -0.000763733 -0.00608762 -0.00518969 -0.00304513 -0.00439082 -0.00716303 -0.00793111 -0.00905012
internal_weight=6969 5088 3732 2040 1692 1356 887 1881 1280 621 469 659 601 399
internal_count=6969 5088 3732 2040 1692 1356 887 1881 1280 621 469 659 601 399
is_linear=0
shrinkage=0.025


Tree=30
num_leaves=15
num_cat=0
split_feature=52 37 31 37 38 35 50 29 38 33 34 32 50 45
split_gain=41.7891 21.2015 19.8784 18.5582 17.6062 17.0523 10.7689 7.48323 7.3775 6.34041 4.32108 4.04479 2.65577 1.00133
threshold=7.5049998760223398 0.013526365160942079 0.40064574778079992 0.0097725321538746374 -0.0020656118867918845 0.23327237367630008 0.26000000536441809 0.05367869324982167 -0.10625654458999632 0.0070164480712264785 0.16565374284982684 0.98861733078956615 0.70500001311302196 0.46680118143558508
decision_type=8 2 2 2 2 2 8 2 2 2 2 2 10 2
left_child=1 3 8 10 -4 11 -7 -8 -3 -5 -1 12 -2 -13
right_child=5 2 4 9 -6 6 7 -9 -10 -11 -12 13 -14 -15
leaf_value=-0.001325556535586437 0.0021394002967945122 -0.0038822331415386889 0.00096771863949389686 -0.0037251269671011427 -0.0021565000806416531 0.0046519212937838261 -0.0032728886525512785 8.0959495269700843e-05 2.7219755019362858e-05 -0.0012818714841135647 0.0023957716066209337 0.0053971226800693089 0.004068180454612093 0.0045267760650807469
leaf_weight=126 581 335 2613 700 746 142 157 352 120 368 239 170 210 193
leaf_count=126 581 335 2613 700 746 142 157 352 120 368 239 170 210 193
internal_value=-9.47641e-05 -0.00122453 -0.00024712 -0.00381172 0.000418029 0.00318025 -4.76372e-05 -0.00176313 -0.00512228 -0.00546948 0.00103041 0.00499892 0.00393373 0.00721807
internal_weight=7052 5247 3814 1433 3359 1805 651 509 455 1068 365 1154 791 363
internal_count=7052 5247 3814 1433 3359 1805 651 509 455 1068 365 1154 791 363
is_linear=0
shrinkage=0.025


Tree=31
num_leaves=14
num_cat=0
split_feature=49 35 53 49 44 36 53 17 31 36 4 41 3
split_gain=140.534 53.6 20.7376 13.5816 9.58455 8.60787 7.65693 7.49197 4.24403 6.35284 4.70128 3.99484 3.37907
threshold=44.45000076293946 0.23045801371335986 0.82586529850959789 32.11000061035157 0.024044038727879528 0.53569704294204723 0.95476597547531139 0.33617864549160009 0.38355791568756109 0.2170585319399834 -0.012308440171182154 0.58458283543586742 -0.16195882856845853
decision_type=10 2 8 10 2 2 8 2 2 2 2 2 2
left_child=1 3 4 6 -3 -4 -1 -5 12 10 -10 -11 -2
right_child=8 2 5 7 -6 -7 -8 -9 9 11 -12 -13 -14
leaf_value=0.0078967637837387712 -0.0032233260611374661 0.0043127839839390367 -0.00028565453127177428 -0.0024248184164132273 -0.00031909398228964909 -0.0027564736382293367 0.0031698289108466888 0.0015100362984209331 -0.0043015449370221578 -0.0054896294092011836 -0.0017289134732295275 -0.0020991876169707924 -0.0048674282160201627
leaf_weight=384 204 345 1049 145 187 720 1772 490 180 358 722 199 248
leaf_count=384 204 345 1049 145 187 720 1772 490 180 358 722 199 248
internal_value=-7.58062e-05 0.00209314 -0.000729076 0.00441926 0.00357309 -0.00203284 0.00536499 0.00118164 -0.00584877 -0.0051443 -0.00379686 -0.00726201 -0.0080279
internal_weight=7003 5092 2301 2791 532 1769 2156 635 1911 1459 902 557 452
internal_count=7003 5092 2301 2791 532 1769 2156 635 1911 1459 902 557 452
is_linear=0
shrinkage=0.025


Tree=32
num_leaves=15
num_cat=0
split_feature=49 35 53 49 36 44 43 53 43 39 24 11 48 5
split_gain=133.031 42.5442 21.6522 15.9178 8.93543 7.95268 7.25677 6.66824 4.56992 5.31788 3.95205 1.38807 4.06939 1.23721
threshold=45.494998931884773 0.23045801371335986 0.82586529850959789 32.11000061035157 0.66386356949806224 0.024884397163987163 -0.16796833276748654 0.95476597547531139 -0.082032445818185792 0.72898730635643016 22.252130508422855 0.017162387259304527 0.52457812428474437 0.64397624135017406
decision_type=10 2 8 10 2 2 2 8 2 2 2 2 2 2
left_child=1 3 5 7 -4 -3 -5 -1 11 13 -11 12 -2 -10
right_child=8 2 4 6 -6 -7 -8 -9 9 10 -12 -13 -14 -15
leaf_value=0.0072151086895431774 -0.0043515825797708707 0.0042291735206667997 -0.00051932416446320709 -0.0019781330097151245 -0.0031173521721657581 -0.00030385132861060206 0.0010118763956880577 0.0030153031591077283 -0.0033937760134756206 -0.001804293727434786 -0.0027547398574019272 -0.0046882926840227518 -0.0020441193959815883 -0.0061005342181894339
leaf_weight=385 184 360 1329 160 444 164 557 1758 141 349 564 303 136 138
leaf_count=385 184 360 1329 160 444 164 557 1758 141 349 564 303 136 138
internal_value=-0.000138849 0.00190939 -0.000621742 0.00394197 -0.0019439 0.00381616 0.000701177 0.0050192 -0.00595124 -0.00498642 -0.00401008 -0.00773288 -0.00628846 -0.00803257
internal_weight=6972 5157 2297 2860 1773 524 717 2143 1815 1192 913 623 320 279
internal_count=6972 5157 2297 2860 1773 524 717 2143 1815 1192 913 623 320 279
is_linear=0
shrinkage=0.025


Tree=33
num_leaves=15
num_cat=0
split_feature=49 35 49 37 43 49 54 36 43 44 39 11 46 19
split_gain=138.687 43.3701 14.3005 12.2817 8.35071 8.31539 10.9155 4.36547 5.90597 3.02937 2.4606 1.45134 1.3111 1.41843
threshold=45.494998931884773 0.30503411591053015 32.11000061035157 0.017834716476500038 -0.16796833276748654 13.34500026702881 0.82875001430511486 0.27787640690803533 -0.076718095690011964 0.030739795416593555 0.75816082954406749 0.017162387259304527 0.65737342834472667 0.046441469341516502
decision_type=10 2 10 2 2 10 10 2 2 2 2 2 2 2
left_child=1 2 3 -1 -4 9 -7 8 11 -3 -10 -2 13 -9
right_child=7 5 4 -5 -6 6 -8 12 10 -11 -12 -13 -14 -15
leaf_value=0.0041778900245550603 -0.0031623781544257018 -0.0019173324239817623 -0.0019286796844722469 0.0018239026270296353 0.00098092920161453536 0.0034018161179349467 -0.00097309577804516637 -0.0047305083041458626 -0.0032606884648743112 -0.0055185453832045104 -0.0019633101668383723 -0.0043741120517078579 -0.0052717288139447344 -0.0032231432304605464
leaf_weight=1556 248 462 182 1352 580 244 692 124 233 126 665 271 145 123
leaf_count=1556 248 462 182 1352 580 244 692 124 233 126 665 271 145 123
internal_value=-4.45919e-06 0.00207131 0.00354252 0.00434046 0.000480769 -0.00146746 0 -0.00595714 -0.00526108 -0.00378373 -0.00397979 -0.00740697 -0.00835957 -0.00687004
internal_weight=7003 5194 3670 2908 762 1524 936 1809 1417 588 898 519 392 247
internal_count=7003 5194 3670 2908 762 1524 936 1809 1417 588 898 519 392 247
is_linear=0
shrinkage=0.025


Tree=34
num_leaves=14
num_cat=0
split_feature=49 34 37 20 49 30 20 10 41 44 44 53 11
split_gain=125.352 25.4637 28.9829 12.2724 9.94875 9.81597 8.38107 7.32239 4.35806 5.14425 3.76355 4.50503 1.75022
threshold=45.494998931884773 0.11639954522252084 0.016282329335808757 0.5875278413295747 22.599999427795414 -0.019999146461486813 0.77177995443344127 0.010602461639791729 0.60241273045539867 0.019216851331293586 0.017951750196516517 0.83180105686187755 0.012758577708154918
decision_type=10 2 2 2 10 2 2 2 2 2 2 10 2
left_child=1 2 4 5 -1 -3 -4 -5 10 12 -2 -12 -10
right_child=8 3 6 7 -6 -7 -8 -9 9 -11 11 -13 -14
leaf_value=0.0059121290085588085 -0.0021447102998407778 0.0019899634040215631 0.0013379066430682597 0.0011412026611605397 0.00045068419902561318 -0.00048261598404036464 -0.0038976897999612767 -0.0032350036762268234 -0.0034721731810623021 -0.00020740798386277416 -0.0029845829402161722 -0.0051789915031015526 -0.0025456994001989341
leaf_weight=822 141 529 2150 146 194 800 133 434 126 166 258 591 525
leaf_count=822 141 529 2150 146 194 800 133 434 126 166 258 591 525
internal_value=-0.000146902 0.00182117 0.00314959 -0.000473485 0.00665402 0.000848013 0.00157616 -0.00349359 -0.00581195 -0.00438717 -0.00695352 -0.00758929 -0.005383
internal_weight=7015 5208 3299 1909 1016 1329 2283 580 1807 817 990 849 651
internal_count=7015 5208 3299 1909 1016 1329 2283 580 1807 817 990 849 651
is_linear=0
shrinkage=0.025


Tree=35
num_leaves=13
num_cat=0
split_feature=52 36 53 35 53 13 50 35 29 52 43 23
split_gain=34.5641 18.0376 34.7674 36.0622 21.9318 13.3285 10.3534 12.769 10.3781 8.4529 5.27999 1.63802
threshold=12.450000286102297 0.22093905508518222 0.81161421537399303 0.060490291565656669 3.6639409065246586 -0.17282659560441968 -1.0349999666213987 0.23327237367630008 0.05367869324982167 0.49499998986721044 -0.12868210673332212 0.20340930670499804
decision_type=8 2 10 2 10 2 10 2 2 10 2 2
left_child=1 4 9 -4 5 -1 7 10 -9 -3 -2 -8
right_child=6 2 3 -5 -6 -7 11 8 -10 -11 -12 -13
leaf_value=-0.003432009474070036 0.0047646181093210192 0.0017575084367639786 0.0020017380025298724 -0.0018885613643902116 0.0036589037612220279 -0.0011559166640232419 0.0050324012458962813 -0.0036027797614577501 0.00084791965680970573 0.0076769283586892723 0.0020793161736715727 0.0026944905420156341
leaf_weight=819 234 447 783 2214 193 797 222 129 268 290 512 138
leaf_count=819 234 447 783 2214 193 797 222 129 268 290 512 138
internal_value=-0.000201213 -0.00111414 -0.000118681 -0.00131787 -0.00315945 -0.00411397 0.00315401 0.00196537 -0.00163246 0.0047254 0.00388648 0.00683219
internal_weight=7046 5543 3734 2997 1809 1616 1503 1143 397 737 746 360
internal_count=7046 5543 3734 2997 1809 1616 1503 1143 397 737 746 360
is_linear=0
shrinkage=0.025


Tree=36
num_leaves=15
num_cat=0
split_feature=49 36 34 49 9 30 19 43 36 41 38 44 41 40
split_gain=123.304 43.1402 13.3897 16.9454 12.4806 10.8719 7.39265 6.15567 7.92005 5.51373 3.92809 3.79152 3.27714 2.65456
threshold=44.45000076293946 0.47394736111164099 0.11392472684383394 25.149999618530277 0.027111850678920749 0.016953351907432083 0.32683576643466955 -0.079171050339937196 0.18612703680992129 0.55429899692535411 -0.05636330880224704 0.02001944370567799 0.61150595545768749 1.0944007039070132
decision_type=10 2 2 8 2 2 2 2 2 2 2 2 2 2
left_child=1 2 3 -1 11 -4 -6 12 10 -10 -9 -3 -2 -14
right_child=7 4 5 -5 6 -7 -8 8 9 -11 -12 -13 13 -15
leaf_value=0.0045315423543531358 -0.0049050104091919455 0.0022979002164661981 0.0028221647370540409 0.0016277140919809447 -0.001119165572715826 -0.00075678647419973879 -0.0050638555702560602 -0.0023088517762049638 -0.0054675259319481142 -0.0012150967483123202 -0.00040471449717137436 -5.4382759343567234e-05 -0.0033589510078425411 -0.0026213788506300969
leaf_weight=1244 264 230 425 1177 1207 527 154 512 285 152 276 153 217 173
leaf_count=1244 264 230 425 1177 1207 527 154 512 285 152 276 153 217 173
internal_value=-0.000120518 0.00189013 0.00353945 0.00452648 -0.00129717 0.00101228 -0.00242039 -0.00558984 -0.00449695 -0.0071974 -0.00295555 0.00265786 -0.00757777 -0.00593354
internal_weight=6996 5117 3373 2421 1744 952 1361 1879 1225 437 788 383 654 390
internal_count=6996 5117 3373 2421 1744 952 1361 1879 1225 437 788 383 654 390
is_linear=0
shrinkage=0.025


Tree=37
num_leaves=13
num_cat=0
split_feature=52 31 38 40 37 38 50 35 29 43 19 4
split_gain=30.006 16.7609 19.542 18.0702 13.9522 11.4371 10.2568 11.6218 9.09626 4.50585 2.0608 1.77867
threshold=12.450000286102297 0.40064574778079992 -0.027526747435331341 1.1535743474960329 0.013526365160942079 -0.053443817421793931 -1.0349999666213987 0.23327237367630008 0.055008035153150565 -0.12868210673332212 -0.024357290007174012 0.22924091666936877
decision_type=8 2 2 2 2 2 10 2 2 2 2 2
left_child=1 5 4 -4 -3 10 7 9 -9 -2 -1 -8
right_child=6 2 3 -5 -6 -7 11 8 -10 -11 -12 -13
leaf_value=-0.0030651407269484659 0.0044264914699525927 -0.0016663667475959776 -0.0022308590290496424 0.0012391803137772495 0.0011456653735571899 0.0026077718619966495 0.0051432588957306628 -0.0030836638643032019 0.00083253275938247268 0.0018936764848480247 -0.0045092459121017755 0.003470033022124808
leaf_weight=314 226 354 1840 381 2342 140 205 137 254 498 163 156
leaf_count=314 226 354 1840 381 2342 140 205 137 254 498 163 156
internal_value=-0.00015948 -0.00100537 -0.000514273 -0.00224899 0.000914013 -0.00487339 0.00300051 0.00179129 -0.0016572 0.00366084 -0.00670384 0.00664276
internal_weight=7010 5534 4917 2221 2696 617 1476 1115 391 724 477 361
internal_count=7010 5534 4917 2221 2696 617 1476 1115 391 724 477 361
is_linear=0
shrinkage=0.025


Tree=38
num_leaves=13
num_cat=0
split_feature=49 36 49 34 20 35 45 9 9 45 36 40
split_gain=113.693 34.572 11.8852 15.6232 10.3114 9.27441 7.91426 5.16422 4.84531 6.06477 7.23774 3.645
threshold=44.45000076293946 0.49564366042613989 20.880000114440922 0.12395642697811128 0.61141040921211254 0.24461869150400165 0.20983126014471057 0.034393457695841796 0.033413413912057884 0.40040352940559393 0.20506573468446734 1.1138144135475161
decision_type=10 2 8 2 2 2 2 2 2 2 2 2
left_child=1 2 3 -1 6 -4 -3 -6 9 11 -11 -2
right_child=8 4 5 -5 7 -7 -8 -9 -10 10 -12 -13
leaf_value=0.0044764745275607792 -0.0036758379782321098 -0.0019035223430205834 0.0018522652399983769 0.00072043973503250688 -0.0013785061917304569 -0.00057985866743270919 0.00086785710479008393 -0.0055209266800560911 -0.008182573908897376 -0.0013384795865171628 -0.0032045060578796032 -0.003053745140682912
leaf_weight=1208 484 295 1433 528 315 448 650 174 138 725 345 180
leaf_count=1208 484 295 1433 528 315 448 650 174 138 725 345 180
internal_value=-0.000109158 0.00184063 0.00314226 0.00463455 -0.00143763 0.00175305 8.55263e-05 -0.00436488 -0.00536428 -0.00497053 -0.00376163 -0.00686659
internal_weight=6923 5051 3617 1736 1434 1881 945 489 1872 1734 1070 664
internal_count=6923 5051 3617 1736 1434 1881 945 489 1872 1734 1070 664
is_linear=0
shrinkage=0.025


Tree=39
num_leaves=13
num_cat=0
split_feature=49 35 53 49 43 44 9 3 54 41 43 29
split_gain=104.555 36.5566 15.2272 13.7536 8.26672 8.17533 7.00487 6.49068 4.92403 5.05502 5.81629 2.18666
threshold=44.45000076293946 0.23045801371335986 0.82586529850959789 32.11000061035157 -0.16796833276748654 0.024044038727879528 0.028437422588467601 0.58209952712059032 2.3574999570846562 0.55429899692535411 -0.082032445818185792 0.06798537448048593
decision_type=10 2 8 10 2 2 2 2 10 2 2 2
left_child=1 3 5 6 -5 -3 -1 -4 9 11 -11 -2
right_child=8 2 7 4 -6 -7 -8 -9 -10 10 -12 -13
leaf_value=0.0051791234327298033 -0.0032304348539567151 0.0036282175366120564 -0.00056871703729083974 -0.0023684020506578815 0.001292200939018029 -0.00047971904736153655 0.002572088285450547 -0.0035621832722458821 -0.00026250106238824984 -0.0035824020173084409 -0.0015999704070286719 -0.0057994437978905935
leaf_weight=707 568 353 1513 150 482 188 1440 252 128 452 597 173
leaf_count=707 568 353 1513 150 482 188 1440 252 128 452 597 173
internal_value=-0.00016499 0.00171046 -0.000613912 0.0036391 0.000382653 0.00303342 0.00459166 -0.00174082 -0.00513196 -0.00547006 -0.0042991 -0.00707942
internal_weight=7003 5085 2306 2779 632 541 2147 1765 1918 1790 1049 741
internal_count=7003 5085 2306 2779 632 541 2147 1765 1918 1790 1049 741
is_linear=0
shrinkage=0.025


Tree=40
num_leaves=13
num_cat=0
split_feature=49 34 37 49 30 4 49 53 44 45 49 29
split_gain=97.3698 19.6338 29.5324 12.2942 10.8978 8.4861 8.20829 6.5614 5.32701 6.14194 6.08626 3.24023
threshold=43.470001220703132 0.10193343460559846 0.016458312980830673 22.599999427795414 0.016953351907432083 0.8999316692352296 15.050000190734865 0.69493454694747936 0.028645348735153679 0.40040352940559393 46.930000305175788 0.050483677536249168
decision_type=10 2 2 10 2 2 8 8 2 2 10 2
left_child=1 2 3 -1 6 -4 -3 -6 9 11 -11 -2
right_child=8 4 5 -5 7 -7 -8 -9 -10 10 -12 -13
leaf_value=0.0054305936599019665 -0.0031193860511306241 -0.0020964184485668053 0.0011220304904269104 0.00037166266496780622 0.00206373603095308 -0.0041232364847467373 0.0022383882582077508 -0.0017956991285704969 -0.0076062681253498401 0.00043127376030548462 -0.0021245356127357526 -0.0039224983166479561
leaf_weight=834 484 156 2013 209 189 122 560 962 167 178 906 199
leaf_count=834 484 156 2013 209 189 122 560 962 167 178 906 199
internal_value=-0.00013334 0.00169431 0.00288839 0.00632753 -0.000337206 0.00119451 0.00207178 -0.00184364 -0.00489621 -0.00446177 -0.00325413 -0.00633176
internal_weight=6979 5045 3178 1043 1867 2135 716 1151 1934 1767 1084 683
internal_count=6979 5045 3178 1043 1867 2135 716 1151 1934 1767 1084 683
is_linear=0
shrinkage=0.025


Tree=41
num_leaves=13
num_cat=0
split_feature=38 36 31 40 44 17 30 11 43 29 4 54
split_gain=17.012 20.6724 14.2487 10.0125 8.50393 12.9372 7.81966 7.69316 6.48001 4.15688 4.02953 2.31373
threshold=-0.027526747435331341 -0.034826697781682008 2.0281928777694707 1.1535743474960329 0.029707972891628746 0.34250175952911383 -0.31396140158176417 0.019474999047815803 0.41441029310226446 0.047895934432744987 -0.031799551099538796 2.2064999341964726
decision_type=2 2 2 2 2 2 2 2 2 2 2 8
left_child=1 10 6 11 5 -3 9 -8 -6 -2 -1 -4
right_child=2 4 3 -5 8 -7 7 -9 -10 -11 -12 -13
leaf_value=-0.0035072270613061966 -0.00057716977923406442 -0.00019786223041246833 -0.0045532389500554521 0.00076827058036228399 5.4408348935607037e-05 0.0017077742604492295 -0.0002788091166299245 -0.0033960805222631994 -0.0066842678948553893 0.0023494758852247279 -0.0010737032586485941 -0.0021468987863405942
leaf_weight=195 125 1175 521 127 372 2352 1237 309 140 152 138 125
leaf_count=195 125 1175 521 127 372 2352 1237 309 140 152 138 125
internal_value=-0.000135343 0.000815342 -0.00173731 -0.00457102 0.00131213 0.00175007 -0.000523113 -0.00122099 -0.00168037 0.0033023 -0.00512204 -0.00582757
internal_weight=6968 4372 2596 773 4039 3527 1823 1546 512 277 333 646
internal_count=6968 4372 2596 773 4039 3527 1823 1546 512 277 333 646
is_linear=0
shrinkage=0.025


Tree=42
num_leaves=14
num_cat=0
split_feature=52 37 31 37 31 56 35 34 41 16 36 44 8
split_gain=27.423 14.2848 14.2898 14.1837 13.0359 10.3592 8.20773 7.96441 6.85492 5.01324 3.3966 2.70744 1.38472
threshold=12.450000286102297 0.013442362658679487 0.39401526749134069 0.01044744858518243 2.0030349493026738 1.0000000180025095e-35 0.24461869150400165 0.16911186277866366 0.44652420282363897 0.02083647903054953 0.12316399812698366 0.019803986884653572 0.0292242830619216
decision_type=8 2 2 2 2 2 2 2 2 2 2 2 2
left_child=1 3 10 7 -4 6 9 -1 -5 -2 -3 -8 -7
right_child=5 2 4 8 -6 12 11 -9 -10 -11 -12 -13 -14
leaf_value=-0.0020140627558105878 0.00074094663442164784 -0.0030568883914750982 0.00089476760174220314 -0.0050978504509914362 -0.0011019692931350873 0.004517056520560731 -0.0025379362026029745 0.0021471191971486488 -0.0020299079818205034 0.0033675140115039474 -0.0011209330724543235 0.00033483032744739753 0.0036464789274588574
leaf_weight=242 425 322 2613 240 1024 219 138 293 644 441 121 148 141
leaf_count=242 425 322 2613 240 1024 219 138 293 644 441 121 148 141
internal_value=-2.93971e-05 -0.000850518 -9.63892e-05 -0.0030065 0.000420442 0.00294578 0.00176642 0.000196759 -0.00494235 0.0029779 -0.00431083 -0.00186856 0.00662671
internal_weight=7011 5499 4080 1419 3637 1512 1152 535 884 866 443 286 360
internal_count=7011 5499 4080 1419 3637 1512 1152 535 884 866 443 286 360
is_linear=0
shrinkage=0.025


Tree=43
num_leaves=13
num_cat=0
split_feature=49 9 34 20 40 53 4 9 34 39 43 53
split_gain=90.7864 18.7244 14.8472 12.6445 9.26608 8.7514 5.71156 5.48252 5.64908 4.95125 4.70438 3.34047
threshold=45.494998931884773 0.026773151941597465 0.11639954522252084 0.66050139069557201 1.2630060315132143 1.3263205885887148 0.1440934091806412 0.033413413912057884 -0.018215033225715157 0.85208332538604747 -0.085197363048791871 1.0671114921569826
decision_type=10 2 2 2 2 8 2 2 2 2 2 10
left_child=1 2 9 4 -3 -5 -4 8 11 -1 -10 -2
right_child=7 3 6 5 -6 -7 -8 -9 10 -11 -12 -13
leaf_value=0.002565070011365707 -0.00084409375926172605 0.00070606299133071449 -0.001288525845030214 -0.00294965650540298 0.0031857952742587008 0.0024505652340210239 0.001311500964775983 -0.0076389025169526425 -0.0039076080671431677 0.0051895710040953322 -0.0022692543388202892 -0.0023551855568823832
leaf_weight=387 391 2984 138 510 143 135 461 131 396 411 712 201
leaf_count=387 391 2984 138 510 143 135 461 131 396 411 712 201
internal_value=-7.40542e-05 0.00161988 0.00408791 0.00069996 0.00135896 -0.00247115 0.00108651 -0.0048509 -0.00443915 0.00631227 -0.00549753 -0.00241834
internal_weight=7000 5169 1397 3772 3127 645 599 1831 1700 798 1108 592
internal_count=7000 5169 1397 3772 3127 645 599 1831 1700 798 1108 592
is_linear=0
shrinkage=0.025


Tree=44
num_leaves=15
num_cat=0
split_feature=49 35 53 49 53 43 36 43 34 12 48 12 31 36
split_gain=88.7317 33.5378 17.7845 12.1911 10.0794 8.90106 7.56575 7.15912 4.94672 6.14149 4.29393 2.78879 3.02005 2.3231
threshold=45.494998931884773 0.23045801371335986 0.82586529850959789 32.11000061035157 0.95476597547531139 -0.047904618084430688 0.40452209115028387 0.45265580713748937 -0.018215033225715157 -0.18713011592626569 0.35326485335826879 -0.078806869685649858 2.1589119434356694 0.31340532004833227
decision_type=10 2 8 10 8 2 2 2 2 2 2 2 2 2
left_child=1 3 6 4 -1 -5 -3 -4 9 -2 -11 13 -13 -10
right_child=8 2 7 5 -6 -7 -8 -9 11 10 -12 12 -14 -15
leaf_value=0.0066292974679943552 -0.0027989793401050028 0.0064604865451426824 -0.00068286566118869879 -0.0013463927918843635 0.002528728180651205 0.0012599571252003021 0.001278713440656583 -0.0075796347083126108 -0.0029423441422805974 -0.0019505699507461596 0.00055236875958928938 -0.0022027240576939122 -0.0052678130981118239 -0.0044540921101873599
leaf_weight=392 247 146 1669 281 1773 454 387 131 410 140 231 517 155 128
leaf_count=392 247 146 1669 281 1773 454 387 131 410 140 231 517 155 128
internal_value=-0.000103489 0.00155236 -0.000676326 0.00334552 0.00428859 0.000548986 0.00331087 -0.00186634 -0.00483838 -0.00295947 -0.000880984 -0.00577675 -0.00460672 -0.00717081
internal_weight=7061 5233 2333 2900 2165 735 533 1800 1828 618 371 1210 672 538
internal_count=7061 5233 2333 2900 2165 735 533 1800 1828 618 371 1210 672 538
is_linear=0
shrinkage=0.025


Tree=45
num_leaves=14
num_cat=0
split_feature=49 35 53 11 49 31 19 34 49 43 41 44 24
split_gain=84.9824 31.534 16.1927 11.6274 9.44584 7.3485 6.61076 4.25341 4.15482 5.38474 3.91757 3.71196 1.99255
threshold=44.45000076293946 0.23045801371335986 0.82586529850959789 0.018778303638100628 32.11000061035157 0.84753939509391796 0.30406618118286138 0.090067081153392806 46.930000305175788 -0.023088146001100537 0.51951718330383312 0.022128796204924587 30.075810432434086
decision_type=10 2 8 2 10 2 2 2 10 2 2 2 2
left_child=1 3 5 7 -5 -3 -4 -1 9 -2 12 -12 -10
right_child=8 2 6 4 -6 -7 -8 -9 10 -11 11 -13 -14
leaf_value=0.0049604965817588616 -0.0030973409824488077 0.005591100067450735 -0.00055008607876188761 0.0024450327723613157 -0.00057668761611932991 0.0012579105779922878 -0.0032868833453882141 0.0020155431115477782 -0.0035574051888247835 0.00044150865022607596 -0.0020524107256915205 -0.00555302587443371 -0.0027290048566023777
leaf_weight=618 121 136 1540 1502 465 408 231 237 335 161 935 134 215
leaf_count=618 121 136 1540 1502 465 408 231 237 335 161 935 134 215
internal_value=-8.43036e-05 0.0015862 -0.000573815 0.00335824 0.00228512 0.00317623 -0.00173494 0.00579215 -0.00459405 -0.00172038 -0.0050839 -0.00414921 -0.00683559
internal_weight=7038 5137 2315 2822 1967 544 1771 855 1901 282 1619 1069 550
internal_count=7038 5137 2315 2822 1967 544 1771 855 1901 282 1619 1069 550
is_linear=0
shrinkage=0.025


Tree=46
num_leaves=15
num_cat=0
split_feature=49 35 11 34 35 40 20 43 40 5 46 11 40 30
split_gain=77.3888 30.9584 11.0307 13.4694 7.44094 5.93795 6.03901 4.6153 4.35575 2.94291 2.79678 2.5107 6.25988 3.50781
threshold=45.494998931884773 0.32504893839359289 0.01863283105194569 0.11639954522252084 0.17853438109159472 0.73076871037483226 0.97180110216140758 -0.079171050339937196 1.0135826468467715 0.72757366299629223 0.65737342834472667 0.017228269018232826 1.0135826468467715 -0.21704200655221936
decision_type=10 2 2 2 2 2 2 2 2 2 2 2 2 2
left_child=1 2 3 -1 -4 -3 -7 11 9 -9 -10 12 -2 -13
right_child=7 5 4 -5 -6 6 -8 8 10 -11 -12 13 -14 -15
leaf_value=0.004395056646609696 -0.0031748447439047043 -0.0044665606765303496 0.0016479559052391887 0.00076564858796435435 -0.00034930991245939809 -0.00031576467659079588 -0.0047120660735273032 -0.0019209722111263275 0.00044947188734364708 -0.0029706448859031006 -0.0029773464422648034 -0.0031845285782935717 -2.4686623426339527e-06 -0.0036207080263272514
leaf_weight=836 197 123 1737 548 666 1106 132 415 204 404 151 121 120 194
leaf_count=836 197 123 1737 548 666 1106 132 415 204 404 151 121 120 194
internal_value=-7.81362e-05 0.00148336 0.00264537 0.00442315 0.00161181 -0.00174323 -0.00120173 -0.00452443 -0.00355704 -0.00455856 -0.00119792 -0.00626962 -0.00452252 -0.00791016
internal_weight=6954 5148 3787 1384 2403 1361 1238 1806 1174 819 355 632 317 315
internal_count=6954 5148 3787 1384 2403 1361 1238 1806 1174 819 355 632 317 315
is_linear=0
shrinkage=0.025


Tree=47
num_leaves=14
num_cat=0
split_feature=49 36 49 34 20 11 17 36 31 40 26 21 32
split_gain=73.0761 28.7777 12.846 14.1731 8.10974 6.35524 6.04219 4.84264 5.13835 4.07178 3.96328 2.54727 1.04438
threshold=45.494998931884773 0.49564366042613989 20.880000114440922 0.13160039484500888 0.61141040921211254 0.020276543684303764 0.32991693913936621 0.28099350631237036 0.23594602942466739 0.82667559385299694 0.034386459738016135 53.891197204589851 0.94199940562248241
decision_type=10 2 8 2 2 2 2 2 2 2 2 2 2
left_child=1 2 3 -1 5 -3 -4 8 12 -10 -6 -9 -2
right_child=7 4 6 -5 10 -7 -8 11 9 -11 -12 -13 -14
leaf_value=0.0037320021576141083 -0.0030155120489466485 0.00099361632637933752 -0.00013437347291031244 0.00049523857819512302 -0.0010464962593678716 -0.0013526983880573977 0.0015158985857331977 -0.0038612229170728674 3.6854032868967134e-05 -0.0023282453819560927 -0.0046218062485810498 -0.0029384576210795253 -0.0031539006010123842
leaf_weight=1234 121 547 814 481 246 420 1165 157 232 959 235 219 133
leaf_count=1234 121 547 814 481 246 420 1165 157 232 959 235 219 133
internal_value=-8.70049e-05 0.00143652 0.00260712 0.00418968 -0.00154422 -0.000212191 0.00122543 -0.00438458 -0.00369397 -0.00297345 -0.00417953 -0.00693898 -0.00692568
internal_weight=6963 5142 3694 1715 1448 967 1979 1821 1445 1191 481 376 254
internal_count=6963 5142 3694 1715 1448 967 1979 1821 1445 1191 481 376 254
is_linear=0
shrinkage=0.025


Tree=48
num_leaves=15
num_cat=0
split_feature=34 51 16 16 51 35 5 51 34 44 29 38 21 26
split_gain=12.5194 10.7813 9.87684 11.2154 8.86746 8.20596 6.76302 6.34146 5.91961 5.6892 3.87078 3.69316 3.47437 1.60754
threshold=1.0000000180025095e-35 -5.8049998283386222 0.020073801279067997 0.02061730902642012 -0.25499999523162836 0.24461869150400165 0.37323486804962164 -0.33500000834465021 -0.01906352303922176 0.028194710612297062 0.047526627779006965 -0.18727423995733258 44.546594619750984 0.023797282017767433
decision_type=2 10 2 2 8 2 2 10 2 2 2 2 2 2
left_child=4 5 7 -4 6 10 13 -3 11 -8 -2 -6 -10 -1
right_child=1 2 3 -5 8 -7 9 -9 12 -11 -12 -13 -14 -15
leaf_value=-0.0022598242575152558 1.6973370650756603e-05 -0.0032378995560800581 0.006003133105888756 -0.00055016265662576264 0.003531480332522307 -0.0016755197272861344 0.0010616929211004697 -0.0007970642423557301 0.0056729930233166788 -0.0024281176472907319 0.0028854131184456819 0.0006924402216904066 0.0022627397591722651 -0.00078928749715945386
leaf_weight=185 185 383 141 2574 200 237 509 575 136 130 443 1036 133 123
leaf_count=185 185 383 141 2574 200 237 509 575 136 130 443 1036 133 123
internal_value=-0.000106326 -0.000884603 -0.00147669 -0.000700827 0.00133038 0.00161638 -0.000558036 -0.00365395 0.0025207 0.000902562 0.00311019 0.00176773 0.00586223 -0.00357428
internal_weight=6990 4538 3673 2715 2452 865 947 958 1505 639 628 1236 269 308
internal_count=6990 4538 3673 2715 2452 865 947 958 1505 639 628 1236 269 308
is_linear=0
shrinkage=0.025


Tree=49
num_leaves=15
num_cat=0
split_feature=49 36 49 34 9 35 40 34 12 14 13 4 40 4
split_gain=71.2537 27.7809 13.0757 16.1643 9.2459 7.63527 5.25477 4.35515 4.21068 4.81621 3.23064 3.58381 3.02591 1.99989
threshold=45.494998931884773 0.49564366042613989 20.880000114440922 0.12395642697811128 0.028574357740581039 0.24461869150400165 0.76616400480270397 -0.002298756735399365 -0.1856204494833946 0.76228907704353344 -0.078441828489303575 0.50356194376945507 0.92697420716285717 0.26233865320682531
decision_type=10 2 8 2 2 2 2 2 2 2 2 2 2 2
left_child=1 2 3 -1 12 -4 -6 8 -2 -10 13 -12 -3 -9
right_child=7 4 5 -5 6 -7 -8 10 9 -11 11 -13 -14 -15
leaf_value=0.0039076515393303068 -0.0025942148301900227 -0.00035172258548951901 0.0011844283254385272 0.00038747082858111431 -0.0059542138276397621 -0.0009588785377808378 -0.0013403383336313343 -0.0028624539757940784 0.00035597022418608229 -0.0029006784304876263 -0.0016038099014194134 -0.003024698894992019 0.002175839041511609 -0.0038315347300333057
leaf_weight=1185 258 216 1558 535 136 443 898 534 262 146 325 137 243 124
leaf_count=1185 258 216 1558 535 136 443 898 534 262 146 325 137 243 124
internal_value=-0.000173983 0.00130173 0.00245739 0.00405435 -0.00157293 0.0010749 -0.00288138 -0.00447725 -0.00282228 -0.00119552 -0.00543889 -0.00373394 0.00136045 -0.00658937
internal_weight=7000 5214 3721 1720 1493 2001 1034 1786 666 408 1120 462 459 658
internal_count=7000 5214 3721 1720 1493 2001 1034 1786 666 408 1120 462 459 658
is_linear=0
shrinkage=0.025


Tree=50
num_leaves=12
num_cat=0
split_feature=49 36 43 37 34 35 53 11 11 34 45
split_gain=68.9982 25.1782 13.4788 11.8898 12.5066 10.5792 9.66736 4.35514 6.27181 5.4999 5.07908
threshold=43.470001220703132 0.45612023770809179 0.49388681352138525 0.016343961469829086 0.14498142153024676 0.13019550591707232 0.81161421537399303 0.011601091828197243 0.017228269018232826 -0.0010943553643301127 0.54310345649719249
decision_type=10 2 2 2 2 2 10 2 2 2 2
left_child=1 3 6 4 -1 -5 -3 -2 9 -9 -10
right_child=7 2 -4 5 -6 -7 -8 8 10 -11 -12
leaf_value=0.0040817289709242288 -0.0034495037088726013 0.002288011207050611 -0.0093859788148437252 0.0022638264366947893 0.00040452037300355432 -0.00036998217123076636 -0.0007356539465351742 0.00018887446780497296 -0.0035677159732886254 -0.0020740718826120401 -0.0018699079292841413
leaf_weight=964 121 394 121 1089 348 758 1406 288 455 694 352
leaf_count=964 121 394 121 1089 348 758 1406 288 455 694 352
internal_value=-0.000142066 0.00138029 -0.000872923 0.00275166 0.00457005 0.00144776 -0.000315097 -0.00418734 -0.00384964 -0.00247594 -0.00548799
internal_weight=6990 5080 1921 3159 1312 1847 1800 1910 1789 982 807
internal_count=6990 5080 1921 3159 1312 1847 1800 1910 1789 982 807
is_linear=0
shrinkage=0.025


Tree=51
num_leaves=14
num_cat=0
split_feature=49 35 11 35 34 20 43 44 40 40 19 40 40
split_gain=63.108 25.8771 15.2608 8.52286 8.41742 7.37733 5.8164 5.73637 4.76822 4.65555 2.89809 2.03546 3.41895
threshold=44.45000076293946 0.32504893839359289 0.01863283105194569 0.12070483714342119 0.11639954522252084 0.58270210027694713 -0.079171050339937196 0.028194710612297062 1.0200968980789187 1.1404655575752261 0.30406618118286138 1.10464483499527 0.90622419118881237
decision_type=10 2 2 2 2 2 2 2 2 2 2 2 2
left_child=1 2 4 -4 -1 9 11 8 -8 -3 -7 12 -2
right_child=6 5 3 -5 -6 10 7 -9 -10 -11 -12 -13 -14
leaf_value=0.0040558770323386841 -0.0018089099742461944 -0.00054746838215756629 0.0016727093743917204 -0.0002809320461058758 0.0010949523038604615 -0.0014688206250101947 -0.0016181411073566731 -0.0071608200646369165 6.9312238042100981e-05 0.001694558068466321 -0.0037041404289406203 -0.0028525648346125697 -0.0036371679001226034
leaf_weight=830 154 588 1411 1014 460 412 778 125 324 178 180 218 300
leaf_count=830 154 588 1411 1014 460 412 778 125 324 178 180 218 300
internal_value=-9.94339e-05 0.00135511 0.00243448 0.00125772 0.00462838 -0.00159116 -0.00398175 -0.00292715 -0.00232046 2.43191e-05 -0.00367462 -0.00586226 -0.00684913
internal_weight=6972 5073 3715 2425 1290 1358 1899 1227 1102 766 592 672 454
internal_count=6972 5073 3715 2425 1290 1358 1899 1227 1102 766 592 672 454
is_linear=0
shrinkage=0.025


Tree=52
num_leaves=12
num_cat=0
split_feature=49 35 9 49 19 35 29 11 11 34 30
split_gain=60.8298 25.3438 11.1122 9.92106 5.47625 5.45764 4.25959 3.97778 4.8423 4.83119 4.35618
threshold=45.494998931884773 0.33397397398948675 0.027679218910634521 25.149999618530277 0.31337246298789984 0.23327237367630008 0.070247717201709761 0.011738987639546396 0.017162387259304527 1.0000000180025095e-35 -0.43579532206058497
decision_type=10 2 2 8 2 2 2 2 2 2 2
left_child=1 2 3 -1 6 -4 -3 -2 9 -9 -10
right_child=7 4 5 -5 -6 -7 -8 8 10 -11 -12
leaf_value=0.0043356896985404956 -0.0033407207841414503 -0.0016334317645183402 0.0012683646923930772 0.0012298370236502932 -0.0032212768476404725 -0.00039528930538049043 0.00037171362945881002 0.00026820169595119828 -0.001054850048160071 -0.0020433328493186863 -0.0033298287317211142
leaf_weight=717 125 586 2028 630 195 565 496 266 177 610 604
leaf_count=717 125 586 2028 630 195 565 496 266 177 610 604
internal_value=-2.94475e-05 0.0013321 0.00232414 0.00416513 -0.00172094 0.00135922 -0.00100621 -0.00401161 -0.003659 -0.00234818 -0.00509701
internal_weight=6999 5217 3940 1347 1277 2593 1082 1782 1657 876 781
internal_count=6999 5217 3940 1347 1277 2593 1082 1782 1657 876 781
is_linear=0
shrinkage=0.025


end of trees

feature_importances:
tpp_day1_weighted_average=98
universe58_loo_log_return_126=68
universe58_loo_log_return_60=60
source_residual_momentum_126=35
tpp_day1_rate_change_volatility_20=35
universe58_loo_log_return_20=32
universe58_loo_realized_volatility_20=28
source_beta_universe58_252=28
source_realized_volatility_60=21
source_momentum_12_1=18
source_idiosyncratic_volatility_60=18
source_close_ma200_ratio=16
source_max_daily_log_return_20=16
source_log_return_126=15
source_distance_from_252_session_low=15
source_downside_volatility_60=14
universe58_loo_drawdown_252=14
source_return_skewness_60=13
tpp_day1_rate_vs_ma20=11
source_log_return_60=10
source_correlation_universe58_60=10
tpp_day1_rate_change_1_observed=10
tpp_day1_rate_change_20_observed=10
source_close_ma50_ratio=9
source_beta_universe58_60=8
source_log_return_252=6
cross_section_return_dispersion=6
cross_section_momentum_126_percentile=6
source_drawdown_from_60_session_peak=5
source_drawdown_from_252_session_peak=5
cross_section_volatility_60_percentile=5
tpp_day1_rate_change_5_observed=5
source_adx_14=4
cross_section_momentum_252_percentile=4
cross_section_beta_60_percentile=4
source_log_return_20=3
source_volatility_ratio_20_60=3
source_downside_volatility_20=2
source_rsi_14=2
source_bollinger_bandwidth_20=2
source_parkinson_volatility_20=2
source_realized_volatility_20=1
cross_section_momentum_20_percentile=1
universe58_loo_log_return_1=1
tpp_available=1

parameters:
[boosting: gbdt]
[objective: quantile]
[metric: quantile]
[tree_learner: serial]
[device_type: cpu]
[data_sample_strategy: bagging]
[data: ]
[valid: ]
[num_iterations: 53]
[learning_rate: 0.025]
[num_leaves: 15]
[num_threads: 12]
[seed: 62110]
[deterministic: 1]
[force_col_wise: 1]
[force_row_wise: 0]
[histogram_pool_size: -1]
[max_depth: 4]
[min_data_in_leaf: 120]
[min_sum_hessian_in_leaf: 0.001]
[bagging_fraction: 0.85]
[pos_bagging_fraction: 1]
[neg_bagging_fraction: 1]
[bagging_freq: 1]
[bagging_seed: 62110]
[bagging_by_query: 0]
[feature_fraction: 0.75]
[feature_fraction_bynode: 1]
[feature_fraction_seed: 62110]
[extra_trees: 0]
[extra_seed: 8765]
[early_stopping_round: 0]
[early_stopping_min_delta: 0]
[first_metric_only: 0]
[max_delta_step: 0]
[lambda_l1: 0.25]
[lambda_l2: 5]
[linear_lambda: 0]
[min_gain_to_split: 0]
[drop_rate: 0.1]
[max_drop: 50]
[skip_drop: 0.5]
[xgboost_dart_mode: 0]
[uniform_drop: 0]
[drop_seed: 7679]
[top_rate: 0.2]
[other_rate: 0.1]
[min_data_per_group: 100]
[max_cat_threshold: 32]
[cat_l2: 10]
[cat_smooth: 10]
[max_cat_to_onehot: 4]
[top_k: 20]
[monotone_constraints: ]
[monotone_constraints_method: basic]
[monotone_penalty: 0]
[feature_contri: ]
[forcedsplits_filename: ]
[refit_decay_rate: 0.9]
[cegb_tradeoff: 1]
[cegb_penalty_split: 0]
[cegb_penalty_feature_lazy: ]
[cegb_penalty_feature_coupled: ]
[path_smooth: 0]
[interaction_constraints: ]
[verbosity: -1]
[saved_feature_importance_type: 0]
[use_quantized_grad: 0]
[num_grad_quant_bins: 4]
[quant_train_renew_leaf: 0]
[stochastic_rounding: 1]
[linear_tree: 0]
[max_bin: 255]
[max_bin_by_feature: ]
[min_data_in_bin: 3]
[bin_construct_sample_cnt: 200000]
[data_random_seed: 62110]
[is_enable_sparse: 1]
[enable_bundle: 1]
[use_missing: 1]
[zero_as_missing: 0]
[feature_pre_filter: 1]
[pre_partition: 0]
[two_round: 0]
[header: 0]
[label_column: ]
[weight_column: ]
[group_column: ]
[ignore_column: ]
[categorical_feature: ]
[forcedbins_filename: ]
[precise_float_parser: 0]
[parser_config_file: ]
[objective_seed: 32672]
[num_class: 1]
[is_unbalance: 0]
[scale_pos_weight: 1]
[sigmoid: 1]
[boost_from_average: 1]
[reg_sqrt: 0]
[alpha: 0.5]
[fair_c: 1]
[poisson_max_delta_step: 0.7]
[tweedie_variance_power: 1.5]
[lambdarank_truncation_level: 30]
[lambdarank_norm: 1]
[label_gain: ]
[lambdarank_position_bias_regularization: 0]
[eval_at: ]
[multi_error_top_k: 1]
[auc_mu_weights: ]
[num_machines: 1]
[local_listen_port: 12400]
[time_out: 120]
[machine_list_filename: ]
[machines: ]
[gpu_platform_id: -1]
[gpu_device_id: -1]
[gpu_use_dp: 0]
[num_gpu: 1]

end of parameters

pandas_categorical:[]
