tree
version=v4
num_class=1
num_tree_per_iteration=1
label_index=0
max_feature_idx=58
objective=quantile
feature_names=source_log_return_1 source_log_return_5 source_log_return_20 source_log_return_60 source_log_return_126 source_log_return_252 source_intraday_log_range source_close_to_open_log_return source_realized_volatility_20 source_realized_volatility_60 source_downside_volatility_20 source_downside_volatility_60 source_drawdown_from_60_session_peak source_drawdown_from_252_session_peak cross_section_momentum_20_percentile cross_section_positive_return_breadth cross_section_return_dispersion source_momentum_12_1 source_ma5_ma20_ratio source_close_ma50_ratio source_close_ma200_ratio source_rsi_14 source_bollinger_pct_b_20 source_bollinger_bandwidth_20 source_adx_14 source_directional_index_spread_14 source_parkinson_volatility_20 source_overnight_gap_1 source_positive_day_ratio_20 source_max_daily_log_return_20 source_return_skewness_60 source_distance_from_252_session_low source_volatility_ratio_20_60 universe58_loo_log_return_1 universe58_loo_log_return_20 universe58_loo_log_return_60 universe58_loo_log_return_126 universe58_loo_realized_volatility_20 universe58_loo_drawdown_252 source_beta_universe58_60 source_beta_universe58_252 source_correlation_universe58_60 source_residual_momentum_20 source_residual_momentum_126 source_idiosyncratic_volatility_60 cross_section_momentum_126_percentile cross_section_momentum_252_percentile cross_section_volatility_60_percentile cross_section_beta_60_percentile tpp_day1_weighted_average tpp_day1_rate_change_1_observed tpp_day1_rate_change_5_observed tpp_day1_rate_change_20_observed tpp_day1_rate_change_volatility_20 tpp_day1_rate_vs_ma20 tpp_observation_age_calendar_days tpp_available tpp_observed_same_day tpp_source_zero_weighted_average
feature_infos=[-0.10536076873540878:0.095312163233757019] [-0.52438312768936157:0.44636186957359314] [-1.1351611614227295:1.077221155166626] [-1.0610049962997437:1.5560240745544434] [-1.0489567518234253:2.3170430660247803] [-0.89605218172073364:2.9264204502105713] [0:0.19999955594539642] [-0.13838362693786621:0.19697383046150208] [0.0093038622289896011:0.083459392189979553] [0.012351134791970253:0.063424810767173767] [0.00095409812638536096:0.078742377460002899] [0.0056960904039442539:0.048307757824659348] [-0.71968960762023926:0] [-0.71968960762023926:0] [0.017241379246115685:1] [0.017241379246115685:1] [0.012593359686434269:0.041878215968608856] [-0.84071391820907593:2.8910765647888184] [-0.47595494985580444:0.57290768623352051] [-0.62940984964370728:1.5476077795028687] [-0.4873068630695343:3.874976634979248] [0:100] [-0.27581372857093811:1.4438486099243164] [0.027125930413603783:1.7820020914077759] [6.9016203880310059:84.119827270507812] [-54.177944183349609:77.140235900878906] [0.0081431083381175995:0.06641879677772522] [-0.10510788112878799:0.095250405371189117] [0.10000000149011612:0.89999997615814209] [0.005115102045238018:0.095630437135696411] [-2.965186595916748:1.7833932638168335] [0:18.523586273193359] [0.34329062700271606:1.6300936937332153] [-0.092919811606407166:0.057573974132537842] [-0.14326675236225128:0.26549568772315979] [-0.2251364141702652:0.55794161558151245] [-0.11970169842243195:0.86915600299835205] [0.0072068045847117901:0.037458643317222595] [-0.26247727870941162:0] [-0.5984683632850647:2.2586460113525391] [0.2513563334941864:1.4838535785675049] [-0.15451675653457642:0.94294917583465576] [-1.1516678333282471:0.84016847610473633] [-1.3436253070831299:1.9539748430252075] [0.0079219061881303787:0.059544753283262253] [0.017241379246115685:1] [0.017241379246115685:1] [0.017241379246115685:1] [0.017241379246115685:1] [10.880000114440918:53.220001220703125] [-1.8400000333786011:6.619999885559082] [-14.850000381469727:17.459999084472656] [-23.670000076293945:19.930000305175781] [0.2905217707157135:4.723813533782959] [-10.732000350952148:16.643999099731445] [0:0] [0:1] [0:1] [0:0]
tree_sizes=1268 1341 1340 1245 1246 1248 1241 1259 1244 1342 1340 1157 1156

Tree=0
num_leaves=13
num_cat=0
split_feature=49 36 53 35 20 8 38 35 4 49 35 38
split_gain=32.8664 37.0035 57.2102 11.3421 6.31674 3.02779 2.66744 1.68787 1.09247 0.210536 0.358947 0.00442891
threshold=30.645000457763675 0.40247693657875067 0.95476597547531139 0.18170379847288134 0.20489172637462619 0.021402419544756416 -0.19301922619342801 0.22061534970998767 0.3891644030809403 44.45000076293946 -0.0058754291385412208 -0.16415221244096753
decision_type=10 2 8 2 2 2 2 2 2 10 2 2
left_child=1 2 4 -4 -1 8 -2 -7 -3 10 -8 -11
right_child=6 5 3 -5 -6 7 9 -9 -10 11 -12 -13
leaf_value=0.7586968078556936 0.75066644940251748 0.75169563647727244 0.75342945153406049 0.74710364970030763 0.75710959641653197 0.74964696056785518 0.74678875686974133 0.74498199403348198 0.74911671941121083 0.73686651211425092 0.74477187487661067 0.73784813395917725
leaf_weight=197 124 121 1177 711 240 383 318 1325 121 182 465 1641
leaf_count=197 124 121 1177 711 240 383 318 1325 121 182 465 1641
internal_value=0.749817 0.751186 0.753314 0.75141 0.761414 0.74865 0.747678 0.748277 0.751232 0.747506 0.747918 0.747338
internal_weight=7005 4275 2325 1888 437 1950 2730 1708 242 2606 783 1823
internal_count=7005 4275 2325 1888 437 1950 2730 1708 242 2606 783 1823
is_linear=0
shrinkage=1


Tree=1
num_leaves=13
num_cat=0
split_feature=49 36 37 50 35 35 52 14 49 35 39 35
split_gain=28.3781 34.0694 23.7424 14.8327 8.30077 2.67709 1.65226 1.32917 0.496877 0.768612 0.311736 0.0286073
threshold=30.645000457763675 0.39849442243576055 0.016458312980830673 2.1750000715255742 0.12888251990079883 0.29126144945621496 7.5049998760223398 0.5646551549434663 44.45000076293946 -0.0036001396365463729 0.91232633590698253 -0.16749489307403562
decision_type=10 2 2 8 2 2 10 2 10 2 2 2
left_child=1 2 3 -1 -4 7 8 -3 9 -2 -7 -10
right_child=6 5 4 -5 -6 10 -8 -9 11 -11 -12 -13
leaf_value=0.0071292459825274884 -0.0019698999818916966 -0.0012412795425991254 0.0035230946654056794 0.0021438048454434978 -0.0022098561263732275 -0.0045797789719392778 0.00084227416016574021 0.0020000884206702713 -0.011646450490899794 -0.0048676886794536498 -0.0063433158565729649 -0.011434313240527719
leaf_weight=807 305 470 539 313 641 560 120 393 147 417 609 1732
leaf_count=807 305 470 539 313 641 560 120 393 147 417 609 1732
internal_value=-5.33089e-05 0.00120216 0.00328362 0.00588333 0.000796413 -0.00115304 -0.00205292 -8.78462e-05 -0.00218582 -0.00158012 -0.00193037 -0.00241043
internal_weight=7053 4332 2300 1120 1180 2032 2721 863 2601 722 1169 1879
internal_count=7053 4332 2300 1120 1180 2032 2721 863 2601 722 1169 1879
is_linear=0
shrinkage=0.025


Tree=2
num_leaves=13
num_cat=0
split_feature=49 36 50 31 40 10 38 47 36 49 38 38
split_gain=29.5948 33.8831 22.372 23.737 6.76831 2.14557 2.03466 1.21543 1.10542 0.214836 0.310623 0.00758182
threshold=30.645000457763675 0.40048937499523168 2.1750000715255742 0.80797347426414501 0.95106586813926708 0.010602461639791729 -0.19301922619342801 0.43892149627208715 0.44825185835361486 44.45000076293946 -0.11322615668177603 -0.16415221244096753
decision_type=10 2 8 2 2 2 2 2 2 10 2 2
left_child=1 2 3 -1 -4 7 -2 -3 -7 10 -8 -11
right_child=6 5 4 -5 -6 8 9 -9 -10 11 -12 -13
leaf_value=0.0080016948689132349 0.00080965444845561567 -0.0017493067945862702 0.003913087562131201 0.0043927619314259756 -0.0011212602925827983 -0.00026334727808870336 -0.0029801421112459234 0.0026234322118572342 -0.0041354535280343626 -0.010825074944969719 -0.0046199875623930053 -0.011162439429684361
leaf_weight=356 128 204 559 736 654 331 188 147 1303 171 616 1629
leaf_count=356 128 204 559 736 654 331 188 147 1303 171 616 1629
internal_value=-4.96306e-05 0.00124418 0.00330357 0.00589221 0.000953407 -0.00114636 -0.00208212 0.000607443 -0.00152761 -0.00223409 -0.00182787 -0.00240651
internal_weight=7022 4290 2305 1092 1213 1985 2732 351 1634 2604 804 1800
internal_count=7022 4290 2305 1092 1213 1985 2732 351 1634 2604 804 1800
is_linear=0
shrinkage=0.025


Tree=3
num_leaves=12
num_cat=0
split_feature=49 36 53 20 35 35 19 38 10 49 35
split_gain=26.4038 28.8221 48.8262 9.72872 9.03399 2.59859 2.7752 2.24803 0.994589 0.488497 0.460861
threshold=30.645000457763675 0.40048937499523168 0.95476597547531139 0.16148751974105838 0.17972943931818011 0.23625078797340396 0.15277571231126788 -0.18824149668216703 0.010602461639791729 44.45000076293946 -0.0036001396365463729
decision_type=10 2 8 2 2 2 2 2 2 10 2
left_child=1 2 3 -1 -4 6 -3 -2 -7 10 -9
right_child=7 5 4 -5 -6 8 -8 9 -10 -11 -12
leaf_value=0.0083123434938634951 0.000793404358512026 -0.00093445771509723151 0.0032501527934870413 0.006633215405012511 -0.0025166510629097754 -0.00059257700399817132 0.0039748783903442979 -0.0024459605630060832 -0.004780856084124741 -0.011012892462441219 -0.0047539190293825195
leaf_weight=180 153 470 1134 259 727 190 131 356 1202 1781 454
leaf_count=180 153 470 1134 259 727 190 131 356 1202 1781 454
internal_value=-0.000115202 0.00110778 0.00301247 0.0104645 0.00122789 -0.00108921 0.000274339 -0.00202937 -0.00168128 -0.00220387 -0.00164877
internal_weight=7037 4293 2300 439 1861 1993 601 2744 1392 2591 810
internal_count=7037 4293 2300 439 1861 1993 601 2744 1392 2591 810
is_linear=0
shrinkage=0.025


Tree=4
num_leaves=12
num_cat=0
split_feature=52 51 20 53 38 38 16 40 38 48 13
split_gain=11.6391 10.1853 6.6092 5.93902 21.3537 20.5022 7.00303 4.41757 4.35025 2.95175 0.579055
threshold=12.450000286102297 -0.50999999046325672 0.54960811138153087 0.66960182785987865 -0.054110331460833543 -0.0062521593645215026 0.015138418879359962 0.95980247855186474 -0.12976661324501035 0.14343360066413882 -0.11157978326082228
decision_type=8 10 2 10 2 2 2 2 2 2 2
left_child=3 2 9 4 10 -6 -5 -3 -8 -2 -1
right_child=1 7 -4 6 5 -7 8 -9 -10 -11 -12
leaf_value=-0.010939000901149982 0.0057382975313621893 0.0066409438976836634 0.0081789729254105065 0.0063140322197922155 0.0082858941900380897 -0.0011881807997980161 0.00062563483039512291 0.0040614964052576958 -0.0045174443427471933 -0.00039734635419359364 -0.00030134983422506204
leaf_weight=369 154 146 138 134 188 154 858 125 3667 924 141
leaf_count=369 154 146 138 134 188 154 858 125 3667 924 141
internal_value=-8.05018e-05 0.00187751 0.000883497 -0.000611177 0.00129959 0.0060915 -0.000962962 0.0062183 -0.00113273 0.000206601 -0.00192961
internal_weight=6998 1487 1216 5511 852 342 4659 271 4525 1078 510
internal_count=6998 1487 1216 5511 852 342 4659 271 4525 1078 510
is_linear=0
shrinkage=0.025


Tree=5
num_leaves=12
num_cat=0
split_feature=49 36 53 31 40 53 32 38 36 49 53
split_gain=26.8108 26.5547 42.3308 11.4123 9.18263 2.60105 1.74564 1.42611 0.675094 0.450856 0.53231
threshold=30.645000457763675 0.40247693657875067 0.95476597547531139 0.74819898605346691 0.95618167519569408 0.81161421537399303 0.77914038300514232 -0.18824149668216703 0.44694490730762487 43.470001220703132 0.80367776751518261
decision_type=10 2 8 2 2 10 2 2 2 10 10
left_child=1 2 3 -1 -4 6 -3 -2 -7 10 -9
right_child=7 5 4 -5 -6 8 -8 9 -10 -11 -12
leaf_value=0.0088331714617146638 0.00053705351631331275 0.0022179590070500305 0.0039179970813541633 0.005849442021063047 -0.00070891683036577741 -0.00030562805724009988 -0.00075770901589218738 -0.0015387067283793819 -0.0063102061281071972 -0.010391458420742622 -0.0040124629961627665
leaf_weight=186 150 170 930 260 951 193 525 127 1085 1806 626
leaf_count=186 150 170 930 260 951 193 525 127 1085 1806 626
internal_value=-9.49892e-05 0.00113095 0.00293793 0.00981984 0.00128115 -0.000999116 0.000223214 -0.00204173 -0.00166699 -0.00218068 -0.00161774
internal_weight=7009 4300 2327 446 1881 1973 695 2709 1278 2559 753
internal_count=7009 4300 2327 446 1881 1973 695 2709 1278 2559 753
is_linear=0
shrinkage=0.025


Tree=6
num_leaves=12
num_cat=0
split_feature=49 36 53 31 35 8 35 49 36 32 35
split_gain=24.1836 25.402 41.9049 14.0301 7.88775 2.90046 1.79456 1.19244 2.08508 0.254748 0.00966549
threshold=30.645000457763675 0.40247693657875067 0.95476597547531139 0.67970070242881786 0.17972943931818011 0.020233022049069408 0.22061534970998767 44.45000076293946 0.20506573468446734 0.91583159565925609 0.088685993105173125
decision_type=10 2 8 2 2 2 2 10 2 2 2
left_child=1 2 3 -1 -4 -3 -7 8 -2 -10 -9
right_child=7 5 4 -5 -6 6 -8 10 9 -11 -12
leaf_value=0.0082964956401894423 0.00079061301609714056 0.001622950937513349 0.003491862080547626 0.0057191297322291591 -0.0024190525209368237 0.00013742050371879367 -0.0041737750165904671 -0.011021097435612994 -0.0028063091168413191 -0.0039245961258248269 -0.009691495685075921
leaf_weight=156 158 211 1157 281 733 418 1376 904 302 392 1003
leaf_count=156 158 211 1157 281 733 418 1376 904 302 392 1003
internal_value=-0.000140397 0.00102346 0.00279856 0.00973133 0.00117084 -0.00103545 -0.00136395 -0.00196861 -0.0011654 -0.00175787 -0.00232022
internal_weight=7091 4332 2327 437 1890 2005 1794 2759 852 694 1907
internal_count=7091 4332 2327 437 1890 2005 1794 2759 852 694 1907
is_linear=0
shrinkage=0.025


Tree=7
num_leaves=12
num_cat=0
split_feature=52 45 51 53 38 34 35 38 39 37 13
split_gain=9.59885 8.05312 6.49219 5.32829 19.1575 16.7857 9.16273 21.2352 1.90347 0.938429 0.747643
threshold=12.450000286102297 0.90517240762710582 -0.50999999046325672 0.66960182785987865 -0.054110331460833543 0.090067081153392806 0.060490291565656669 -0.058845762163400643 0.83549827337265026 0.0086904256604611891 -0.11157978326082228
decision_type=8 2 10 10 2 2 2 2 2 2 2
left_child=3 2 8 4 10 -6 7 -5 -2 -8 -1
right_child=1 -3 -4 6 5 -7 9 -9 -10 -11 -12
leaf_value=-0.010321053414667374 0.0048817710041957479 0.0067751877182940894 0.0045529623300676197 -0.00066614794609563366 0.0073826468598852668 -0.0001258992138154052 -8.1775413519168962e-05 0.0071407363804719022 -0.00072092159073824859 -0.0055781767307683206 -0.00070815514248415167
leaf_weight=371 282 159 237 1461 172 167 186 157 812 2846 152
leaf_count=371 282 159 237 1461 172 167 186 157 812 2846 152
internal_value=-0.000174647 0.00160117 0.000947791 -0.000656834 0.00114043 0.00573038 -0.000992213 0.000522951 0.000121701 -0.00180235 -0.00184896
internal_weight=7002 1490 1331 5512 862 339 4650 1618 1094 3032 523
internal_count=7002 1490 1331 5512 862 339 4650 1618 1094 3032 523
is_linear=0
shrinkage=0.025


Tree=8
num_leaves=12
num_cat=0
split_feature=49 36 53 31 35 8 35 49 36 5 38
split_gain=22.1973 21.9718 38.8109 9.93148 6.96147 2.42951 1.64042 1.51494 2.01814 0.338935 0.0435544
threshold=30.645000457763675 0.40247693657875067 0.95476597547531139 0.67970070242881786 0.18170379847288134 0.020233022049069408 0.22061534970998767 44.45000076293946 0.21190430223941806 0.81824347376823436 -0.18727423995733258
decision_type=10 2 8 2 2 2 2 10 2 2 2
left_child=1 2 3 -1 -4 -3 -7 8 -2 -10 -9
right_child=7 5 4 -5 -6 6 -8 10 9 -11 -12
leaf_value=0.0083334634448460621 0.00061700770824217003 0.0012688772444389635 0.0030203968226451688 0.0058348015076128638 -0.0026054746046493601 -4.1340507362565434e-07 -0.0039237022015869132 -0.007390855954928304 -0.002525450409908786 -0.0042093801279861594 -0.01005041501022764
leaf_weight=157 164 202 1139 292 717 416 1303 121 392 281 1757
leaf_count=157 164 202 1139 292 717 416 1303 121 392 281 1757
internal_value=-0.000197416 0.000934471 0.00257846 0.00913271 0.000969236 -0.00103648 -0.00134353 -0.00196002 -0.00105255 -0.00166114 -0.00235728
internal_weight=6941 4226 2305 449 1856 1921 1719 2715 837 673 1878
internal_count=6941 4226 2305 449 1856 1921 1719 2715 837 673 1878
is_linear=0
shrinkage=0.025


Tree=9
num_leaves=13
num_cat=0
split_feature=49 36 53 31 40 10 38 32 36 49 49 38
split_gain=22.3236 21.7377 36.6463 11.3195 8.21921 2.18104 1.89618 1.64518 0.732047 0.585882 0.527008 0.0117479
threshold=30.645000457763675 0.4070263952016831 0.95476597547531139 0.67970070242881786 0.95106586813926708 0.010602461639791729 -0.19301922619342801 0.77914038300514232 0.45812630653381353 45.494998931884773 36.885000228881843 -0.10674745216965674
decision_type=10 2 8 2 2 2 2 2 2 10 10 2
left_child=1 2 3 -1 -4 7 -2 -3 -7 10 -8 -11
right_child=6 5 4 -5 -6 8 9 -9 -10 11 -12 -13
leaf_value=0.0080370713431578162 0.00080629472063426129 0.0024154691671148844 0.0039024857548114371 0.0052410571924365844 -0.00090553527408058381 -0.00050190257892414401 -0.0047407465956014585 -0.0014002664727055696 -0.0042839210352000594 -0.010307124779557038 -0.0022295734622070754 -0.0096414364165960179
leaf_weight=159 124 130 954 285 981 370 362 194 1166 724 526 1037
leaf_count=159 124 130 954 285 981 370 362 194 1166 724 526 1037
internal_value=-0.000174398 0.000965186 0.00254666 0.00898385 0.00104704 -0.00105563 -0.0019173 0.000786474 -0.00144955 -0.00205963 -0.00149916 -0.00233366
internal_weight=7012 4239 2379 444 1935 1860 2773 324 1536 2649 888 1761
internal_count=7012 4239 2379 444 1935 1860 2773 324 1536 2649 888 1761
is_linear=0
shrinkage=0.025


Tree=10
num_leaves=13
num_cat=0
split_feature=49 35 37 49 40 35 49 38 49 35 4 35
split_gain=22.6921 22.4701 11.1221 9.56378 5.95631 3.98469 4.55166 1.71414 0.510492 0.468651 0.340623 0.0756679
threshold=30.645000457763675 0.21995824575424197 0.016458312980830673 16.17499923706055 0.94939127564430248 0.32504893839359289 15.500000000000002 -0.19301922619342801 45.494998931884773 0.088685993105173125 0.38590383529663091 -0.036219393834471696
decision_type=10 2 2 10 2 2 10 2 10 2 2 2
left_child=1 2 3 -1 -4 6 -3 -2 9 -9 -7 -10
right_child=7 5 4 -5 -6 10 -8 8 11 -11 -12 -13
leaf_value=0.0036236573673488607 0.00079384160632180862 -0.001295456996330626 0.0032629820120492481 0.0059267172563273272 -0.0010191230410084508 -0.0032719993494511137 0.003063282061823859 -0.0026720548639423275 -0.010270305539606039 -0.0047982102480661048 -0.0063854865518088184 -0.0094919355139453602
leaf_weight=411 122 731 539 530 529 320 340 512 537 360 850 1194
leaf_count=411 122 731 539 530 529 320 340 512 537 360 850 1194
internal_value=-0.000154907 0.000985605 0.0029028 0.00487976 0.00114049 -0.00073297 0.000363615 -0.00193452 -0.00207103 -0.00153791 -0.00173936 -0.00233079
internal_weight=6975 4250 2009 941 1068 2241 1071 2725 2603 872 1170 1731
internal_count=6975 4250 2009 941 1068 2241 1071 2725 2603 872 1170 1731
is_linear=0
shrinkage=0.025


Tree=11
num_leaves=11
num_cat=0
split_feature=52 43 53 38 34 16 51 38 48 12
split_gain=7.08269 8.17456 4.87213 14.3555 12.3331 4.97856 3.86923 3.69473 2.14085 0.558963
threshold=12.450000286102297 0.24871382117271426 0.69493454694747936 -0.054110331460833543 0.090067081153392806 0.015138418879359962 -0.50999999046325672 -0.14190707355737683 0.16269258409738543 -0.031476035714149468
decision_type=8 2 10 2 2 2 10 2 2 2
left_child=2 6 3 9 -5 -4 8 -7 -2 -1
right_child=1 -3 5 4 -6 7 -8 -9 -10 -11
leaf_value=-0.0060227420602133389 0.0044253696277073568 0.0061754458380884171 0.0045914998287882531 0.006604129618213256 0.00073303361461830266 0.00065104179524906743 0.0038430125733004399 -0.0037958635784544992 -0.001023654810520966 -0.0011424890529627921
leaf_weight=409 164 207 129 177 211 654 224 3810 895 120
leaf_count=409 164 207 129 177 211 654 224 3810 895 120
internal_value=-0.000291756 0.00123328 -0.00070603 0.000950379 0.00457697 -0.00103877 0.000474572 -0.00118119 -0.000156251 -0.00171582
internal_weight=7000 1490 5510 917 388 4593 1283 4464 1059 529
internal_count=7000 1490 5510 917 388 4593 1283 4464 1059 529
is_linear=0
shrinkage=0.025


Tree=12
num_leaves=11
num_cat=0
split_feature=49 35 53 41 53 15 52 49 35 31
split_gain=21.1021 21.5109 14.2709 5.89088 5.50919 5.19518 1.64873 1.1303 0.655847 0.783904
threshold=30.645000457763675 0.21866052597761157 0.5899903178215028 0.67884212732315075 0.82586529850959789 0.43965516984462744 7.5049998760223398 10.909999847412111 0.088685993105173125 0.48929144442081457
decision_type=10 2 8 2 8 2 10 10 2 2
left_child=1 2 -1 -4 5 -3 8 -6 9 -2
right_child=6 4 3 -5 7 -7 -8 -9 -10 -11
leaf_value=0.0065442094759744166 -0.010091540783817923 0.0046783194475005776 0.0055529834108257875 0.0015758251072397048 -0.0010508010753134331 -0.00083150986741108472 0.00062328606479910176 -0.004823558160086984 -0.0076038060876115008 -0.0032842433934039505
leaf_weight=144 532 199 689 1127 562 345 123 1224 1286 813
leaf_count=144 532 199 689 1127 562 345 123 1224 1286 813
internal_value=-0.000188503 0.000906577 0.00283397 0.00221238 -0.000714669 0.00147313 -0.00189516 -0.0013868 -0.00202817 -0.00161574
internal_weight=7044 4290 1960 1816 2330 544 2754 1786 2631 1345
internal_count=7044 4290 1960 1816 2330 544 2754 1786 2631 1345
is_linear=0
shrinkage=0.025


end of trees

feature_importances:
tpp_day1_weighted_average=23
universe58_loo_log_return_60=22
universe58_loo_drawdown_252=18
universe58_loo_log_return_126=13
tpp_day1_rate_change_volatility_20=13
source_distance_from_252_session_low=6
source_beta_universe58_252=5
tpp_day1_rate_change_20_observed=5
source_realized_volatility_20=3
source_downside_volatility_20=3
source_close_ma200_ratio=3
source_volatility_ratio_20_60=3
universe58_loo_realized_volatility_20=3
tpp_day1_rate_change_5_observed=3
source_log_return_126=2
source_drawdown_from_252_session_peak=2
cross_section_return_dispersion=2
universe58_loo_log_return_20=2
source_beta_universe58_60=2
cross_section_beta_60_percentile=2
tpp_day1_rate_change_1_observed=2
source_log_return_252=1
source_drawdown_from_60_session_peak=1
cross_section_momentum_20_percentile=1
cross_section_positive_return_breadth=1
source_close_ma50_ratio=1
source_correlation_universe58_60=1
source_residual_momentum_126=1
cross_section_momentum_126_percentile=1
cross_section_volatility_60_percentile=1

parameters:
[boosting: gbdt]
[objective: quantile]
[metric: quantile]
[tree_learner: serial]
[device_type: cpu]
[data_sample_strategy: bagging]
[data: ]
[valid: ]
[num_iterations: 13]
[learning_rate: 0.025]
[num_leaves: 15]
[num_threads: 12]
[seed: 62111]
[deterministic: 1]
[force_col_wise: 1]
[force_row_wise: 0]
[histogram_pool_size: -1]
[max_depth: 4]
[min_data_in_leaf: 120]
[min_sum_hessian_in_leaf: 0.001]
[bagging_fraction: 0.85]
[pos_bagging_fraction: 1]
[neg_bagging_fraction: 1]
[bagging_freq: 1]
[bagging_seed: 62111]
[bagging_by_query: 0]
[feature_fraction: 0.75]
[feature_fraction_bynode: 1]
[feature_fraction_seed: 62111]
[extra_trees: 0]
[extra_seed: 12692]
[early_stopping_round: 0]
[early_stopping_min_delta: 0]
[first_metric_only: 0]
[max_delta_step: 0]
[lambda_l1: 0.25]
[lambda_l2: 5]
[linear_lambda: 0]
[min_gain_to_split: 0]
[drop_rate: 0.1]
[max_drop: 50]
[skip_drop: 0.5]
[xgboost_dart_mode: 0]
[uniform_drop: 0]
[drop_seed: 25544]
[top_rate: 0.2]
[other_rate: 0.1]
[min_data_per_group: 100]
[max_cat_threshold: 32]
[cat_l2: 10]
[cat_smooth: 10]
[max_cat_to_onehot: 4]
[top_k: 20]
[monotone_constraints: ]
[monotone_constraints_method: basic]
[monotone_penalty: 0]
[feature_contri: ]
[forcedsplits_filename: ]
[refit_decay_rate: 0.9]
[cegb_tradeoff: 1]
[cegb_penalty_split: 0]
[cegb_penalty_feature_lazy: ]
[cegb_penalty_feature_coupled: ]
[path_smooth: 0]
[interaction_constraints: ]
[verbosity: -1]
[saved_feature_importance_type: 0]
[use_quantized_grad: 0]
[num_grad_quant_bins: 4]
[quant_train_renew_leaf: 0]
[stochastic_rounding: 1]
[linear_tree: 0]
[max_bin: 255]
[max_bin_by_feature: ]
[min_data_in_bin: 3]
[bin_construct_sample_cnt: 200000]
[data_random_seed: 62111]
[is_enable_sparse: 1]
[enable_bundle: 1]
[use_missing: 1]
[zero_as_missing: 0]
[feature_pre_filter: 1]
[pre_partition: 0]
[two_round: 0]
[header: 0]
[label_column: ]
[weight_column: ]
[group_column: ]
[ignore_column: ]
[categorical_feature: ]
[forcedbins_filename: ]
[precise_float_parser: 0]
[parser_config_file: ]
[objective_seed: 10218]
[num_class: 1]
[is_unbalance: 0]
[scale_pos_weight: 1]
[sigmoid: 1]
[boost_from_average: 1]
[reg_sqrt: 0]
[alpha: 0.9]
[fair_c: 1]
[poisson_max_delta_step: 0.7]
[tweedie_variance_power: 1.5]
[lambdarank_truncation_level: 30]
[lambdarank_norm: 1]
[label_gain: ]
[lambdarank_position_bias_regularization: 0]
[eval_at: ]
[multi_error_top_k: 1]
[auc_mu_weights: ]
[num_machines: 1]
[local_listen_port: 12400]
[time_out: 120]
[machine_list_filename: ]
[machines: ]
[gpu_platform_id: -1]
[gpu_device_id: -1]
[gpu_use_dp: 0]
[num_gpu: 1]

end of parameters

pandas_categorical:[]
