tree
version=v4
num_class=1
num_tree_per_iteration=1
label_index=0
max_feature_idx=58
objective=huber
feature_names=source_log_return_1 source_log_return_5 source_log_return_20 source_log_return_60 source_log_return_126 source_log_return_252 source_intraday_log_range source_close_to_open_log_return source_realized_volatility_20 source_realized_volatility_60 source_downside_volatility_20 source_downside_volatility_60 source_drawdown_from_60_session_peak source_drawdown_from_252_session_peak cross_section_momentum_20_percentile cross_section_positive_return_breadth cross_section_return_dispersion source_momentum_12_1 source_ma5_ma20_ratio source_close_ma50_ratio source_close_ma200_ratio source_rsi_14 source_bollinger_pct_b_20 source_bollinger_bandwidth_20 source_adx_14 source_directional_index_spread_14 source_parkinson_volatility_20 source_overnight_gap_1 source_positive_day_ratio_20 source_max_daily_log_return_20 source_return_skewness_60 source_distance_from_252_session_low source_volatility_ratio_20_60 universe58_loo_log_return_1 universe58_loo_log_return_20 universe58_loo_log_return_60 universe58_loo_log_return_126 universe58_loo_realized_volatility_20 universe58_loo_drawdown_252 source_beta_universe58_60 source_beta_universe58_252 source_correlation_universe58_60 source_residual_momentum_20 source_residual_momentum_126 source_idiosyncratic_volatility_60 cross_section_momentum_126_percentile cross_section_momentum_252_percentile cross_section_volatility_60_percentile cross_section_beta_60_percentile tpp_day1_weighted_average tpp_day1_rate_change_1_observed tpp_day1_rate_change_5_observed tpp_day1_rate_change_20_observed tpp_day1_rate_change_volatility_20 tpp_day1_rate_vs_ma20 tpp_observation_age_calendar_days tpp_available tpp_observed_same_day tpp_source_zero_weighted_average
feature_infos=[-0.10536076873540878:0.095312163233757019] [-0.52438312768936157:0.44636186957359314] [-1.1351611614227295:1.077221155166626] [-1.0610049962997437:1.5560240745544434] [-1.0489567518234253:2.3170430660247803] [-0.89605218172073364:2.9264204502105713] [0:0.19999955594539642] [-0.13838362693786621:0.19697383046150208] [0.0093038622289896011:0.083459392189979553] [0.012351134791970253:0.063424810767173767] [0.00095409812638536096:0.078742377460002899] [0.0056960904039442539:0.048307757824659348] [-0.71968960762023926:0] [-0.71968960762023926:0] [0.017241379246115685:1] [0.017241379246115685:1] [0.012593359686434269:0.041878215968608856] [-0.84071391820907593:2.8910765647888184] [-0.47595494985580444:0.57290768623352051] [-0.62940984964370728:1.5476077795028687] [-0.4873068630695343:3.874976634979248] [0:100] [-0.27581372857093811:1.4438486099243164] [0.027125930413603783:1.7820020914077759] [6.9016203880310059:84.119827270507812] [-54.177944183349609:77.140235900878906] [0.0081431083381175995:0.06641879677772522] [-0.10510788112878799:0.095250405371189117] [0.10000000149011612:0.89999997615814209] [0.005115102045238018:0.095630437135696411] [-2.965186595916748:1.7833932638168335] [0:18.523586273193359] [0.34329062700271606:1.6300936937332153] [-0.092919811606407166:0.057573974132537842] [-0.14326675236225128:0.26549568772315979] [-0.2251364141702652:0.55794161558151245] [-0.11970169842243195:0.86915600299835205] [0.0072068045847117901:0.037458643317222595] [-0.26247727870941162:0] [-0.5984683632850647:2.2586460113525391] [0.2513563334941864:1.4838535785675049] [-0.15451675653457642:0.94294917583465576] [-1.1516678333282471:0.84016847610473633] [-1.3436253070831299:1.9539748430252075] [0.0079219061881303787:0.059544753283262253] [0.017241379246115685:1] [0.017241379246115685:1] [0.017241379246115685:1] [0.017241379246115685:1] [10.880000114440918:53.220001220703125] [-1.8400000333786011:6.619999885559082] [-14.850000381469727:17.459999084472656] [-23.670000076293945:19.930000305175781] [0.2905217707157135:4.723813533782959] [-10.732000350952148:16.643999099731445] [0:0] [0:1] [0:1] [0:0]
tree_sizes=3032 3735 3475 3832 3473 3028 3577 3758 3660 3746 3464 3674 3573 3234 3676 3305 3042 3487 3137 3298 3034 3317

Tree=0
num_leaves=34
num_cat=0
split_feature=49 35 37 49 35 40 36 36 9 53 43 49 53 35 30 36 43 35 49 3 36 4 37 39 40 40 31 47 44 3 10 29 4
split_gain=219.071 104.477 22.2419 20.8831 15.5205 11.1221 8.44597 7.7331 5.66292 4.67203 4.48613 4.20265 3.89857 3.75794 3.37787 3.30422 3.09067 2.99827 3.68066 2.55975 2.38475 4.32512 2.28943 1.85648 1.42978 1.11473 0.97902 0.899479 0.813686 0.70647 0.607732 0.345622 0.148701
threshold=44.45000076293946 0.32504893839359289 0.017834716476500038 30.645000457763675 0.041050281375646598 0.74484241008758556 0.36398039758205419 0.67882245779037487 0.034931650385260589 0.84783446788787853 0.52203878760337841 46.930000305175788 0.47565197944641119 0.088685993105173125 0.22863546013832095 0.49564366042613989 -0.057602245360612862 0.17853438109159472 32.11000061035157 -0.041670169681310647 0.1165350414812565 0.006850666133686901 0.027774881571531299 0.91965046525001537 0.95274025201797496 1.1510468721389773 0.70513445138931286 0.27622890472412115 0.017951750196516517 -0.11197741702198981 0.013246246613562109 0.094877954572439208 -0.14884629100561139
decision_type=10 2 2 8 2 2 2 2 2 8 2 10 8 2 2 2 2 2 10 2 2 2 2 2 2 2 2 2 2 2 2 2 2
left_child=1 2 3 5 9 -1 -7 10 11 29 12 16 -3 19 -15 -14 -2 18 -6 -5 21 32 27 -19 -11 28 -23 -9 -22 -4 -18 -29 -13
right_child=8 7 4 13 17 6 -8 22 -10 24 -12 20 15 14 -16 -17 30 23 -20 -21 25 26 -24 -25 -26 -27 -28 31 -30 -31 -32 -33 -34
leaf_value=0.27690129443841793 0.27018200889890065 0.2787690129058441 0.27657076022472271 0.27396540399851466 0.27907721473218655 0.28451633097702361 0.28050179792567115 0.27232178499650261 0.26594313378339074 0.2828046893410765 0.26927769854564343 0.2688849329555788 0.27533484740705777 0.28016678979741938 0.27533381335884427 0.27282636873184679 0.27368749944430831 0.27719725919592925 0.27578311622200435 0.27805901271432976 0.27035444107781942 0.27352319415649901 0.27420345321422768 0.27518586322453842 0.28042381535590338 0.27218032043760787 0.27151239339533084 0.27059319424547418 0.26847205867559876 0.27897633198626037 0.27614798876528818 0.26853078490850707 0.27021325919727163
leaf_weight=118 104 81 83 97 390 779 305 91 119 244 64 244 491 413 66 368 108 316 206 154 187 177 81 429 232 60 269 160 480 128 61 97 201
leaf_count=118 104 81 83 97 390 779 305 91 119 244 64 244 491 413 66 368 108 316 206 154 187 177 81 429 232 60 269 160 480 128 61 97 201
internal_value=0.275841 0.277941 0.279615 0.28115 0.278146 0.28277 0.283403 0.273318 0.27021 0.280584 0.274288 0.270494 0.27465 0.278465 0.279499 0.274252 0.272851 0.276888 0.277942 0.276469 0.270104 0.270847 0.271076 0.276039 0.281682 0.269218 0.272287 0.270372 0.268971 0.278057 0.27457 0.269735 0.269441
internal_weight=7403 5393 3960 1932 2028 1202 1084 1433 2010 687 1004 1891 940 730 479 859 273 1341 596 251 1618 891 429 745 476 727 446 348 667 211 169 257 445
internal_count=7403 5393 3960 1932 2028 1202 1084 1433 2010 687 1004 1891 940 730 479 859 273 1341 596 251 1618 891 429 745 476 727 446 348 667 211 169 257 445
is_linear=0
shrinkage=1


Tree=1
num_leaves=40
num_cat=0
split_feature=49 35 37 49 35 31 49 40 54 9 53 49 34 39 3 9 8 40 45 36 4 36 44 48 41 53 29 41 31 24 17 23 17 13 44 31 17 42 41
split_gain=215.173 101.632 23.4297 22.6536 15.1904 10.041 7.75973 6.66903 5.90126 5.16032 4.10179 3.88655 3.59607 3.20745 3.08007 2.62476 2.60405 2.50663 2.42802 2.23896 3.71687 2.07958 1.93694 1.77531 1.60211 1.55676 1.45608 1.99116 1.43462 1.40993 1.07878 0.876931 0.769898 0.679017 0.568969 0.453962 0.369717 0.285147 0.184315
threshold=44.45000076293946 0.32504893839359289 0.017834716476500038 30.645000457763675 0.038696769624948509 0.86581531167030346 12.944999694824221 0.74484241008758556 0.40025000274181372 0.034931650385260589 0.84783446788787853 46.930000305175788 0.21095381677150729 1.0548212528228762 -0.041670169681310647 0.034294392913579948 0.037377178668975837 0.79961740970611583 0.43892149627208715 0.1165350414812565 0.012172325048595669 0.36398039758205419 0.028332162648439411 0.16269258409738543 0.61150595545768749 0.85918712615966808 0.070580158382654204 0.61339962482452404 0.81660908460617077 48.56159973144532 0.41136138141155248 0.21516583859920504 0.70893248915672313 -0.22287345677614209 0.017658122815191749 0.64014741778373729 0.15455374121665957 0.0045718424953520307 0.37863183021545416
decision_type=10 2 2 8 2 2 8 2 8 2 8 10 2 2 2 2 2 2 2 2 2 2 2 2 2 8 2 2 2 2 2 2 2 2 2 2 2 2 2
left_child=1 2 3 5 10 21 16 -7 22 11 33 18 15 17 28 -10 26 -6 -2 20 36 -1 37 -12 34 -15 27 -3 -5 -16 -22 -28 -20 -4 -21 -26 -13 -8 -11
right_child=9 6 4 14 13 7 8 -9 12 38 23 19 -14 25 29 -17 -18 -19 32 24 30 -23 -24 -25 35 -27 31 -29 -30 -31 -32 -33 -34 -35 -36 -37 -38 -39 -40
leaf_value=0.0099902852141794465 -0.0053571279111233631 -0.0067094172820264157 0.00071168909469483113 0.001646592796294832 -1.2931006895646884e-05 -5.0405441987805246e-06 0.0039886860010652416 0.0061069961485392121 -0.0011380233835714035 -0.00778901836582843 0.0083525681133297357 -0.0068910488650584835 -0.006853905952826608 0.0025162758261172307 0.0026017998725534337 -0.0037150559863155814 -0.0079876593782621276 0.0024529554261364488 -0.0028365862967446444 -0.0049036282581946576 -0.0024036570990054068 0.0057678387116764989 -0.0012512241229414942 0.004975072035687555 -0.006588519554723192 -0.00063044317463728018 -0.00066669285696917692 -0.0020823410150580227 -0.0024323245121041005 0.0054339872706981231 -0.0045128168946498614 -0.0036605079176501845 -6.3628552547272525e-05 0.0030958455320009414 -0.0075825791940230371 -0.0043902801262887406 -0.005262065493311101 0.0018671087851333951 -0.011124646932359728
leaf_weight=364 107 118 79 68 231 79 65 709 554 65 85 270 61 69 514 222 82 566 77 61 186 72 60 380 78 492 66 60 64 84 246 103 82 133 431 177 168 60 60
leaf_count=364 107 118 79 68 231 79 65 709 554 65 85 270 61 69 514 222 82 566 77 61 186 72 60 380 78 492 66 60 64 84 246 103 82 133 431 177 168 60 60
internal_value=-5.43347e-05 0.00201101 0.00365914 0.00522311 0.00215146 0.00688491 -0.00251745 0.00549528 -0.00156038 -0.00564484 0.00459246 -0.00536546 -0.00227431 0.000926384 0.00241859 -0.00188802 -0.0047685 0.00173963 -0.00306178 -0.00573743 -0.00499662 0.00933946 0.0016491 0.00564419 -0.00657546 -0.000230315 -0.00394298 -0.00521562 -0.00033376 0.00302643 -0.00362985 -0.00252916 -0.00144034 0.00223439 -0.00728419 -0.00513535 -0.00630855 0.00304577 -0.00962114
internal_weight=7448 5440 3989 1954 2035 1224 1451 788 1022 2008 677 1883 837 1358 730 776 429 797 266 1617 870 436 185 465 747 561 347 178 132 598 432 169 159 212 492 255 438 125 125
internal_count=7448 5440 3989 1954 2035 1224 1451 788 1022 2008 677 1883 837 1358 730 776 429 797 266 1617 870 436 185 465 747 561 347 178 132 598 432 169 159 212 492 255 438 125 125
is_linear=0
shrinkage=0.02


Tree=2
num_leaves=37
num_cat=0
split_feature=49 35 37 49 35 31 40 43 36 9 36 4 53 30 53 36 12 39 31 49 11 30 53 20 37 48 40 47 13 44 11 17 30 11 44 8
split_gain=198.628 95.2652 21.3527 20.471 14.2503 10.3347 8.72132 6.86034 6.52374 5.03325 4.20194 5.98018 3.88696 3.47763 3.45721 2.99222 2.65646 2.65258 2.47838 2.23611 1.98728 1.58703 1.46279 1.44055 1.4123 1.19789 0.781767 0.5904 0.473447 0.471542 0.394739 0.74042 0.387851 0.280431 0.172153 0.138396
threshold=44.45000076293946 0.32504893839359289 0.017834716476500038 30.645000457763675 0.041050281375646598 0.83171418309211742 0.74484241008758556 0.54260322451591503 0.67882245779037487 0.034931650385260589 0.19828314334154132 0.012172325048595669 0.84783446788787853 -0.34266270697116846 0.47565197944641119 0.49564366042613989 -0.11297811567783354 1.0548212528228762 0.95219022035598766 16.000000476837162 0.022525189444422725 0.23956029862165454 1.0395900607109072 0.34576964378356939 0.027774881571531299 0.1241746135056019 1.1378358602523806 0.27622890472412115 -0.22287345677614209 0.017951750196516517 0.01727202627807856 0.23771850019693377 -0.26570364832878107 0.021050361916422847 0.016717464663088325 0.026173729449510578
decision_type=10 2 2 8 2 2 2 2 2 2 2 2 8 2 8 2 2 2 2 10 2 2 10 2 2 2 2 2 2 2 2 2 2 2 2 2
left_child=1 2 3 5 12 19 -7 8 14 10 11 30 28 16 -3 -16 -5 18 -6 -1 -15 -19 23 -13 27 -14 29 -10 -4 34 31 -2 -31 -32 -12 -24
right_child=9 7 4 13 17 6 -8 -9 24 -11 26 22 25 20 15 -17 -18 21 -20 -21 -22 -23 35 -25 -26 -27 -28 -29 -30 32 33 -33 -34 -35 -36 -37
leaf_value=0.0066650353220197587 -0.0060926844987917598 0.0026299432015484746 0.00086189365394931806 0.00070797679839065169 0.00025922681882592112 -0.00050762370396405471 0.0060066238746314341 -0.0082688536640161125 -0.0031894578832622257 -0.0094285031421184537 -0.0062405864442698659 -0.0031887920007256142 0.0081483995371790068 0.0018409594142067801 -0.00057325267724931718 -0.00294830137961482 0.0049817891394525462 0.00038330931216687159 0.0025571893090269283 0.010291135557389385 -0.0015428739307363603 -0.0022072150719352067 -0.0040279996185406544 -0.0004922266555676128 -0.0016568154718201514 0.004974985570496776 -0.0039628270817772728 -0.0053449704546909482 0.002878136900044227 -0.0050773674890635502 -0.0074261028476059442 -0.0035992034639967113 -0.007541298679212171 -0.0054538607893342321 -0.0041466014559452345 -0.0058862880174484515
leaf_weight=126 182 82 81 79 316 92 716 75 90 122 91 442 64 329 496 372 237 443 466 281 85 117 86 99 75 402 60 245 126 60 167 92 353 107 62 69
leaf_count=126 182 82 81 79 316 92 716 75 90 122 91 442 64 329 496 372 237 443 466 281 85 117 86 99 75 402 60 245 126 60 167 92 353 107 62 69
internal_value=-6.3556e-05 0.00192927 0.00352857 0.00502316 0.00208008 0.00661249 0.00526454 -0.00248157 -0.00214419 -0.00545609 -0.00518171 -0.00448272 0.00444895 0.00236031 -0.00122573 -0.00159893 0.00393318 0.000884093 0.00163441 0.00922798 0.00113771 -0.000165026 -0.00322536 -0.00270261 -0.00424553 0.00546229 -0.00654114 -0.00480228 0.00211752 -0.00679037 -0.0060516 -0.00530712 -0.00722494 -0.00672694 -0.00549451 -0.00495762
internal_weight=7387 5395 3960 1945 2015 1215 808 1435 1360 1992 1870 1244 673 730 950 868 316 1342 782 407 414 560 696 541 410 466 626 335 207 566 548 274 413 274 153 155
internal_count=7387 5395 3960 1945 2015 1215 808 1435 1360 1992 1870 1244 673 730 950 868 316 1342 782 407 414 560 696 541 410 466 626 335 207 566 548 274 413 274 153 155
is_linear=0
shrinkage=0.02


Tree=3
num_leaves=41
num_cat=0
split_feature=49 35 37 49 35 37 36 9 9 53 36 13 9 48 30 41 31 40 8 3 53 53 38 36 18 41 12 53 44 39 17 45 13 44 17 29 48 24 40 41
split_gain=194.773 90.6015 19.9991 18.8445 14.1353 9.51552 7.62915 6.88341 5.62772 3.83712 3.78066 5.17471 3.3654 3.17563 2.85541 2.59806 2.51579 2.4988 2.38513 2.1295 2.06184 1.77385 1.69955 1.59734 1.54274 1.4817 1.40683 1.387 1.84559 1.36801 1.00615 0.945882 0.509696 0.345744 0.293572 0.235377 0.182103 0.130959 0.112177 0.0307605
threshold=44.45000076293946 0.32504893839359289 0.017834716476500038 30.645000457763675 0.041050281375646598 0.0097725321538746374 0.67882245779037487 0.029553333297371868 0.034931650385260589 0.84783446788787853 0.2170585319399834 -0.17282659560441968 0.028934516012668613 0.54310345649719249 -0.41758653521537775 0.42712496221065527 3.3928805589675908 0.79961740970611583 0.026947470381855968 -0.041670169681310647 0.85918712615966808 0.81894353032112133 -0.0015727056306786833 0.49039773643016821 0.050623970106244094 0.60075339674949657 -0.11297811567783354 1.0395900607109072 0.022175814956426624 0.91489225625991832 0.42215247452259069 0.54310345649719249 -0.22287345677614209 0.025211093947291378 0.40760892629623419 0.057567195966839797 0.59097579121589672 18.4605827331543 0.8315962851047517 0.37863183021545416
decision_type=10 2 2 8 2 2 2 2 2 8 2 2 2 2 2 2 2 2 2 2 8 8 2 2 2 2 2 10 2 2 2 2 2 2 2 2 2 2 2 2
left_child=1 2 3 5 9 18 12 -7 10 32 11 31 21 17 26 -8 23 -6 -1 -16 -15 -3 29 -14 -11 38 -5 28 -13 -17 -23 37 -4 -24 -33 -29 -27 -2 -12 -10
right_child=8 6 4 14 13 7 15 -9 39 24 25 27 16 20 19 22 -18 -19 -20 -21 -22 30 33 -25 -26 36 -28 35 -30 -31 -32 34 -34 -35 -36 -37 -38 -39 -40 -41
leaf_value=0.0041445104032617206 -0.0071210756447743365 0.0029226402798135367 0.0008345118865212759 0.0013606235248701914 3.6923602760228528e-05 0.0088770334591472787 -0.0072242931067493981 0.0053620588549400166 -0.007837984790618065 0.0060081876165772744 -0.0058174174330488312 -0.0031236046629587472 -0.00065737243415972589 0.0027662048134685711 -0.0013129759905712776 0.00016545055871681561 -0.0058254981250628023 0.0025698332700600634 -0.00012433994072178999 0.0020504440448800895 -0.00057633657732013884 -0.0023717870637569782 -0.0037578110667906462 -0.0028391356185493233 0.0028988608589962774 -0.0059733590638321454 0.0047983180769330383 -0.0037183452947405961 0.00017555075540717335 -0.0034665190286974085 0.00010620513242275382 -0.0031695128104430349 0.002906545486026652 -0.0063206957135815171 -0.0050985907064831767 -0.0058198267948385831 -0.0041189473123495815 -0.0057794608556990621 -0.0075164800322836357 -0.010917064731083219
leaf_weight=183 139 67 81 67 226 535 113 421 61 377 93 388 249 82 92 60 71 505 72 366 557 88 60 298 89 63 203 79 81 126 231 82 131 77 112 71 128 335 312 60
leaf_count=183 139 67 81 67 226 535 113 421 61 377 93 388 249 82 92 60 71 505 72 366 557 88 60 298 89 63 203 79 81 126 231 82 131 77 112 71 128 335 312 60
internal_value=-6.86922e-05 0.00189895 0.00345142 0.00490705 0.00206762 0.00643485 -0.00239702 0.00735178 -0.0053926 0.00442347 -0.00510686 -0.00447097 -0.00142872 0.000893889 0.00234826 -0.00459948 -0.0023403 0.00179146 0.00294788 0.00136851 -0.000134924 3.49722e-05 -0.00362011 -0.0018568 0.00543882 -0.00644906 0.00397325 -0.00312404 -0.0025542 -0.0023056 -0.000590002 -0.00569806 0.00214221 -0.00530998 -0.00434897 -0.00481419 -0.00481868 -0.0062173 -0.00717442 -0.00960005
internal_weight=7431 5427 3987 1939 2048 1211 1440 956 2004 678 1883 1287 1004 1370 728 436 618 731 255 458 639 386 323 547 466 596 270 619 469 186 319 668 212 137 194 150 191 474 405 121
internal_count=7431 5427 3987 1939 2048 1211 1440 956 2004 678 1883 1287 1004 1370 728 436 618 731 255 458 639 386 323 547 466 596 270 619 469 186 319 668 212 137 194 150 191 474 405 121
is_linear=0
shrinkage=0.02


Tree=4
num_leaves=37
num_cat=0
split_feature=49 35 49 37 37 35 17 35 50 49 53 54 9 49 8 43 9 36 20 41 44 24 30 36 53 13 41 31 13 13 19 41 44 43 31 41
split_gain=189.542 88.2075 18.7378 20.7015 9.81426 7.69007 7.26244 6.83542 6.37015 6.19079 5.7107 5.244 4.56415 3.8681 2.92335 2.86386 2.59959 2.18785 3.16651 1.97246 1.86897 1.67759 1.55781 1.20232 1.19972 1.1092 1.10822 0.98973 0.74121 0.706173 0.55907 0.527056 0.499928 0.40346 0.321348 0.156354
threshold=44.45000076293946 0.32504893839359289 30.645000457763675 0.017959102988243106 0.0097725321538746374 0.15908209979534152 1.135788142681122 0.24461869150400165 6.2650001049041757 12.944999694824221 0.95476597547531139 0.40025000274181372 0.034931650385260589 46.930000305175788 0.026864993385970596 -0.057602245360612862 0.034294392913579948 0.1165350414812565 1.0000000180025095e-35 0.40015812218189245 0.028332162648439411 20.951507568359379 -0.10849095880985259 0.49709719419479376 0.91789633035659801 -0.067773479968309389 0.60241273045539867 1.7264140844345095 -0.04034720174968242 -0.25848552584648127 0.079547118395566954 0.60241273045539867 0.017951750196516517 -0.096086330711841569 0.53176748752594005 0.35485327243804937
decision_type=10 2 8 2 2 2 2 2 8 8 8 8 2 10 2 2 2 2 2 2 2 2 2 2 8 2 2 2 2 2 2 2 2 2 2 2
left_child=1 2 3 4 14 21 7 8 -4 19 -6 20 13 15 -1 -2 24 18 29 -3 33 -5 -7 -18 -13 -9 32 -21 -20 -15 -17 -29 -19 -11 -28 -14
right_child=12 9 6 5 10 22 -8 25 -10 11 -12 16 35 17 -16 30 23 26 28 27 -22 -23 -24 -25 -26 -27 34 31 -30 -31 -32 -33 -34 -35 -36 -37
leaf_value=0.0042347939242786004 -0.0052876107346563209 -0.0066351586494090989 0.0010075597961716799 0.0056975458828710966 0.0088885327737847977 0.002164313676273795 -0.0047176460068440061 -0.0019054996445663497 0.0036768923414717382 0.0037528328695270704 0.0057075926543479517 -0.0030020700800367779 -0.0073154666481344997 -0.0063774573596562644 -0.00038113337785471228 0.00034984636386999719 -0.0023219595087530169 -0.004685611283829944 -0.0038007043608583703 -0.0019787009998132312 -0.001463467551720521 0.003168882856705706 -0.00043586324709628168 -0.0052625029681818633 -0.00093322523995281249 0.0010393841825929043 -0.00652659880730618 -0.005338388980524281 -0.0013327874045317564 -0.0040663375181587118 -0.0019940881248907529 -0.0027752059612642316 -0.0071830515548740185 0.001431884123773467 -0.0044731474771391401 -0.010457324985473877
leaf_weight=181 110 119 589 171 479 132 61 164 924 70 487 152 64 346 77 62 112 63 387 118 60 327 287 131 433 71 65 109 62 92 108 65 410 64 198 60
leaf_count=181 110 119 589 171 479 132 61 164 924 70 487 152 64 346 77 62 112 63 387 118 60 327 287 131 433 71 65 109 62 92 108 65 410 64 198 60
internal_value=-8.96642e-05 0.0018732 0.0034147 0.00468078 0.00638199 0.00239553 0.00191044 0.00215 0.00264245 -0.00237343 0.00730856 -0.00153045 -0.00529791 -0.00503872 0.00286479 -0.00281309 -0.00222311 -0.00541618 -0.00470106 -0.00444088 0.00140962 0.00406807 0.000390479 -0.0039561 -0.00148505 -0.00100968 -0.00625408 -0.00348487 -0.00347324 -0.00592525 -0.00114222 -0.00444979 -0.00688414 0.00270725 -0.0050523 -0.00905471
internal_weight=7410 5383 3950 2141 1224 917 1809 1748 1513 1433 966 1022 2027 1903 258 280 828 1623 887 411 194 498 419 243 585 235 736 292 449 438 170 174 473 134 263 124
internal_count=7410 5383 3950 2141 1224 917 1809 1748 1513 1433 966 1022 2027 1903 258 280 828 1623 887 411 194 498 419 243 585 235 736 292 449 438 170 174 473 134 263 124
is_linear=0
shrinkage=0.02


Tree=5
num_leaves=32
num_cat=0
split_feature=49 35 49 37 31 17 43 40 35 35 50 49 9 54 49 49 43 9 40 17 45 17 23 13 31 44 41 17 17 24 40
split_gain=183.628 87.8549 18.2576 20.0026 9.1032 7.53838 7.51986 7.23387 6.58471 5.70596 6.41302 4.92402 4.88535 4.60463 3.17984 2.49316 2.22428 2.12556 1.96157 1.83571 2.06739 1.82471 1.54003 1.31048 1.05734 1.05551 0.891005 0.874309 0.594483 0.470621 0.0116511
threshold=44.45000076293946 0.32504893839359289 30.645000457763675 0.017959102988243106 0.76309221982955944 1.1146008372306826 0.54260322451591503 0.74484241008758556 0.15615195780992511 0.24234795570373538 6.2650001049041757 12.944999694824221 0.03558157570660115 0.40025000274181372 46.930000305175788 16.000000476837162 -0.057602245360612862 0.034294392913579948 0.89744433760643016 1.0134119987487795 0.59097579121589672 0.40760892629623419 0.21307851374149325 -0.062527632340788827 1.6116605997085574 0.02481819968670607 0.60241273045539867 0.099283631891012206 0.71890461444854747 36.704708099365241 0.85961034893989574
decision_type=10 2 8 2 2 2 2 2 2 2 8 8 2 8 10 10 2 2 2 2 2 2 2 2 2 2 2 2 2 2 2
left_child=1 2 3 4 15 9 11 -6 18 10 -4 24 14 25 16 -1 -2 -15 -5 20 27 -22 -10 -11 29 -13 -26 -16 -18 -3 -21
right_child=12 6 5 8 7 -7 -8 -9 22 23 -12 13 -14 17 19 -17 28 -19 -20 30 21 -23 -24 -25 26 -27 -28 -29 -30 -31 -32
leaf_value=0.005982738128528722 -0.0051428066160565666 -0.0010110694153804276 0.0010689051651256161 0.0055676784802401701 -0.0001457725631884269 -0.004588250516420778 -0.0081334564831792664 0.0058338851934838379 0.0022471977676360461 -0.0013580000933713446 0.0037522648422704591 0.0030478866633539105 -0.0092004599882910664 -0.0011953604710669761 -0.006607943350050066 0.010092209109825299 -0.0025058106547952521 -0.0035324622262428735 0.0029466949907478459 -0.0059792291901650885 -0.0020876252271923097 -0.0047339635317034034 -0.00022772809344034497 0.0017520884786856672 -0.0053751861008189666 -7.3923482571716437e-05 -0.0024591819887299195 -0.0051106229123406002 -9.3338013296324131e-05 -0.0034566922286295727 -0.0081664391618183601
leaf_weight=100 101 64 597 201 90 65 82 760 153 192 897 99 117 567 305 266 83 216 303 60 154 390 280 72 186 74 66 596 80 70 94
leaf_count=100 101 64 597 201 90 65 82 760 153 192 897 99 117 567 305 266 83 216 303 60 154 390 280 72 186 74 66 596 80 70 94
internal_value=-1.10832e-06 0.00190922 0.00343536 0.00468244 0.00637385 0.00195672 -0.00234954 0.00520129 0.00247299 0.00220669 0.00268496 -0.00197803 -0.00520661 -0.00119997 -0.00494086 0.00902988 -0.00284681 -0.00185237 0.0040207 -0.00527999 -0.00503295 -0.0040022 0.000653935 -0.000495893 -0.00387834 0.00172837 -0.00465331 -0.00563884 -0.00135088 -0.00234365 -0.00745118
internal_weight=7380 5400 3976 2153 1216 1823 1424 850 937 1758 1494 1342 1980 956 1863 366 264 783 504 1599 1445 544 433 264 386 173 252 901 163 134 154
internal_count=7380 5400 3976 2153 1216 1823 1424 850 937 1758 1494 1342 1980 956 1863 366 264 783 504 1599 1445 544 433 264 386 173 252 901 163 134 154
is_linear=0
shrinkage=0.02


Tree=6
num_leaves=38
num_cat=0
split_feature=49 35 37 49 35 36 43 36 48 9 49 30 36 4 53 35 49 36 14 41 37 3 12 41 13 44 18 13 2 40 11 17 30 44 44 11 40
split_gain=175.613 79.6181 19.3661 18.0226 13.7697 9.16773 7.66184 6.46064 5.6033 4.46211 3.80229 3.40724 3.32218 5.30993 2.86598 2.66848 3.07971 2.51688 2.4146 2.30909 2.17243 1.68137 1.54666 1.36805 1.30716 1.62796 1.19432 1.09214 0.684898 0.557706 0.305824 0.695477 0.276548 0.207892 0.199269 0.19558 0.0683611
threshold=44.45000076293946 0.32504893839359289 0.017834716476500038 30.645000457763675 0.041050281375646598 0.36398039758205419 0.54260322451591503 0.67882245779037487 0.14343360066413882 0.033413413912057884 41.420000076293952 -0.41758653521537775 0.19828314334154132 0.012172325048595669 0.47565197944641119 0.13772191107273105 32.11000061035157 0.49356755614280706 0.26724137365818029 0.76304063200950634 0.027774881571531299 0.15724992752075198 -0.11297811567783354 0.61818885803222667 -0.13378950953483579 0.022240991704165939 0.050623970106244094 -0.2108872905373573 0.17471525073051455 0.85578796267509472 0.017462271265685562 0.21904378384351733 0.088034760206937804 0.017658122815191749 0.017658122815191749 0.021050361916422847 0.99667567014694225
decision_type=10 2 2 8 2 2 2 2 2 2 10 2 2 2 8 2 10 2 2 2 2 2 2 2 2 2 2 2 2 2 2 2 2 2 2 2 2
left_child=1 2 3 5 10 8 7 14 -1 12 26 22 13 30 -3 16 -6 -16 -13 -17 28 -7 -5 34 29 -26 -4 -12 -9 -15 31 -2 -11 -25 -14 -32 -36
right_child=9 6 4 11 15 21 -8 20 -10 32 27 18 23 24 17 19 -18 -19 -20 -21 -22 -23 -24 33 25 -27 -28 -29 -30 -31 35 -33 -34 -35 36 -37 -38
leaf_value=0.0033750334866276448 -0.0058069497847252271 0.0025615630217067811 0.0056094624367180887 0.0011265785223222339 0.0031750873109550994 0.0046785405672517509 -0.0080597297340143665 -0.0036843442910147592 0.0079512089174689875 -0.0066495369750755049 -0.0005411909680115059 -0.0012650463714780026 -0.0048677735496097455 -0.0053962585490926638 -0.00028715060453659246 0.00066002252920187505 -0.00018652643778835213 -0.0024666144581613481 0.0020166476667627833 -0.0017972563693290386 -0.0008069417081726126 0.0017832148010518566 0.0048347139165703483 -0.0050323865316808224 -0.0028323112954463194 0.00041018153463381456 0.0029886049368323814 0.0028067825595464776 -0.0057290297650057697 -0.0033304198080314198 -0.0068756127794725556 -0.0034388581834660444 -0.0097729439280927182 -0.0032176201437158804 -0.0072869776767309552 -0.0050611749623591697 -0.0058246109136641036
leaf_weight=133 173 84 409 61 303 177 81 190 754 60 61 118 62 94 484 693 168 377 346 193 76 158 207 107 342 74 100 99 142 199 172 99 77 73 262 96 122
leaf_count=133 173 84 409 61 303 177 81 190 754 60 61 118 62 94 484 693 168 377 346 193 76 158 207 107 342 74 100 99 142 199 172 99 77 73 262 96 122
internal_value=-2.3725e-05 0.0018512 0.00330651 0.00472684 0.00193119 0.00621249 -0.0021857 -0.00181625 0.00727985 -0.00506462 0.00427319 0.00223011 -0.00479364 -0.00417238 -0.00090116 0.000768966 0.00198034 -0.00124787 0.00117717 0.000119363 -0.00391128 0.00334389 0.0040162 -0.00600577 -0.00300947 -0.00225433 0.00511704 0.00153776 -0.00460534 -0.00404453 -0.00567233 -0.00499559 -0.00858397 -0.00436668 -0.00663147 -0.00629258 -0.00687371
internal_weight=7426 5414 3980 1954 2026 1222 1434 1353 887 2012 669 732 1875 1249 945 1357 471 861 464 886 408 335 268 626 709 416 509 160 332 293 540 272 137 180 446 268 384
internal_count=7426 5414 3980 1954 2026 1222 1434 1353 887 2012 669 732 1875 1249 945 1357 471 861 464 886 408 335 268 626 709 416 509 160 332 293 540 272 137 180 446 268 384
is_linear=0
shrinkage=0.02


Tree=7
num_leaves=40
num_cat=0
split_feature=49 35 37 49 35 36 49 53 48 54 9 30 36 4 39 40 9 43 41 35 43 11 53 40 17 20 41 53 42 36 50 47 30 11 17 40 32 11 40
split_gain=165.81 77.1354 17.6333 14.7206 13.6068 8.99112 6.67356 5.41569 5.32398 4.41175 3.94644 3.55996 3.51495 5.40883 3.31319 2.29226 2.26218 1.81542 1.76656 1.5885 1.53703 1.47117 1.46079 1.45226 1.33939 1.31022 1.27214 1.24384 1.11864 1.08029 0.809678 0.847778 0.564149 0.341419 0.635392 0.236007 0.175452 0.163092 0.111695
threshold=44.45000076293946 0.32504893839359289 0.016458312980830673 30.645000457763675 0.041050281375646598 0.36398039758205419 12.944999694824221 1.0054820179939272 0.10491563007235528 0.40025000274181372 0.03558157570660115 -0.34266270697116846 0.19828314334154132 0.012172325048595669 0.98182058334350597 0.80205973982810985 0.034294392913579948 0.12740948796272281 0.38668069243431097 0.13931700587272647 -0.098728924989700304 0.022525189444422725 1.0395900607109072 0.95274025201797496 0.32991693913936621 0.34576964378356939 0.60241273045539867 0.91789633035659801 0.03978643752634526 0.49564366042613989 0.90999999642372142 0.27622890472412115 -0.27091677486896509 0.017634268850088123 0.1635224521160126 0.85578796267509472 1.0943288803100588 0.021050361916422847 1.0523430705070498
decision_type=10 2 2 8 2 2 8 8 2 8 2 2 2 2 2 2 2 2 2 2 2 2 10 2 2 2 2 8 2 2 10 2 2 2 2 2 2 2 2
left_child=1 2 3 5 7 8 18 24 -1 20 12 28 13 33 15 -6 27 -7 -3 -16 -8 -13 25 -9 -4 -15 32 -11 -5 -18 31 -20 -14 34 -2 -34 -24 -35 -28
right_child=10 6 4 11 14 17 9 23 -10 16 -12 21 26 22 19 -17 29 -19 30 -21 -22 -23 36 -25 -26 -27 38 -29 -30 -31 -32 -33 35 37 -36 -37 -38 -39 -40
leaf_value=0.0024799119886803498 -0.00580944381087708 -0.0065206707262384176 -4.112340968837517e-05 0.0029126247623254657 0.00015302797325421124 0.0039676204259485705 0.0035047706616237575 0.0065627130723223091 0.0077284695275004383 -0.0028111382432499279 -0.0086593262034589842 0.0014352740366434403 -0.0043405362005153342 -0.0028577618904320509 0.0010767795510384438 0.0026156637500167326 -0.0019233334042828333 0.00037540759596352773 -0.0020981491467729212 -0.00085859539544973738 -6.9393171975389134e-05 -0.0018965142084229173 -0.0037474794724495497 0.0041874963732460285 0.0028361182462148448 -0.00027618725184351203 -0.0050932019970379777 -0.00068675579988145203 0.0058142972233366568 -0.0046556231201281897 -0.0015624462644086231 -0.0048766087366750952 -0.0057194868259143362 -0.0068658225672027073 -0.0035641973520757564 -0.0074693814122088718 -0.0056543919884544961 -0.0051613641248051349 -0.0036136099732197498
leaf_weight=91 153 109 82 180 225 212 78 247 736 147 112 267 60 451 271 466 110 78 72 442 117 63 90 230 291 97 117 436 85 143 76 159 119 161 113 251 65 109 89
leaf_count=91 153 109 82 180 225 212 78 247 736 147 112 267 60 451 271 466 110 78 72 442 117 63 90 230 291 97 117 436 85 143 76 159 119 161 113 251 65 109 89
internal_value=-3.92173e-05 0.00177464 0.00321623 0.00474631 0.00204886 0.00609902 -0.00217433 0.00404184 0.00716319 -0.00130334 -0.00497626 0.00218733 -0.00474224 -0.0040973 0.000835536 0.00181936 -0.0019347 0.00301859 -0.00430578 -0.000120164 0.00138666 0.000784847 -0.00291934 0.00545284 0.00220565 -0.00240661 -0.00597197 -0.00123576 0.00390175 -0.00350804 -0.00346066 -0.00405287 -0.00662922 -0.00561556 -0.00490974 -0.00695979 -0.00464566 -0.00624567 -0.00451979
internal_weight=7400 5413 3966 1712 2254 1117 1447 850 827 1031 1987 595 1875 1239 1404 691 836 290 416 713 195 330 703 477 373 548 636 583 265 253 307 231 430 536 266 370 155 270 206
internal_count=7400 5413 3966 1712 2254 1117 1447 850 827 1031 1987 595 1875 1239 1404 691 836 290 416 713 195 330 703 477 373 548 636 583 265 253 307 231 430 536 266 370 155 270 206
is_linear=0
shrinkage=0.02


Tree=8
num_leaves=39
num_cat=0
split_feature=49 35 37 49 35 37 36 31 9 43 36 4 48 8 53 49 53 37 36 53 3 48 40 34 53 20 41 41 9 3 4 32 41 40 40 21 8 40
split_gain=163.061 74.711 17.3065 17.1921 12.1744 9.27073 6.18523 4.6843 4.19727 4.18303 3.51603 4.92049 3.24746 2.99065 2.96503 2.96136 2.74522 2.4396 2.37871 2.30254 2.29658 1.75489 1.61078 1.57513 1.27145 1.28602 1.25974 1.25195 0.774478 0.566679 0.347108 0.382995 0.32215 0.312517 0.253295 0.216621 0.167277 0.14557
threshold=44.45000076293946 0.32504893839359289 0.017834716476500038 20.880000114440922 0.041050281375646598 0.0097725321538746374 0.67882245779037487 0.7393578588962556 0.034931650385260589 0.52203878760337841 0.19828314334154132 0.012172325048595669 0.26724137365818029 0.026864993385970596 0.84783446788787853 38.465000152587898 0.47565197944641119 0.027774881571531299 0.49564366042613989 0.85918712615966808 -0.041670169681310647 0.27622890472412115 0.76616400480270397 0.14498142153024676 1.0395900607109072 0.34576964378356939 0.42712496221065527 0.60241273045539867 0.029144606553018097 -0.11197741702198981 -0.14884629100561139 0.87905874848365795 0.38668069243431097 0.85578796267509472 1.040119528770447 34.65990066528321 0.025894439779222015 0.98766797780990612
decision_type=10 2 2 8 2 2 2 2 2 2 2 2 2 2 8 10 8 2 2 8 2 2 2 2 10 2 2 2 2 2 2 2 2 2 2 2 2 2
left_child=1 2 3 5 14 13 9 -7 10 16 11 30 22 -1 29 23 -3 26 -18 -14 -17 -16 -6 -5 25 -13 -8 33 -28 -4 35 -32 -10 -12 -29 -2 -26 -35
right_child=8 6 4 15 12 7 17 -9 32 -11 27 24 19 -15 21 20 18 -19 -20 -21 -22 -23 -24 -25 36 -27 28 34 -30 -31 31 -33 -34 37 -36 -37 -38 -39
leaf_value=0.0041416314839227411 -0.0044310808050543509 0.0025587338340194786 0.00060308660185471989 0.0041020594068268577 0.00061474767798448313 0.0091507910800238054 -0.006670131707922855 0.0059793387175133906 -0.0066536106758496973 -0.0060195903689052692 -0.0053341347355361068 -0.0028222863835647054 0.0026454755943682456 -0.00054199677971046188 0.0069494604674174634 -0.0018280232852730567 -0.00029505180465151567 -0.00084688481268268547 -0.0024240949367347166 -0.00016469226579160747 0.0020096705195356869 0.0041261206843293706 0.0033811530010035835 0.0019092599618057888 -0.0035333613701652557 -0.00024624197036788171 -0.0020427982709431032 -0.0051432343779816338 -0.0046385899534781968 0.0028351798429798619 -0.0033023154700852876 -0.0052616137347929184 -0.0099781243493632672 -0.0077102306820872992 -0.0033267407561497144 -0.0064430078047493077 -0.0053866846400841663 -0.0059576441212072975
leaf_weight=176 64 82 75 309 133 309 106 576 63 65 132 457 132 77 136 98 492 79 366 852 160 336 239 246 81 95 74 114 176 127 82 197 60 163 87 211 71 122
leaf_count=176 64 82 75 309 133 309 106 576 63 65 132 457 132 77 136 98 492 79 366 852 160 336 239 246 81 95 74 114 176 127 82 197 60 163 87 211 71 122
internal_value=5.81567e-06 0.00180647 0.00321807 0.00456309 0.00192008 0.00614906 -0.00209388 0.00711496 -0.0048722 -0.00122359 -0.00462181 -0.00399168 0.000823526 0.00272263 0.00411129 0.00232744 -0.000872799 -0.00408012 -0.00120969 0.000218163 0.000543854 0.00498048 0.00240759 0.0031474 -0.00285828 -0.00238447 -0.00478175 -0.00587742 -0.00390752 0.00203226 -0.00540701 -0.00473057 -0.00848222 -0.00653979 -0.00442238 -0.00603124 -0.00449301 -0.00703335
internal_weight=7420 5421 3981 1951 2030 1138 1440 885 1999 1005 1876 1258 1356 253 674 813 940 435 858 984 258 472 372 555 704 552 356 618 250 202 554 279 123 417 201 275 152 285
internal_count=7420 5421 3981 1951 2030 1138 1440 885 1999 1005 1876 1258 1356 253 674 813 940 435 858 984 258 472 372 555 704 552 356 618 250 202 554 279 123 417 201 275 152 285
is_linear=0
shrinkage=0.02


Tree=9
num_leaves=40
num_cat=0
split_feature=53 36 53 35 38 37 38 35 37 36 36 34 13 53 16 48 35 9 30 48 9 29 35 29 19 29 6 43 10 10 45 2 11 39 6 35 46 31 34
split_gain=45.036 42.7321 45.1091 36.7397 30.1443 15.1838 26.3416 12.976 12.5 9.67289 5.41801 4.66131 3.87278 3.16769 2.83732 2.68377 2.43175 2.3494 2.31578 1.98766 1.82478 1.78084 1.73336 1.12511 0.993873 0.913385 0.898963 0.829887 0.793364 0.984224 0.647924 0.551854 0.542151 0.523841 0.502873 0.451611 0.373873 0.297745 0.250279
threshold=2.4511772394180302 0.15162602066993716 1.0303152203559878 0.33189117908477789 -0.121187936514616 0.012489604763686659 -0.057817332446575158 0.23327237367630008 0.015759884379804138 0.35137195885181433 0.67882245779037487 0.071216885000467314 -0.17282659560441968 1.8765168786048891 0.01694077625870705 0.14343360066413882 0.35101023316383367 0.025511129759252075 0.321046993136406 0.18103448301553729 0.035901632159948356 0.055008035153150565 0.018314371816813949 0.057043205946683891 0.22351712733507159 0.050483677536249168 0.050693968310952194 0.070865277200937285 0.029499878175556663 0.025829620659351352 0.50531914830207836 0.14371327310800555 0.022525189444422725 0.93519359827041637 0.030499409884214405 0.14719220995903018 0.82868674397468578 0.58778050541877758 0.009135467931628229
decision_type=8 2 10 2 2 2 2 2 2 2 2 2 2 10 2 2 2 2 2 2 2 2 2 2 2 2 2 2 2 2 2 2 2 2 2 2 2 2 2
left_child=1 12 3 5 22 9 -7 11 16 -3 17 14 30 -10 27 -9 -6 -5 19 -13 -21 33 34 25 -12 36 32 -2 29 -16 35 -25 -23 -17 -4 38 -14 -32 -1
right_child=7 2 4 10 8 6 -8 15 13 -11 24 18 23 -15 28 21 -18 -19 -20 20 -22 26 -24 31 -26 -27 -28 -29 -30 -31 37 -33 -34 -35 -36 -37 -38 -39 -40
leaf_value=-0.0053275540125338324 0.0012035610796511174 -0.0032339523818201909 0.0037535169904936204 0.0024388816188758524 -0.0059290293738830293 0.0020732127354956336 0.0077062827438789576 0.0035487058901353115 -0.0014963468808143685 0.0024258122415484573 -0.003474404719487166 0.0058027580811149063 -0.0021368509499485244 -0.0053025745783495358 0.0057030844272739868 -0.0040561385599985006 -0.0022997926863278016 -0.0016717998884158056 -0.00049918140820195934 0.0029465180526931263 -0.00063278627677726147 0.00015938062857088372 0.0012063044443841443 -0.0049672994463109089 -0.0061184763252087274 7.0111175533384086e-05 0.001848713196331964 0.0042300003328848449 0.0076570867249105548 0.0033832062184575851 -0.0031605300431441891 -0.0024856307926173836 -0.0020904663035250974 -0.0013451532341652748 0.0061366430156313901 -0.0038013122874298983 -0.0040355508317006751 -0.0049123127823836659 -0.0068384086965916704
leaf_weight=232 97 202 110 68 564 897 528 64 904 291 159 82 199 95 364 60 92 254 89 358 66 119 74 119 112 61 82 60 76 116 102 69 63 63 85 68 61 129 159
leaf_count=232 97 202 110 68 564 897 528 64 904 291 159 82 199 95 364 60 92 254 89 358 66 119 74 119 112 61 82 60 76 116 102 69 63 63 85 68 61 129 159
internal_value=-1.50655e-05 -0.000887567 1.87392e-05 0.00178369 -0.00228335 0.00312814 0.00417292 0.0027757 -0.00329317 9.92511e-05 -0.002557 0.0037824 -0.00423243 -0.00187409 0.00487624 -0.000147443 -0.00543436 -0.000786129 0.00245207 0.00297302 0.00238649 -0.000783853 0.00389359 -0.0028758 -0.00462583 -0.00211553 0.000144623 0.00242404 0.00555017 0.00516901 -0.00521497 -0.00411506 -0.000635278 -0.00274061 0.00487461 -0.0056963 -0.00262707 -0.00419351 -0.00599187
internal_weight=7393 5634 4435 2511 1924 1918 1425 1759 1655 493 593 1308 1199 999 713 451 656 322 595 506 424 387 269 509 271 321 264 157 556 480 690 188 182 123 195 459 260 231 391
internal_count=7393 5634 4435 2511 1924 1918 1425 1759 1655 493 593 1308 1199 999 713 451 656 322 595 506 424 387 269 509 271 321 264 157 556 480 690 188 182 123 195 459 260 231 391
is_linear=0
shrinkage=0.02


Tree=10
num_leaves=37
num_cat=0
split_feature=52 38 31 53 35 53 50 35 38 51 50 41 33 50 35 34 29 48 43 43 17 43 30 34 10 18 11 52 17 4 44 10 18 35 40 32
split_gain=48.8772 15.2788 23.4376 23.002 12.079 10.7163 10.0636 9.67579 9.05045 8.13493 10.1997 6.39436 5.58234 7.63586 5.20552 3.52926 2.91125 2.5293 2.23612 3.64293 2.50019 2.14516 1.78115 2.04179 1.35567 1.29019 1.03313 0.908237 0.64918 0.621713 0.604674 0.575736 0.503732 0.409062 0.217906 0.411501
threshold=12.450000286102297 -0.027526747435331341 0.39401526749134069 0.70474621653556835 0.088685993105173125 1.5798761844635012 -1.0349999666213987 0.2396861016750336 -0.063416775315999971 0.35500000417232519 -1.0249999761581419 0.57181271910667431 0.0073796089272946128 0.26000000536441809 0.23045801371335986 0.17327933758497241 0.055008035153150565 0.27622890472412115 -0.12193688377737998 0.2176955044269562 0.69274669885635387 0.15192547440528872 -0.164321094751358 0.0066932826302945623 0.023747584782540802 0.056373532861471183 0.018445204943418506 2.1150000095367436 0.29437416791915899 0.087072305381298079 0.019958971068263057 0.011878184042871 -0.048738690093159669 0.30503411591053015 0.95980247855186474 0.92680302262306224
decision_type=8 2 2 10 2 10 10 2 2 10 10 2 2 10 2 2 2 2 2 2 2 2 2 2 2 2 2 10 2 2 2 2 2 2 2 2
left_child=1 2 8 15 -5 9 7 18 27 11 -11 -4 14 -14 -6 -3 33 -18 24 26 -21 31 -7 -24 29 28 -20 32 -8 -2 -19 -17 -1 -9 -30 -36
right_child=6 3 5 4 12 22 25 16 -10 10 -12 -13 13 -15 -16 21 17 30 19 20 -22 -23 23 -25 -26 -27 -28 -29 34 -31 -32 -33 -34 -35 35 -37
leaf_value=-0.0034222586822829078 0.0022669343179142153 0.0075356566282848902 -0.0028900464717540935 0.0055378532850128758 -0.0054485902075487947 0.0067889134412249313 0.0084416210424687176 -0.0015729145206536891 0.0031582313857295295 0.0079601846163965435 0.00089044208565114121 0.00011956965527743758 -0.0036288698409321337 -0.00053849943086252709 -0.0021068292413553109 0.0045817158653596304 0.0042501790463214829 -0.0018219151544155018 0.0035267340599900426 0.0078270066979376583 0.0024345513688814307 -0.0010153436194144426 0.0054434139441326256 0.0017104873665125121 0.0074126985834246234 0.0030096363937482237 0.0012031708023303985 -0.0023243772952530818 0.0066007335857768377 0.0048804204590242664 0.0005608205744168064 0.0018366774014842054 -0.0054978863067109383 -0.003867527038513406 0.0059727181386559792 0.0032923530422978931
leaf_weight=81 71 62 420 65 552 75 67 69 63 85 1158 847 691 597 291 78 60 70 98 76 69 60 97 155 67 63 356 62 120 106 99 62 335 71 70 60
leaf_count=81 71 62 420 65 552 75 67 69 63 85 1158 847 691 597 291 78 60 70 98 76 69 60 97 155 67 63 356 62 120 106 99 62 335 71 70 60
internal_value=-6.33897e-05 -0.000911081 -3.75093e-05 -0.0021097 -0.00277869 0.000690696 0.00303934 0.00213818 -0.0038408 0.000244506 0.0013927 -0.000881776 -0.00304026 -0.00220181 -0.00430777 0.00346171 -0.000557746 0.000827436 0.00331722 0.00263249 0.00536906 0.00210116 0.00407919 0.00319843 0.00494173 0.00587171 0.00172678 -0.00477929 0.00640384 0.00389288 -0.000434861 0.00343708 -0.00512352 -0.00280033 0.00576015 0.00484531
internal_weight=7428 5836 3378 2458 2196 2837 1592 1212 541 2510 1243 1267 2131 1288 843 262 369 229 843 599 145 200 327 252 244 380 454 478 317 177 169 140 416 140 250 130
internal_count=7428 5836 3378 2458 2196 2837 1592 1212 541 2510 1243 1267 2131 1288 843 262 369 229 843 599 145 200 327 252 244 380 454 478 317 177 169 140 416 140 250 130
is_linear=0
shrinkage=0.02


Tree=11
num_leaves=39
num_cat=0
split_feature=49 34 37 49 38 38 54 48 54 9 53 38 43 37 30 45 49 51 37 44 43 34 41 30 30 53 4 3 40 40 43 17 46 46 31 17 23 17
split_gain=145.841 30.9576 30.9588 19.5335 13.223 11.9461 8.20879 6.23004 5.8008 4.52103 4.25752 4.06822 3.91329 3.43408 3.36539 2.92782 2.7624 2.71601 2.67287 2.39023 2.2634 1.76229 1.72777 1.54484 1.31898 1.14686 1.24827 0.906211 0.872465 0.856855 0.847781 1.1323 0.686172 0.681378 0.592092 0.427687 0.353495 0.162317
threshold=44.45000076293946 0.10193343460559846 0.016458312980830673 12.944999694824221 -0.10875179618597029 -0.077993117272853837 0.82875001430511486 0.10491563007235528 1.0699999928474428 0.033413413912057884 1.3879075050354006 -0.065217874944210039 0.38315057754516607 0.014062358532100918 -0.014214115682989357 0.88646370172500621 46.930000305175788 2.4200000762939458 0.015759884379804138 0.029707972891628746 -0.057602245360612862 0.007077310699969531 0.56520950794219982 -0.63396915793418873 0.19398137181997302 1.0671114921569826 0.012172325048595669 -0.017041443847119805 0.92697420716285717 0.95472949743270885 -0.098728924989700304 0.53160953521728527 0.76228907704353344 0.65737342834472667 2.0618245601654057 0.19811805337667468 0.20097510516643527 0.26261371374130255
decision_type=10 2 2 8 2 2 10 2 10 2 10 2 2 2 2 2 10 8 2 2 2 2 2 2 2 10 2 2 2 2 2 2 2 2 2 2 2 2
left_child=1 2 5 22 10 13 12 -7 23 16 19 -8 14 27 -5 -10 20 -9 -13 -4 -2 25 24 -6 -3 26 -18 -1 -15 -12 37 -32 -22 -11 -26 -27 -24 -23
right_child=9 3 4 6 8 7 11 17 15 33 29 18 -14 28 -16 -17 21 -19 -20 -21 32 30 36 -25 34 35 -28 -29 -30 -31 31 -33 -34 -35 -36 -37 -38 -39
leaf_value=-0.0015944331265465522 -0.0047263240254962714 -0.0069976265168363106 0.0028084350956607226 0.0035726432219753048 -0.00026842724996514094 0.0014856390036936654 0.0033467923712251443 0.0084392418740974629 -0.0010521636008160955 -0.0058028033321930305 0.0065607066512170407 -0.0052684334465302532 -0.0020710031453054396 0.0051833313725509304 0.0011460750439570213 -0.0055420441996196614 -0.0043495064680059651 0.0050532459050573256 -0.0011810308638416497 3.1157291096945607e-05 -0.0019835532177326694 -0.0070026596662629949 -0.0012147182332302787 0.0018998915586968177 -0.0022651191517038061 -0.0063808068190828885 -0.0020223709726542179 0.0016826469328657574 0.0026568674787878989 0.0037317175257237669 -0.0036157017228322041 -0.0056003339452588043 0.00057873498616011247 -0.0094271265845531724 -0.0048609331533629096 -0.0043225581562906972 -0.0032285609975543118 -0.0053535131046870601
leaf_weight=65 105 96 816 397 188 73 67 507 425 60 131 73 93 132 548 65 181 140 436 147 104 154 73 423 69 70 210 64 117 91 229 319 66 84 103 294 81 130
leaf_count=65 105 96 816 397 188 73 67 507 425 60 131 73 93 132 548 65 181 140 436 147 104 154 73 423 69 70 210 64 117 91 229 319 66 84 103 294 81 130
internal_value=-3.23357e-05 0.00167279 0.00284441 -0.00027538 0.00151446 0.00560075 0.000727353 0.00711139 -6.34971e-05 -0.00463551 0.00297786 -0.00118238 0.0017884 0.00268737 0.00217463 -0.00167989 -0.00435657 0.00773481 -0.00179663 0.00238694 -0.00245594 -0.00468004 -0.00409089 0.00123304 -0.00506684 -0.00393624 -0.00312709 2.51204e-05 0.00404593 0.00547074 -0.00533723 -0.00479701 -0.000990217 -0.00807304 -0.00388199 -0.00477002 -0.00232177 -0.0063151
internal_weight=7426 5420 3384 2036 2286 1098 1614 720 1101 2006 1185 576 1038 378 945 490 1862 647 509 963 275 1587 422 611 268 755 391 129 249 222 832 548 170 144 172 364 154 284
internal_count=7426 5420 3384 2036 2286 1098 1614 720 1101 2006 1185 576 1038 378 945 490 1862 647 509 963 275 1587 422 611 268 755 391 129 249 222 832 548 170 144 172 364 154 284
is_linear=0
shrinkage=0.02


Tree=12
num_leaves=38
num_cat=0
split_feature=49 35 49 37 31 40 17 24 35 31 35 9 36 44 36 4 49 49 23 17 40 46 44 38 41 30 16 24 17 46 11 17 44 4 40 44 11
split_gain=138.764 63.0299 16.6376 15.1459 8.26099 6.97257 6.80496 6.15449 5.84113 5.5364 4.67133 3.78399 3.19011 2.39494 2.15781 3.48178 1.97505 1.89268 1.73946 1.5642 1.47074 1.40007 1.6148 1.36509 1.33881 1.26628 0.636542 0.705013 0.61895 0.497773 0.434528 0.62575 0.337132 0.283316 0.268773 0.243472 0.138302
threshold=45.494998931884773 0.32504893839359289 30.645000457763675 0.017959102988243106 0.87574595212936412 0.74484241008758556 1.135788142681122 48.56159973144532 0.15908209979534152 2.7314565181732182 0.23327237367630008 0.033413413912057884 0.67882245779037487 0.030945696868002418 0.17881379276514056 0.012172325048595669 28.364999771118168 13.34500026702881 0.24895396828651431 0.65822491049766552 0.95472949743270885 0.50531914830207836 0.022305703721940521 -0.054819783195853226 0.61818885803222667 -0.28290250897407526 0.020029208622872833 24.155976295471195 0.39744254946708685 0.67663240432739269 0.017634268850088123 0.23771850019693377 0.017951750196516517 0.94248589873313915 0.99667567014694225 0.017703884281218055 0.021050361916422847
decision_type=10 2 8 2 2 2 2 2 2 2 2 2 2 2 2 2 10 10 2 2 2 2 2 2 2 2 2 2 2 2 2 2 2 2 2 2 2
left_child=1 2 3 4 23 -6 7 10 20 12 -4 14 16 33 15 30 17 -3 -10 -18 -5 22 -14 -1 32 -9 28 -28 -17 -13 31 -2 -16 -11 -34 -26 -32
right_child=11 9 6 8 5 -7 -8 25 18 13 -12 29 21 -15 24 26 19 -19 -20 -21 -22 -23 -24 -25 35 -27 27 -29 -30 -31 36 -33 34 -35 -36 -37 -38
leaf_value=0.0055385002065779622 -0.0050422445738690647 -0.0017774496866933731 0.001844453232816239 0.0045064934654692607 -0.0010578936100466535 0.0049341863708526083 -0.004906263401817817 0.0080413753536968217 0.0017122864262110471 -0.0037952973951155752 -0.00090797177954252963 -0.0058487178766065172 -0.0011667871973404546 -0.0071496049355342997 -0.0041409239395767848 -0.0022825781879084253 -0.0050707484695365459 0.00049408466688895584 -0.00082536781047899601 -0.0012913976969741196 0.0022612950443311247 -0.0010298904817293774 -0.0050750922498298935 0.0085288039757230403 -0.0045366173664749153 0.003610155851048018 -0.0012836236416164184 -0.0030929176346683991 -0.004395265117808733 -0.0092007846515855668 -0.0063059050741472427 -0.0026938543887500351 -0.0067482901231133031 -0.0019077565456686568 -0.0050470002580086815 -0.0028077567311332501 -0.0046589676604683822
leaf_weight=110 181 218 1418 288 86 697 62 61 203 101 296 60 61 97 62 105 63 433 224 143 218 91 160 310 119 60 171 193 165 78 165 80 266 66 115 82 93
leaf_count=110 181 218 1418 288 86 697 62 61 203 101 296 60 61 97 62 105 63 433 224 143 218 91 160 310 119 60 171 193 165 78 165 80 266 66 115 82 93
internal_value=-8.26146e-05 0.00154684 0.00282664 0.00403677 0.00551919 0.00427325 0.0014593 0.00168257 0.00211272 -0.00205267 0.00136778 -0.0046813 -0.00145336 -0.00465658 -0.00442035 -0.003875 -0.000815824 -0.000269718 0.000382262 -0.0025082 0.00356019 -0.0031769 -0.00403087 0.00779283 -0.00537268 0.00599264 -0.0028532 -0.00226311 -0.00361144 -0.00790591 -0.00509773 -0.00436501 -0.00601344 -0.00310204 -0.00628082 -0.00388788 -0.00577645
internal_weight=7401 5466 4033 2136 1203 783 1897 1835 933 1433 1714 1935 1169 264 1797 1153 857 651 427 206 506 312 221 420 644 121 634 364 270 138 519 261 443 167 381 201 258
internal_count=7401 5466 4033 2136 1203 783 1897 1835 933 1433 1714 1935 1169 264 1797 1153 857 651 427 206 506 312 221 420 644 121 634 364 270 138 519 261 443 167 381 201 258
is_linear=0
shrinkage=0.02


Tree=13
num_leaves=34
num_cat=0
split_feature=49 36 34 38 43 53 34 39 38 53 30 9 12 49 40 37 36 43 38 34 4 11 13 13 53 16 17 43 40 26 8 45 39
split_gain=134.123 57.3102 14.2406 15.6299 12.9895 12.5155 8.65762 6.28714 5.84592 5.50272 4.62843 4.13412 3.77755 3.04778 2.77719 2.48819 2.33211 2.13217 1.90126 1.88384 1.85369 1.79528 1.20791 0.839037 1.0337 0.802686 0.77178 0.922317 0.723558 0.499467 0.776331 0.381942 0.30566
threshold=44.45000076293946 0.46466749906539923 0.10193343460559846 -0.076952494680881486 0.50578120350837719 0.81161421537399303 0.033701747655868537 0.51995486021041881 -0.10875179618597029 0.95476597547531139 0.038570325821638114 0.034931650385260589 -0.047882057726383202 46.930000305175788 0.95274025201797496 0.0089297234080731886 0.66837042570114147 -0.057602245360612862 -0.065217874944210039 1.0000000180025095e-35 0.36018402874469763 0.020225168205797676 -0.065926548093557344 -0.18983238190412519 1.0671114921569826 0.02702269330620766 1.0134119987487795 -0.082032445818185792 0.94447544217109691 0.0197077039629221 0.032648677006363876 0.52457812428474437 0.93962886929512035
decision_type=10 2 2 2 2 10 2 2 2 8 2 2 2 10 2 2 2 2 2 2 2 2 2 2 10 2 2 2 2 2 2 2 2
left_child=1 2 3 8 5 29 21 -5 14 -9 20 13 -10 17 -1 -12 -8 -2 -17 23 25 -7 -22 31 -25 -4 27 -21 -19 -3 -31 -15 -13
right_child=11 4 10 7 -6 6 16 9 12 -11 15 32 -14 19 -16 18 -18 28 -20 26 22 -23 -24 24 -26 -27 -28 -29 -30 30 -32 -33 -34
leaf_value=0.0044517459940599212 -0.0044528158782752899 0.00087577215131253957 0.004271864961172496 -2.7391749951574538e-05 -0.0077893410093620823 0.0020398152276394623 -0.0018881581341713453 0.0081780926669231552 -1.690670504467562e-05 0.0046219636999600784 0.0024359971950235573 -0.0062825733973130363 0.0045870350823653009 -0.0048208303253958898 0.0025088785191004631 0.001792803686894585 -0.0039625160462828362 0.00055453480286972532 -0.001529282997793186 -0.0057335120703203282 -0.0012706343814257593 -0.00040470963255769769 0.0020644321833664537 -0.0015505054699744851 -0.003944722928121069 0.0016262651125467582 -0.0067968484007096932 -0.0042440180575884986 -0.0020031487492844459 0.0036031809101518737 0.0011826831542277412 -0.0031783688755021391 -0.0094510981194556708
leaf_weight=628 103 60 198 60 110 172 504 430 373 322 112 64 85 257 591 83 397 80 345 337 60 380 138 144 160 68 119 498 92 207 78 114 60
leaf_count=628 103 60 198 60 110 172 504 430 373 322 112 64 85 257 591 83 397 80 345 337 60 380 138 144 160 68 119 498 92 207 78 114 60
internal_value=-7.05262e-05 0.00157615 0.00309795 0.00390857 -0.00120978 -0.000794392 -0.00160806 0.00618592 0.00279621 0.00668113 0.0010817 -0.00445233 0.000859658 -0.00420783 0.00351909 -0.000176556 -0.00281339 -0.0022168 -0.000874732 -0.00453864 0.00253992 0.000362097 0.00104495 -0.00368613 -0.00284011 0.00362494 -0.00512734 -0.00486473 -0.000818701 0.00261391 0.00296342 -0.00434836 -0.00801064
internal_weight=7429 5401 3493 2489 1908 1798 1453 812 1677 752 1004 2028 458 1904 1219 540 901 275 428 1629 464 552 198 675 304 266 954 835 172 345 285 371 124
internal_count=7429 5401 3493 2489 1908 1798 1453 812 1677 752 1004 2028 458 1904 1219 540 901 275 428 1629 464 552 198 675 304 266 954 835 172 345 285 371 124
is_linear=0
shrinkage=0.02


Tree=14
num_leaves=39
num_cat=0
split_feature=49 35 49 37 37 43 35 35 50 31 36 44 4 35 36 4 8 37 40 11 36 11 13 44 30 17 40 40 48 41 40 11 30 36 41 11 44 44
split_gain=125.92 60.4864 13.7392 14.9423 7.33051 5.81918 5.1768 4.65356 5.86427 4.49335 4.31668 3.21803 2.89141 2.66759 2.56511 3.95502 2.46753 1.82435 1.58129 1.55374 1.7848 1.41584 1.35224 1.30968 1.2956 1.21152 1.09281 0.838044 0.781748 0.712851 0.62584 0.482161 0.447611 0.437294 0.377668 0.272678 0.173158 0.0728601
threshold=44.45000076293946 0.32504893839359289 30.645000457763675 0.017959102988243106 0.0097050066106021422 0.54260322451591503 0.15908209979534152 0.24234795570373538 6.2650001049041757 0.7393578588962556 0.67882245779037487 0.030739795416593555 0.77479371428489696 0.092585917562246337 0.20506573468446734 0.012172325048595669 0.026864993385970596 0.027774881571531299 0.8759770691394807 0.020489862188696865 0.49564366042613989 0.020119541324675087 -0.13518542051315305 0.022240991704165939 -0.10849095880985259 0.41136138141155248 1.1378358602523806 0.99667567014694225 0.27622890472412115 0.65892279148101818 0.84836032986640941 0.017418403178453449 0.073128577321767821 -0.034826697781682008 0.61818885803222667 0.021050361916422847 0.017534592188894752 0.017995255999267105
decision_type=10 2 8 2 2 2 2 2 8 2 2 2 2 2 2 2 2 2 2 2 2 2 2 2 2 2 2 2 2 2 2 2 2 2 2 2 2 2
left_child=1 2 3 4 16 10 18 8 12 -6 19 14 -4 -10 15 31 -1 29 -5 25 -21 28 30 -24 -8 -3 34 -23 -9 -12 -17 33 -13 -2 37 -33 -36 -16
right_child=11 5 7 6 9 -7 24 21 13 -11 17 32 -14 -15 26 22 -18 -19 -20 20 -22 27 23 -25 -26 -27 -28 -29 -30 -31 -32 35 -34 -35 36 -37 -38 -39
leaf_value=0.0034414110880448584 -0.0052047294501553877 -0.0022484635557445099 0.0010160078889225529 0.0049344817855871753 0.0081629013689896897 -0.0072321759925223885 0.0019765851019436253 0.0022916912933360436 0.0050651728835392129 0.0051597397934673639 -0.0044501798723983535 -0.0053983506213814494 -0.0029088656343198536 0.0024037929132012348 -0.0044466559911379589 -0.0051211860063433484 -0.0010067329611679141 -0.00041527388486507777 0.0025155058445417186 -0.00060061747403544134 -0.0044630420858040448 -0.0037513230735128412 -0.0023228586770429201 0.00061620808596332633 -0.00036544913624142326 -0.00011477591992121929 -0.0026101279832737544 -0.00073591898386527247 -0.00076690641758697371 -0.002019758653085861 -0.0029342407833236818 -0.0061802843343466531 -0.0085538555469363928 -0.0033161774730506746 -0.0051117023705943097 -0.0043730660113372975 -0.0031128727800789329 -0.0060754282412496391
leaf_weight=177 107 126 544 171 310 77 135 61 196 665 269 60 84 704 61 86 67 71 336 100 92 67 357 71 296 618 68 84 67 70 202 166 77 159 65 102 60 343
leaf_count=177 107 126 544 171 310 77 135 61 196 665 269 60 84 704 61 86 67 71 336 100 92 67 357 71 296 618 68 84 67 70 202 166 77 159 65 102 60 343
internal_value=-3.11595e-05 0.00155522 0.00282456 0.0039021 0.00536144 -0.00197852 0.00199347 0.00153343 0.00196678 0.00613772 -0.00166182 -0.00433489 0.000478106 0.00299939 -0.00410109 -0.0035645 0.00221855 -0.00336712 0.00335756 -0.00090541 -0.00249668 -0.000832031 -0.00257154 -0.00183209 0.000374423 -0.000485044 -0.00519952 -0.00212739 0.000702174 -0.00397337 -0.00363679 -0.00487222 -0.00732432 -0.00412915 -0.00551389 -0.00555218 -0.00425552 -0.00586655
internal_weight=7371 5387 3964 2157 1219 1423 938 1807 1528 975 1346 1984 628 900 1847 1250 244 410 507 936 192 279 716 428 431 744 597 151 128 339 288 534 137 266 529 268 125 404
internal_count=7371 5387 3964 2157 1219 1423 938 1807 1528 975 1346 1984 628 900 1847 1250 244 410 507 936 192 279 716 428 431 744 597 151 128 339 288 534 137 266 529 268 125 404
is_linear=0
shrinkage=0.02


Tree=15
num_leaves=35
num_cat=0
split_feature=49 35 37 49 35 17 36 43 52 36 9 48 49 49 30 47 43 46 53 36 3 34 50 30 6 31 39 47 30 43 5 17 53 17
split_gain=125.437 60.3998 12.2186 12.7101 9.9524 8.62686 7.36756 5.8159 5.31462 4.10889 3.48657 2.9735 2.78651 2.7858 2.25277 2.20999 2.1586 2.05717 1.99373 2.12152 1.71332 1.57318 1.55098 1.54996 0.873822 0.862422 0.780435 0.754334 0.696012 0.689919 1.13493 0.623328 0.220735 0.176522
threshold=44.45000076293946 0.32504893839359289 0.017834716476500038 20.880000114440922 0.12673792243003848 1.2840398550033572 0.36398039758205419 0.54260322451591503 4.3949999809265146 0.67882245779037487 0.036416299641132362 0.14343360066413882 46.930000305175788 38.465000152587898 0.32600030303001409 0.63811445236206066 -0.057602245360612862 0.1241746135056019 0.47565197944641119 0.49564366042613989 -0.041670169681310647 1.0000000180025095e-35 1.8550000190734866 0.12080404907464982 0.053400173783302314 0.37285922467708593 0.9922311305999757 0.61023476719856273 0.049882832914590843 -0.098728924989700304 0.99752396345138561 0.71890461444854747 1.0671114921569826 0.17624299973249438
decision_type=10 2 2 8 2 2 2 2 8 2 2 2 10 10 2 2 2 2 8 2 2 2 10 2 2 2 2 2 2 2 2 2 10 2
left_child=1 2 3 5 8 6 -1 9 15 18 12 28 16 14 -5 -4 -2 -13 -3 -20 -15 25 24 -10 -11 32 -27 -24 -6 33 -31 -18 -14 -23
right_child=10 7 4 13 11 -7 -8 -9 23 22 -12 17 21 20 -16 -17 31 -19 19 -21 -22 29 27 -25 -26 26 -28 -29 -30 30 -32 -33 -34 -35
leaf_value=0.0068607190231723464 -0.0044496797068837891 0.0021963220885350041 0.0027916707492606479 0.0033881759913343512 0.0043833266077431994 -0.0014036287160156524 0.0031710173964622302 -0.0072276576487701151 0.0057216312720262622 -0.0034384364981907517 -0.0077724189998301784 -0.0032397042871797799 -0.0039665895563257107 -0.0016974343927029301 -0.00013193041187795724 0.00039584180721738042 -0.0019713062144374768 0.00011780588249382124 -0.00031138702266455702 -0.0023099137206381124 0.001595305479950754 -0.0065870389924954174 -0.00053083814616951329 0.0027243352800055787 -0.0062760619166698575 -0.003807265512456956 -0.0019966793588300225 -0.0033715161421883199 0.0013565770896259122 -0.0039110119029234017 -0.0059654852321713104 0.0003468653934490918 -0.0056885410283726671 -0.0050809728262371364
leaf_weight=751 105 74 460 471 68 70 317 76 280 193 110 78 159 99 85 234 92 733 503 368 163 136 98 105 66 227 191 60 62 461 166 88 78 185
leaf_count=751 105 74 460 471 68 70 317 76 280 193 110 78 159 99 85 234 92 733 503 368 163 136 98 105 66 227 191 60 62 461 166 88 78 185
internal_value=-1.04182e-05 0.00157013 0.00284011 0.00396698 0.00174419 0.00533325 0.00577844 -0.00193922 0.0030525 -0.00162815 -0.00428968 0.000238011 -0.00407422 0.00205246 0.00285042 0.00199047 -0.00220929 -0.000214633 -0.000891796 -0.00116194 0.000342198 -0.00440043 -0.0032762 0.00493415 -0.00422894 -0.00360089 -0.00300244 -0.00165851 0.00301048 -0.00493869 -0.00448234 -0.000845406 -0.0046015 -0.00577723
internal_weight=7412 5414 3976 1956 2020 1138 1068 1438 1079 1362 1998 941 1888 818 556 694 285 811 945 871 262 1603 417 385 259 655 418 158 130 948 627 180 237 321
internal_count=7412 5414 3976 1956 2020 1138 1068 1438 1079 1362 1998 941 1888 818 556 694 285 811 945 871 262 1603 417 385 259 655 418 158 130 948 627 180 237 321
is_linear=0
shrinkage=0.02


Tree=16
num_leaves=32
num_cat=0
split_feature=49 35 17 49 34 38 43 35 50 36 9 8 36 4 53 36 2 53 14 11 13 48 44 11 17 11 8 40 40 46 31
split_gain=116.141 59.5529 13.2481 10.7054 10.398 13.8624 5.61453 5.0919 5.1161 4.61669 3.31022 2.83211 2.37474 3.78608 1.76762 2.22602 1.58949 1.55124 1.2324 1.17668 1.05757 0.558857 0.613078 0.458169 0.586252 0.423927 0.23562 0.200727 0.150555 0.138754 0.0927482
threshold=44.45000076293946 0.32504893839359289 1.6026443839073183 30.645000457763675 0.12035785242915155 -0.079522371292114244 0.54260322451591503 0.24461869150400165 6.2650001049041757 0.67882245779037487 0.036416299641132362 0.027115667238831524 0.22093905508518222 0.012172325048595669 0.47565197944641119 0.49564366042613989 0.17471525073051455 1.0395900607109072 0.19057226926088336 0.020119541324675087 -0.17282659560441968 0.3706896454095841 0.021448262967169288 0.017634268850088123 0.23771850019693377 0.021050361916422847 0.025894439779222015 0.82667559385299694 1.0944007039070132 0.41966252028942114 1.1108971238136294
decision_type=10 2 2 8 2 2 2 2 8 2 2 2 2 2 8 2 2 10 2 2 2 2 2 2 2 2 2 2 2 2 2
left_child=1 2 3 4 5 -1 9 8 -5 14 12 -6 13 23 -3 -16 18 20 -11 -9 -15 27 28 24 -2 -25 -19 -14 -23 -18 -24
right_child=10 6 -4 7 11 -7 -8 19 -10 16 -12 -13 21 17 15 -17 29 26 -20 -21 -22 22 30 25 -26 -27 -28 -29 -30 -31 -32
leaf_value=0.0031586894397779702 -0.0047324914628367751 0.0019123662887936142 -0.0062828902169130745 0.00078010023559872352 0.0031612018369609023 0.0070853677710596488 -0.007073657290237706 0.00046635166030819917 0.0031275066482529946 -0.0045243662008900695 -0.0075839547915716801 0.00041228214445496528 -0.0044255615430610143 -0.0033277739523042294 -0.00028142942381644681 -0.002316561051030056 -0.0060871416699530469 -0.0031160405114418468 -0.0015065777733379558 -0.0023023755258672605 -0.0013681356785578383 -0.0040004959010277634 -0.0042099213996843899 -0.0061443607247222646 -0.0025666070040658508 -0.0041374413038011296 -0.004815430781911486 -0.0064480343362533611 -0.0024563722939445424 -0.0041504456024408212 -0.0060815705886667539
leaf_weight=897 175 79 61 627 270 610 79 119 922 78 109 337 65 158 502 376 64 101 185 121 389 132 61 164 92 107 101 160 62 84 94
leaf_count=897 175 79 61 627 270 610 79 119 922 78 109 337 65 158 502 376 64 101 185 121 389 132 61 164 92 107 101 160 62 84 94
internal_value=-2.15013e-05 0.00149226 0.00275953 0.00290582 0.00386979 0.0047597 -0.00197722 0.00176161 0.00218132 -0.00166734 -0.00417579 0.0016462 -0.00396375 -0.0034662 -0.000899255 -0.00115902 -0.00343391 -0.00252653 -0.00244628 -0.000936624 -0.00195106 -0.00505381 -0.00443772 -0.00475127 -0.00402671 -0.00540959 -0.00402865 -0.00593407 -0.00355701 -0.00509886 -0.00544524
internal_weight=7381 5411 3964 3903 2114 1507 1447 1789 1549 1368 1970 607 1861 1287 957 878 411 749 263 240 547 574 349 538 267 271 202 225 194 148 155
internal_count=7381 5411 3964 3903 2114 1507 1447 1789 1549 1368 1970 607 1861 1287 957 878 411 749 263 240 547 574 349 538 267 271 202 225 194 148 155
is_linear=0
shrinkage=0.02


Tree=17
num_leaves=37
num_cat=0
split_feature=49 35 5 37 49 35 36 49 52 54 9 30 48 36 4 41 9 30 53 44 17 36 20 41 47 37 30 40 11 53 41 40 24 6 39 30
split_gain=114.048 55.361 12.6538 13.7615 12.6177 9.49233 7.30259 4.43748 4.19407 3.61289 3.48249 2.74231 2.62522 2.47865 3.63287 2.06488 2.06287 1.56031 1.40316 1.30341 1.20386 0.967135 0.917093 0.855849 0.801393 0.820846 0.483496 0.463854 0.403505 0.48717 0.373927 0.225815 0.211949 0.159337 0.140801 0.0887821
threshold=44.45000076293946 0.32504893839359289 1.6258731484413149 0.017834716476500038 20.880000114440922 0.12521673738956454 0.36250869929790502 12.944999694824221 4.3949999809265146 0.40025000274181372 0.034931650385260589 -0.34266270697116846 0.14343360066413882 0.19828314334154132 0.012172325048595669 0.43747842311859136 0.034294392913579948 0.19808395206928256 1.0395900607109072 0.026813792064785961 0.42215247452259069 0.49709719419479376 0.34576964378356939 0.60241273045539867 0.27622890472412115 0.017792154103517536 -0.26570364832878107 0.85578796267509472 0.017418403178453449 0.74408572912216198 0.37863183021545416 0.93360039591789257 28.542794227600101 0.026536669582128528 0.99546533823013317 0.321046993136406
decision_type=10 2 2 2 8 2 2 8 8 8 2 2 2 2 2 2 2 2 10 2 2 2 2 2 2 2 2 2 2 10 2 2 2 2 2 2
left_child=1 2 3 4 6 8 -1 15 -5 19 13 -6 -7 14 28 17 20 -3 22 32 -11 -18 -16 26 -17 -26 -15 -28 29 -2 -12 -30 -9 -25 -20 -35
right_child=10 7 -4 5 11 12 -8 9 -10 16 30 -13 -14 23 18 24 21 -19 34 -21 -22 -23 -24 33 25 -27 27 -29 31 -31 -32 -33 -34 35 -36 -37
leaf_value=0.0065047419139494999 -0.0046333413711772903 -0.0076988148921575969 -0.0058660900192335245 0.0019875863633068975 0.003552320701722345 0.0028482184119918564 0.0029713475287877333 0.0015586474937874647 0.0046168564802226732 -0.0027499214992673261 -0.0056519367436926315 0.0011504300734034006 -0.00024832015860919902 -0.0034613349843947662 -0.0022673521678260233 -0.00072758172929468675 -0.0017846682305680587 -0.0034244929878093468 -0.0046769506457408792 -0.00086164729744195941 -0.00057295188287138563 -0.0044237765511775861 -0.00014533545326916143 -0.0046622912294665966 -0.0021164141673767982 -0.0049493785417505671 -0.0044737908753721663 -0.0064072317442051691 -0.0038710497529629395 -0.0026977575694296608 -0.0087767274470534184 -0.0055916731312729744 0.0034113758659223095 -0.0037849129924879357 -0.0029747558199363111 -0.0023553920062059268
leaf_weight=775 153 68 65 673 319 124 348 60 387 129 65 480 791 60 452 79 109 86 92 67 461 131 101 72 126 67 117 233 82 111 61 208 61 65 63 67
leaf_count=775 153 68 65 673 319 124 348 60 387 129 65 480 791 60 452 79 109 86 92 67 461 131 101 72 126 67 117 233 82 111 61 208 61 65 63 67
internal_value=-2.86699e-05 0.00148145 0.0027029 0.00285048 0.00405514 0.00167328 0.00542152 -0.00186789 0.00295878 -0.00114329 -0.00410305 0.00212033 0.000178167 -0.00387365 -0.00334674 -0.003577 -0.00171009 -0.00542927 -0.0023775 0.0013414 -0.00106212 -0.00326613 -0.00188446 -0.00493347 -0.00247686 -0.00316568 -0.00549401 -0.00580726 -0.00456414 -0.00386272 -0.00734141 -0.00515318 0.00256067 -0.00373876 -0.00406104 -0.0031352
internal_weight=7408 5406 3962 3897 1922 1975 1123 1444 1060 1018 2002 799 915 1876 1262 426 830 154 708 188 590 240 553 614 272 193 410 350 554 264 126 290 121 204 155 132
internal_count=7408 5406 3962 3897 1922 1975 1123 1444 1060 1018 2002 799 915 1876 1262 426 830 154 708 188 590 240 553 614 272 193 410 350 554 264 126 290 121 204 155 132
is_linear=0
shrinkage=0.02


Tree=18
num_leaves=33
num_cat=0
split_feature=49 35 5 49 37 36 24 20 35 35 44 9 53 36 36 4 30 40 53 52 33 44 29 43 29 11 2 44 39 8 44 11
split_gain=108.194 51.5015 12.7365 11.932 14.0429 6.06757 5.29953 5.05008 4.8474 3.8459 3.52025 3.07819 2.50631 3.25482 1.85636 2.96132 1.42122 1.10258 0.935795 0.886758 0.697245 0.692362 0.68071 0.792918 0.571109 0.405161 0.563296 0.307983 0.294434 0.111915 0.111295 0.0653432
threshold=45.494998931884773 0.32504893839359289 1.6258731484413149 30.645000457763675 0.017959102988243106 0.36398039758205419 48.56159973144532 0.67933067679405224 0.15615195780992511 0.23327237367630008 0.030945696868002418 0.03461569361388684 0.47565197944641119 0.49564366042613989 0.17881379276514056 0.012172325048595669 -0.26570364832878107 1.1494450569152834 1.0395900607109072 0.32500000298023229 -0.001086576434317976 0.020900421775877479 0.06238845922052861 0.27017658948898321 0.057043205946683891 0.017634268850088123 -0.025175389833748337 0.017951750196516517 0.77574965357780468 0.025105178356170658 0.015640539117157463 0.021050361916422847
decision_type=10 2 2 8 2 2 2 2 2 2 2 2 8 2 2 2 2 2 10 10 2 2 2 2 2 2 2 2 2 2 2 2
left_child=1 2 3 4 5 -1 9 12 -6 -5 22 14 -3 20 15 25 -8 27 24 -12 -14 -15 -9 -24 -17 26 -2 30 -29 -20 -16 -27
right_child=11 7 -4 6 8 -7 16 10 -10 -11 19 -13 13 21 17 18 -18 -19 29 -21 -22 -23 23 -25 -26 31 -28 28 -30 -31 -32 -33
leaf_value=0.0060089852427266093 -0.0027099429044240282 0.0026310615004782657 -0.0060157899806356956 0.0016619941121776478 0.0031474939538696368 0.0028313183205361881 0.0076899873931847865 -0.0039065166438122592 0.00022129677213404011 -0.00074296940234329031 -0.0073150619701832864 -0.0072974558001122451 -0.00085964670786489315 -0.00099564507486121301 -0.0049747767538735358 -0.0015168861684091556 0.0030825770595480522 -0.0020680900502484294 -0.0029554150504628555 -0.0040015980966294868 0.00078383101173886305 -0.0027560560977113887 -0.0026607592023065079 -0.00023591933344876525 -0.0030509221011415025 -0.0056538723872307647 -0.0047447105237745308 -0.0064949596930967005 -0.0049262147531997213 -0.0044985644430188196 -0.003384810309929466 -0.0042678393274833701
leaf_weight=861 120 66 66 1452 493 347 60 72 419 323 90 118 190 123 63 330 60 61 74 76 219 404 125 96 148 159 144 119 308 81 100 94
leaf_count=861 120 66 66 1452 493 347 60 72 419 323 90 118 190 123 63 330 60 61 74 76 219 404 125 96 148 159 144 119 308 81 100 94
internal_value=-5.3155e-05 0.00136411 0.00251735 0.00266225 0.00369301 0.0051063 0.00150457 -0.0018551 0.00180934 0.00122328 -0.00358734 -0.00414241 -0.00105226 -0.00132063 -0.00392335 -0.00341627 0.00552579 -0.00479781 -0.00247525 -0.00590193 1.72298e-05 -0.00235503 -0.00222609 -0.00162917 -0.00201 -0.00454558 -0.0038644 -0.00506646 -0.005408 -0.00383827 -0.00408416 -0.00519886
internal_weight=7461 5542 4081 4015 2120 1208 1895 1461 912 1775 459 1919 1002 936 1801 1150 120 651 633 166 409 527 293 221 478 517 264 590 427 155 163 253
internal_count=7461 5542 4081 4015 2120 1208 1895 1461 912 1775 459 1919 1002 936 1801 1150 120 651 633 166 409 527 293 221 478 517 264 590 427 155 163 253
is_linear=0
shrinkage=0.02


Tree=19
num_leaves=35
num_cat=0
split_feature=53 36 53 36 38 31 37 37 38 48 30 32 44 36 43 34 36 37 13 41 29 30 24 29 4 29 47 29 3 48 29 24 45 29
split_gain=33.3925 29.733 31.4948 23.9984 21.5189 11.0984 10.2097 7.708 4.4536 3.66511 4.87098 2.81947 2.76092 2.69759 2.19916 2.18569 2.21302 2.15117 2.06975 1.71808 1.38367 1.17972 1.08127 1.08054 1.13844 0.983382 0.711783 0.622685 0.672761 0.555593 0.54493 0.451084 0.414826 0.377634
threshold=2.4511772394180302 0.15162602066993716 1.0303152203559878 0.64435288310050975 -0.11605107039213179 4.4905183315277108 0.012530152685940267 0.015759884379804138 -0.173529177904129 0.16269258409738543 -0.15157141536474225 1.2528066635131838 0.031438833102583892 0.67452606558799755 0.49388681352138525 -0.011087510269135235 0.35348801314830786 0.021657153032720092 -0.17282659560441968 0.60991528630256664 0.058685801923275001 0.063885197043418898 25.184817314147953 0.060972439125180251 0.4285635799169541 0.0499690379947424 0.45689655840396887 0.071675296872854247 0.083226203918457045 0.69589141011238109 0.048121737316250808 21.350328445434574 0.54310345649719249 0.042927900329232223
decision_type=8 2 10 2 2 2 2 2 2 2 2 2 2 2 2 2 2 2 2 2 2 2 2 2 2 2 2 2 2 2 2 2 2 2
left_child=1 18 3 5 17 6 -3 19 21 10 25 15 13 -5 -9 22 -17 26 27 -6 30 -2 -11 -13 -25 -10 -4 28 32 -22 33 -23 -1 -20
right_child=8 2 4 12 7 -7 -8 14 9 11 -12 23 -14 -15 -16 16 -18 -19 20 -21 29 31 -24 24 -26 -27 -28 -29 -30 -31 -32 -33 -34 -35
leaf_value=-0.0047082329570353127 0.0070528933041978902 4.2987836000633493e-05 0.0026795233341856536 0.0010937609113752843 -0.0052758568697454135 -0.0057096580670160406 0.0033056840267022629 -0.0014748190648535102 0.0042761629747656675 0.0024175296325577044 0.00089146448315095611 -0.0026802080399320962 -0.0056413227429066119 -0.0030774077990647864 -0.0053118762897757374 0.00042934417449514318 0.0025602202280668009 0.00012130021136024117 -0.0017525151055777753 -0.002982399350658217 -0.0030490831501894197 0.0048312761233384278 0.0050153606471613843 0.0016758221092579117 -0.0017423975680333874 0.0080896398640059042 0.0051733151219253027 -0.0064098262491134499 -0.0019169555429428343 -0.0056801754072278981 -0.00059586010685130756 0.0022525678371921893 -0.0033067767578373515 -0.0036282181791423384
leaf_weight=396 79 508 104 83 448 65 1573 892 62 183 106 62 111 225 62 430 358 78 155 209 109 73 110 99 60 81 109 62 60 60 106 60 163 68
leaf_count=396 79 508 104 83 448 65 1573 892 62 183 106 62 111 225 62 430 358 78 155 209 109 73 110 99 60 81 109 62 60 60 106 60 163 68
internal_value=-4.26802e-05 -0.000793222 -4.65767e-05 0.00139867 -0.00199526 0.00225382 0.0025109 -0.00289958 0.00235763 0.00197757 0.00419306 0.00154444 -0.00296374 -0.00195044 -0.0017411 0.00196452 0.00140474 0.00298621 -0.00361397 -0.00456467 -0.0026004 0.0050671 0.00343715 -0.000504691 0.000371375 0.00656493 0.00401445 -0.00433906 -0.00410013 -0.00407179 -0.0018116 0.00375065 -0.00432119 -0.00236947
internal_weight=7409 5646 4467 2565 1902 2146 2081 1611 1763 1551 249 1302 419 308 954 1081 788 291 1179 657 498 212 293 221 159 143 213 681 619 169 329 133 559 223
internal_count=7409 5646 4467 2565 1902 2146 2081 1611 1763 1551 249 1302 419 308 954 1081 788 291 1179 657 498 212 293 221 159 143 213 681 619 169 329 133 559 223
is_linear=0
shrinkage=0.02


Tree=20
num_leaves=32
num_cat=0
split_feature=49 35 49 37 17 36 17 24 20 35 35 9 44 40 53 36 49 43 34 17 43 45 43 31 17 45 24 17 43 17 30
split_gain=100.473 47.655 11.4232 11.0698 7.86283 5.34024 5.09024 5.46664 4.5113 4.46195 4.00733 2.97989 2.65813 2.64694 2.31475 2.71408 2.162 1.93792 1.77624 1.34515 1.26037 1.06867 0.877412 0.857861 1.06104 0.812907 0.615346 0.602383 0.967899 0.587275 0.19054
threshold=44.45000076293946 0.32504893839359289 30.645000457763675 0.017959102988243106 1.2840398550033572 0.39601476490497595 1.1146008372306826 48.56159973144532 0.67933067679405224 0.17853438109159472 0.2396861016750336 0.036416299641132362 0.028047688305377964 0.8759770691394807 0.47565197944641119 0.49564366042613989 46.930000305175788 -0.057602245360612862 1.0000000180025095e-35 0.47199693322181707 0.50578120350837719 0.82868674397468578 0.27017658948898321 0.38355791568756109 0.45243339240551 0.19057226926088336 38.035125732421882 1.0134119987487795 -0.098728924989700304 1.0082267522811892 -0.18220850080251691
decision_type=10 2 8 2 2 2 2 2 2 2 2 2 2 2 8 2 10 2 2 2 2 2 2 2 2 2 2 2 2 2 2
left_child=1 2 3 4 5 -1 7 10 14 13 -4 16 22 -5 -3 19 17 -2 23 -16 29 -11 -10 30 -25 -17 -19 28 -20 -14 -18
right_child=11 8 6 9 -6 -7 -8 -9 12 21 -12 -13 20 -15 15 25 18 26 27 -21 -22 -23 -24 24 -26 -27 -28 -29 -30 -31 -32
leaf_value=0.005720126194314069 -0.004140585529272045 0.0025369981896664414 0.001676789813311651 0.0049532249771247344 -0.001950153876520584 0.0020663066891147127 -0.0041643334669562481 0.0056844734083626326 -0.00266077219919668 0.00069199170555110049 -0.00096664442888728789 -0.0070713924640970951 -0.0046492242725417673 0.001965965452068679 -0.001758208821345761 -0.0033631448049473178 -0.0047863881668537599 0.00022019857968399791 -0.0052036957347270053 0.00069296908537905472 -0.0070333009942869342 -0.0019494750847745884 5.1407575327903033e-05 -0.00095599066819572313 -0.0031843685533949422 -0.001624710167711938 -0.0021838548699503434 -0.0059598973289492633 -0.0036925125251863608 -0.0021114097941252923 -0.0033321126332482571
leaf_weight=971 102 67 1366 182 65 198 62 116 119 312 273 110 110 358 125 167 114 111 309 295 72 73 77 129 282 342 65 121 532 69 133
leaf_count=971 102 67 1366 182 65 198 62 116 119 312 273 110 110 358 125 167 114 111 309 295 72 73 77 129 282 342 65 121 532 69 133
internal_value=-3.57083e-05 0.00138028 0.0025098 0.00349306 0.00473251 0.00510899 0.00133709 0.00153878 -0.00173001 0.00182853 0.00123492 -0.00385391 -0.00339418 0.00299643 -0.00097419 -0.00123584 -0.00365605 -0.00198634 -0.00393776 -4.14798e-05 -0.0047515 0.000177364 -0.00160554 -0.00310123 -0.00249936 -0.0022134 -0.000683796 -0.00449749 -0.00426546 -0.00372738 -0.0040567
internal_weight=7427 5419 3976 2159 1234 1169 1817 1755 1443 925 1639 2008 447 540 996 929 1898 278 1620 420 251 385 196 658 411 509 176 962 841 179 247
internal_count=7427 5419 3976 2159 1234 1169 1817 1755 1443 925 1639 2008 447 540 996 929 1898 278 1620 420 251 385 196 658 411 509 176 962 841 179 247
is_linear=0
shrinkage=0.02


Tree=21
num_leaves=35
num_cat=0
split_feature=49 35 49 37 40 49 35 20 35 50 29 44 44 53 36 24 54 40 43 53 30 13 24 41 43 45 46 29 30 29 41 34 11 40
split_gain=98.3386 45.8696 11.1192 11.5495 6.14594 5.05245 4.71347 4.41604 4.04182 5.67239 5.85361 2.92426 2.4637 2.19394 2.26546 2.17686 1.8993 1.57082 1.48578 1.59529 1.36222 1.2582 1.18243 1.17715 0.931959 0.811114 0.774668 0.75166 0.729237 0.575414 0.566095 0.536519 0.513842 0.230033
threshold=44.45000076293946 0.32504893839359289 30.645000457763675 0.017959102988243106 0.74484241008758556 16.000000476837162 0.15615195780992511 0.67933067679405224 0.24234795570373538 6.2650001049041757 0.089636355638504042 0.030739795416593555 0.030945696868002418 0.47565197944641119 0.49564366042613989 48.56159973144532 2.3574999570846562 0.8759770691394807 -0.093014068901538835 0.85306793451309215 -0.10849095880985259 -0.13518542051315305 40.075763702392585 0.55429899692535411 0.39618501067161566 0.63811445236206066 0.52457812428474437 0.064659994095563902 0.0090954662300646322 0.074684072285890593 0.70348003506660473 0.0084783365018665808 0.017984333448112014 1.1494450569152834
decision_type=10 2 8 2 2 10 2 2 2 8 2 2 2 8 2 2 10 2 2 10 2 2 2 2 2 2 2 2 2 2 2 2 2 2
left_child=1 2 3 4 -1 -6 17 13 9 10 -4 16 26 -3 28 -11 18 -5 31 21 -8 -20 30 -21 -14 -16 -9 -28 -15 -13 -10 32 -2 -33
right_child=11 7 8 6 5 -7 20 12 22 15 -12 29 24 14 25 -17 -18 -19 19 23 -22 -23 -24 -25 -26 -27 27 -29 -30 -31 -32 33 -34 -35
leaf_value=0.00035837017042824064 -0.0026982475788056032 0.0024534524282781591 0.00096172154064036236 0.004659332910922972 0.003588613057485637 0.006370295956049956 0.001880529698723441 -0.0041443079741438852 -0.00082613509359046619 0.0023787400717413007 -0.0049185339893129737 -0.0047739181417685286 -0.0035347695025889311 0.000922958310082322 -0.0023719199798857937 0.0056604292811375237 -0.0011396383142965221 0.0022335718232279322 -0.0033723451098185975 -0.0048616491953513644 -0.00051358876406276211 -0.0013124032007430547 0.0014998148271170933 -0.0030585861248444892 -0.0068539175023768278 8.2074561289378569e-05 -0.0034552935625589082 -0.00085121000277087883 -0.00077102961677220807 -0.0080257920058300868 -0.0030037423098193744 -0.0055377894052572856 -0.0047161797778116485 -0.0037028036594719572
leaf_weight=118 117 68 558 168 479 626 135 61 140 807 74 62 82 165 452 90 119 327 275 337 302 221 60 307 81 60 60 166 254 75 74 271 129 65
leaf_count=118 117 68 558 168 479 626 135 61 140 807 74 62 82 165 452 90 119 327 275 337 302 221 60 307 81 60 60 166 254 75 74 271 129 65
internal_value=-4.08236e-05 0.00135505 0.00246926 0.00343869 0.00471614 0.00517836 0.00175154 -0.00168658 0.00130624 0.00170692 0.000251651 -0.00385332 -0.00332662 -0.000939077 -0.00119502 0.00272689 -0.00363076 0.00308198 -0.00380005 -0.00335574 0.000231519 -0.00246992 -0.000920351 -0.00402183 -0.00528424 -0.0020836 -0.00216819 -0.00158314 -9.97574e-05 -0.00669512 -0.00161486 -0.00464696 -0.00380452 -0.00522167
internal_weight=7385 5407 3958 2155 1223 1105 932 1449 1803 1529 632 1978 450 999 931 897 1841 495 1722 1140 437 496 274 644 163 512 287 226 419 137 214 582 246 336
internal_count=7385 5407 3958 2155 1223 1105 932 1449 1803 1529 632 1978 450 999 931 897 1841 495 1722 1140 437 496 274 644 163 512 287 226 419 137 214 582 246 336
is_linear=0
shrinkage=0.02


end of trees

feature_importances:
tpp_day1_weighted_average=60
universe58_loo_log_return_60=55
universe58_loo_log_return_126=54
tpp_day1_rate_change_volatility_20=44
source_beta_universe58_252=43
source_momentum_12_1=38
universe58_loo_realized_volatility_20=35
source_residual_momentum_126=34
source_idiosyncratic_volatility_60=33
source_return_skewness_60=32
source_correlation_universe58_60=29
source_realized_volatility_60=27
source_downside_volatility_60=24
source_distance_from_252_session_low=22
source_log_return_126=19
source_max_daily_log_return_20=18
cross_section_beta_60_percentile=18
source_drawdown_from_252_session_peak=17
universe58_loo_log_return_20=16
universe58_loo_drawdown_252=15
source_adx_14=14
source_realized_volatility_20=11
source_beta_universe58_60=11
source_log_return_60=10
cross_section_momentum_126_percentile=10
tpp_day1_rate_change_1_observed=10
source_close_ma200_ratio=8
cross_section_momentum_252_percentile=8
tpp_day1_rate_vs_ma20=8
cross_section_volatility_60_percentile=7
source_downside_volatility_20=5
tpp_day1_rate_change_20_observed=5
source_log_return_20=4
source_intraday_log_range=4
source_drawdown_from_60_session_peak=4
source_ma5_ma20_ratio=4
source_bollinger_bandwidth_20=4
source_volatility_ratio_20_60=4
source_log_return_252=3
cross_section_return_dispersion=3
cross_section_momentum_20_percentile=2
source_close_ma50_ratio=2
universe58_loo_log_return_1=2
source_residual_momentum_20=2
tpp_day1_rate_change_5_observed=2
source_rsi_14=1
source_parkinson_volatility_20=1

parameters:
[boosting: gbdt]
[objective: huber]
[metric: huber]
[tree_learner: serial]
[device_type: cpu]
[data_sample_strategy: bagging]
[data: ]
[valid: ]
[num_iterations: 22]
[learning_rate: 0.02]
[num_leaves: 47]
[num_threads: 12]
[seed: 62159]
[deterministic: 1]
[force_col_wise: 1]
[force_row_wise: 0]
[histogram_pool_size: -1]
[max_depth: 6]
[min_data_in_leaf: 60]
[min_sum_hessian_in_leaf: 0.001]
[bagging_fraction: 0.9]
[pos_bagging_fraction: 1]
[neg_bagging_fraction: 1]
[bagging_freq: 1]
[bagging_seed: 62159]
[bagging_by_query: 0]
[feature_fraction: 0.9]
[feature_fraction_bynode: 1]
[feature_fraction_seed: 62159]
[extra_trees: 0]
[extra_seed: 4567]
[early_stopping_round: 0]
[early_stopping_min_delta: 0]
[first_metric_only: 0]
[max_delta_step: 0]
[lambda_l1: 0.05]
[lambda_l2: 3]
[linear_lambda: 0]
[min_gain_to_split: 0]
[drop_rate: 0.1]
[max_drop: 50]
[skip_drop: 0.5]
[xgboost_dart_mode: 0]
[uniform_drop: 0]
[drop_seed: 31056]
[top_rate: 0.2]
[other_rate: 0.1]
[min_data_per_group: 100]
[max_cat_threshold: 32]
[cat_l2: 10]
[cat_smooth: 10]
[max_cat_to_onehot: 4]
[top_k: 20]
[monotone_constraints: ]
[monotone_constraints_method: basic]
[monotone_penalty: 0]
[feature_contri: ]
[forcedsplits_filename: ]
[refit_decay_rate: 0.9]
[cegb_tradeoff: 1]
[cegb_penalty_split: 0]
[cegb_penalty_feature_lazy: ]
[cegb_penalty_feature_coupled: ]
[path_smooth: 0]
[interaction_constraints: ]
[verbosity: -1]
[saved_feature_importance_type: 0]
[use_quantized_grad: 0]
[num_grad_quant_bins: 4]
[quant_train_renew_leaf: 0]
[stochastic_rounding: 1]
[linear_tree: 0]
[max_bin: 255]
[max_bin_by_feature: ]
[min_data_in_bin: 3]
[bin_construct_sample_cnt: 200000]
[data_random_seed: 62159]
[is_enable_sparse: 1]
[enable_bundle: 1]
[use_missing: 1]
[zero_as_missing: 0]
[feature_pre_filter: 1]
[pre_partition: 0]
[two_round: 0]
[header: 0]
[label_column: ]
[weight_column: ]
[group_column: ]
[ignore_column: ]
[categorical_feature: ]
[forcedbins_filename: ]
[precise_float_parser: 0]
[parser_config_file: ]
[objective_seed: 13798]
[num_class: 1]
[is_unbalance: 0]
[scale_pos_weight: 1]
[sigmoid: 1]
[boost_from_average: 1]
[reg_sqrt: 0]
[alpha: 0.9]
[fair_c: 1]
[poisson_max_delta_step: 0.7]
[tweedie_variance_power: 1.5]
[lambdarank_truncation_level: 30]
[lambdarank_norm: 1]
[label_gain: ]
[lambdarank_position_bias_regularization: 0]
[eval_at: ]
[multi_error_top_k: 1]
[auc_mu_weights: ]
[num_machines: 1]
[local_listen_port: 12400]
[time_out: 120]
[machine_list_filename: ]
[machines: ]
[gpu_platform_id: -1]
[gpu_device_id: -1]
[gpu_use_dp: 0]
[num_gpu: 1]

end of parameters

pandas_categorical:[]
