tree
version=v4
num_class=1
num_tree_per_iteration=1
label_index=0
max_feature_idx=48
objective=quantile
feature_names=source_log_return_1 source_log_return_5 source_log_return_20 source_log_return_60 source_log_return_126 source_log_return_252 source_intraday_log_range source_close_to_open_log_return source_realized_volatility_20 source_realized_volatility_60 source_downside_volatility_20 source_downside_volatility_60 source_drawdown_from_60_session_peak source_drawdown_from_252_session_peak cross_section_momentum_20_percentile cross_section_positive_return_breadth cross_section_return_dispersion source_momentum_12_1 source_ma5_ma20_ratio source_close_ma50_ratio source_close_ma200_ratio source_rsi_14 source_bollinger_pct_b_20 source_bollinger_bandwidth_20 source_adx_14 source_directional_index_spread_14 source_parkinson_volatility_20 source_overnight_gap_1 source_positive_day_ratio_20 source_max_daily_log_return_20 source_return_skewness_60 source_distance_from_252_session_low source_volatility_ratio_20_60 universe58_loo_log_return_1 universe58_loo_log_return_20 universe58_loo_log_return_60 universe58_loo_log_return_126 universe58_loo_realized_volatility_20 universe58_loo_drawdown_252 source_beta_universe58_60 source_beta_universe58_252 source_correlation_universe58_60 source_residual_momentum_20 source_residual_momentum_126 source_idiosyncratic_volatility_60 cross_section_momentum_126_percentile cross_section_momentum_252_percentile cross_section_volatility_60_percentile cross_section_beta_60_percentile
feature_infos=[-0.10537159442901611:0.095442883670330048] [-0.54819971323013306:0.44636186957359314] [-1.1351611614227295:1.077221155166626] [-1.1748896837234497:1.5560240745544434] [-1.0489567518234253:2.3170430660247803] [-0.89605218172073364:2.9264204502105713] [0:0.27988538146018982] [-0.16868740320205688:0.25632256269454956] [0.0056120613589882851:0.11531444638967514] [0.0079651456326246262:0.088721774518489838] [0.00095409812638536096:0.092050075531005859] [0.0056960904039442539:0.063900329172611237] [-0.71968960762023926:0] [-0.71968960762023926:0] [0.017241379246115685:1] [0.017241379246115685:1] [0.0096504408866167068:0.043657612055540085] [-0.84071391820907593:2.8910765647888184] [-0.47595494985580444:0.57290768623352051] [-0.62940984964370728:1.5476077795028687] [-0.57781422138214111:3.874976634979248] [0:100] [-0.36075755953788757:1.4438486099243164] [0.024132920429110527:1.7820020914077759] [6.9016203880310059:84.119827270507812] [-54.177944183349609:77.140235900878906] [0.0063288267701864243:0.099167443811893463] [-0.22113896906375885:0.095378585159778595] [0.10000000149011612:0.89999997615814209] [0.005115102045238018:0.18252909183502197] [-2.965186595916748:2.5798490047454834] [0:18.523586273193359] [0.28278514742851257:1.6446642875671387] [-0.092919811606407166:0.057573974132537842] [-0.39400303363800049:0.26549568772315979] [-0.32455301284790039:0.55794161558151245] [-0.14465788006782532:0.86915600299835205] [0.005578002892434597:0.041373930871486664] [-0.35748890042304993:0] [-0.96327811479568481:2.3354122638702393] [0.20776782929897308:1.5706025362014771] [-0.25081929564476013:0.94294917583465576] [-1.1516678333282471:1.0071370601654053] [-1.3436253070831299:1.9539748430252075] [0.0059593440964818001:0.072794802486896515] [0.017241379246115685:1] [0.017241379246115685:1] [0.017241379246115685:1] [0.017241379246115685:1]
tree_sizes=930 970 892 1520 1514 1248 977 980 889 1076 1258 1076

Tree=0
num_leaves=9
num_cat=0
split_feature=38 16 34 37 37 35 11 38
split_gain=30.1934 15.4733 15.0929 20.5081 8.11801 5.33634 5.09828 5.02396
threshold=-0.19827860593795774 0.035095622763037689 0.14380677789449695 0.01992717478424311 0.031265730038285262 -0.10372861102223395 0.028655786998569969 -0.055848404765129082
decision_type=2 2 2 2 2 2 2 2
left_child=4 2 7 -4 5 -1 -6 -2
right_child=1 -3 3 -5 6 -7 -8 -9
leaf_value=0.46361084029638883 0.45605643262811635 0.46399803473417622 0.45941587640842957 0.46422162434317277 0.45780346054882654 0.46633963214371621 0.46481010082565744 0.45838020934859858
leaf_weight=128 6021 191 1538 218 168 133 120 3749
leaf_count=128 6021 191 1538 218 168 133 120 3749
internal_value=0.458434 0.458164 0.458046 0.460175 0.464137 0.467309 0.461139 0.457662
internal_weight=12266 11717 11526 1756 549 261 288 9770
internal_count=12266 11717 11526 1756 549 261 288 9770
is_linear=0
shrinkage=1


Tree=1
num_leaves=9
num_cat=0
split_feature=38 16 17 36 38 16 36 47
split_gain=31.039 12.9738 10.3945 10.0778 9.53729 7.07648 6.93145 3.22595
threshold=-0.19827860593795774 0.035095622763037689 0.53923410177230846 0.090516965836286559 -0.0801415480673313 0.030729612335562709 0.031353468075394637 0.54310345649719249
decision_type=2 2 2 2 2 2 2 2
left_child=2 4 7 -4 5 -2 -6 -1
right_child=1 -3 3 -5 6 -7 -8 -9
leaf_value=0.00037299733912478052 -0.0025468011810586251 0.0058280513456563906 0.0077196400634626482 0.0050204212270662562 0.0056873981330961059 0.005459733794490349 0.00017229311137993746 0.004243572754816731
leaf_weight=174 5171 186 139 120 163 140 6082 121
leaf_count=174 5171 186 139 120 163 140 6082 121
internal_value=-1.49384e-05 -0.00028933 0.00574016 0.00936079 -0.000396484 -0.00117499 0.000264999 0.0024375
internal_weight=12296 11742 554 259 11556 5311 6245 295
internal_count=12296 11742 554 259 11556 5311 6245 295
is_linear=0
shrinkage=0.025


Tree=2
num_leaves=8
num_cat=0
split_feature=38 17 16 33 41 9 38
split_gain=30.3163 15.4765 12.7962 8.16114 5.23797 2.95444 2.86332
threshold=-0.19827860593795774 0.59809595346450817 0.035095622763037689 0.0060189003124833116 0.49106167256832128 0.034749267622828491 -0.0801415480673313
decision_type=2 2 2 2 2 2 2
left_child=1 5 3 6 -5 -1 -2
right_child=2 -3 -4 4 -6 -7 -8
leaf_value=0.00059426396353483985 -0.0026229107493679366 0.0072836040599598391 0.0052194068914883165 0.0026846028175440215 -0.00018285632805024031 0.0041656871379898135 -0.00051965196192997468
leaf_weight=207 3777 228 187 1221 3241 120 3309
leaf_count=207 3777 228 187 1221 3241 120 3309
internal_value=-1.52561e-06 0.0056808 -0.000273105 -0.00037988 0.000456402 0.0021122 -0.000907313
internal_weight=12290 555 11735 11548 4462 327 7086
internal_count=12290 555 11735 11548 4462 327 7086
is_linear=0
shrinkage=0.025


Tree=3
num_leaves=15
num_cat=0
split_feature=37 36 16 5 37 16 37 36 36 9 25 37 36 46
split_gain=11.0968 26.7251 22.3521 14.7323 11.6481 5.9941 7.73611 12.2592 6.86877 5.74962 2.75271 2.74972 2.34713 2.15634
threshold=0.018595770932734016 0.1156647950410843 0.031523328274488456 0.56678259372711193 0.023985238745808605 0.021398682147264484 0.010442909784615042 0.5004401206970216 0.3164497315883637 0.026009536348283294 18.863368034362797 0.0089361481368541735 0.180656872689724 0.50531914830207836
decision_type=2 2 2 2 2 2 2 2 2 2 2 2 2 2
left_child=5 3 10 9 -5 11 7 -7 -8 -2 -3 13 -13 -1
right_child=1 2 -4 4 -6 6 8 -9 -10 -11 -12 12 -14 -15
leaf_value=-0.0016936880982041645 -0.003718421807473983 -0.0027296895056983608 0.0063606692616228729 0.0047140313830429815 0.0071894010622830578 0.00098821571386868159 0.0010264335285492523 0.005506232803318873 -0.0037145498931074983 0.0048554876801288841 0.0014975870456570327 -0.0047265653630447005 -0.0012460216063928456 0.0015347122500992149
leaf_weight=524 179 1929 183 259 129 791 1463 148 1521 336 274 2519 1583 530
leaf_count=524 179 1929 183 259 129 791 1463 148 1521 336 274 2519 1583 530
internal_value=-9.00151e-05 0.00115247 -0.000233689 0.00480314 0.00845738 -0.000541199 0.0001938 0.00216764 -0.000427819 0.00198317 -0.000940331 -0.00110129 -0.00139366 3.18691e-05
internal_weight=12368 3289 2386 903 388 9079 3923 939 2984 515 2203 5156 4102 1054
internal_count=12368 3289 2386 903 388 9079 3923 939 2984 515 2203 5156 4102 1054
is_linear=0
shrinkage=0.025


Tree=4
num_leaves=15
num_cat=0
split_feature=37 36 17 37 35 37 36 37 34 36 9 1 41 36
split_gain=10.5098 23.8438 19.0039 12.103 8.4856 9.87715 5.70005 8.1962 7.99424 7.91798 5.15071 4.4743 2.8458 2.2412
threshold=0.018697906285524372 0.1156647950410843 0.62542426586151134 0.023816938512027267 0.28712435066699987 0.024176257662475113 0.21560429781675342 0.010442909784615042 0.16734962165355685 0.36397646367549902 0.026009536348283294 -0.095267824828624711 0.23821554332971576 0.40115387737751013
decision_type=2 2 2 2 2 2 2 2 2 2 2 2 2 2
left_child=6 2 10 -4 13 -6 11 8 -8 -9 -2 -1 -13 -3
right_child=1 4 3 -5 5 -7 7 9 -10 -11 -12 12 -14 -15
leaf_value=0.0041888364542797185 -0.0035474450652784291 -0.00058651088236192489 0.0048031984751599338 0.0073722223614553911 0.0043718256073853731 -0.005164084403509117 0.00082851198025086104 0.00096155517629894442 0.0038737956134433944 -0.003670654951808263 0.0038971358469249654 0.0025282772825850328 -0.0023850607968895223 -0.0048243692209346579
leaf_weight=128 189 996 206 151 438 244 699 1990 384 1718 385 160 3963 648
leaf_count=128 189 996 206 151 438 244 699 1990 384 1718 385 160 3963 648
internal_value=-2.77355e-05 0.0011883 0.00455796 0.00905041 -0.00016463 0.00216703 -0.000466868 0.000123279 0.0020324 -0.000434622 0.00169905 -0.00113281 -0.00127816 -0.00113933
internal_weight=12299 3257 931 357 2326 682 9042 4791 1083 3708 574 4251 4123 1644
internal_count=12299 3257 931 357 2326 682 9042 4791 1083 3708 574 4251 4123 1644
is_linear=0
shrinkage=0.025


Tree=5
num_leaves=12
num_cat=0
split_feature=38 31 16 36 37 16 36 38 36 37 11
split_gain=24.4014 11.2951 11.2493 10.0092 8.03369 8.46091 7.7197 6.61048 7.05706 4.8012 1.57623
threshold=-0.19827860593795774 0.73143142461776745 0.024037112481892112 0.092317640781402602 0.010442909784615042 0.035095622763037689 0.35068449378013616 -0.076579149812459932 0.037062855437397964 0.0090410355478525179 0.0273580476641655
decision_type=2 2 2 2 2 2 2 2 2 2 2
left_child=1 10 7 -3 6 -6 -4 9 -9 -2 -1
right_child=2 3 4 -5 5 -7 -8 8 -10 -11 -12
leaf_value=0.00022898046263077751 0.00081337050325284716 0.0067303544574877396 -0.0022934348185432384 0.0046471918112087097 3.3567063234617933e-05 0.0050258151256341284 0.0049129701490993778 0.0062111523541968769 -0.00050221106761602489 -0.0037350852591240729 0.0051046782196184819
leaf_weight=179 612 133 171 123 2805 188 341 129 3725 3713 128
leaf_count=179 612 133 171 123 2805 188 341 129 3725 3713 128
internal_value=-6.62143e-05 0.0049934 -0.000312581 0.00882663 0.000870726 0.000370663 0.00375 -0.000820657 -6.5756e-05 -0.00149105 0.0016867
internal_weight=12247 563 11684 256 3505 2993 512 8179 3854 4325 307
internal_count=12247 563 11684 256 3505 2993 512 8179 3854 4325 307
is_linear=0
shrinkage=0.025


Tree=6
num_leaves=9
num_cat=0
split_feature=38 16 34 36 31 36 38 11
split_gain=26.7322 12.3307 10.5812 14.0847 10.2728 8.11308 4.3203 1.90835
threshold=-0.19827860593795774 0.035095622763037689 0.14380677789449695 0.11299141868948938 0.73143142461776745 0.096028726547956481 -0.061635073274374001 0.027134950272738937
decision_type=2 2 2 2 2 2 2 2
left_child=4 2 6 -4 7 -6 -2 -1
right_child=1 -3 3 -5 5 -7 -8 -9
leaf_value=0.00052535417960986324 -0.0022230726638588789 0.0050186740848820362 0.0059241885804963042 0.00087852075523793408 0.0069776573620931705 0.0044245666892638452 -9.715954809462605e-05 0.0046595953276579579
leaf_weight=173 5860 188 212 1571 145 121 3878 121
leaf_count=173 5860 188 212 1571 145 121 3878 121
internal_value=-5.63188e-05 -0.000312981 -0.000418294 0.00134857 0.00525442 0.00877767 -0.00074297 0.00195234
internal_weight=12269 11709 11521 1783 560 266 9738 294
internal_count=12269 11709 11521 1783 560 266 9738 294
is_linear=0
shrinkage=0.025


Tree=7
num_leaves=9
num_cat=0
split_feature=38 16 37 34 37 35 35 9
split_gain=19.792 11.3791 9.10037 8.14806 12.1134 5.35629 4.05046 2.02955
threshold=-0.19827860593795774 0.035095622763037689 0.03049169480800629 0.14380677789449695 0.019836046732962135 -0.10372861102223395 -0.036501731723546975 0.035531818866729743
decision_type=2 2 2 2 2 2 2 2
left_child=2 3 5 6 -5 -1 -2 -4
right_child=1 -3 7 4 -6 -7 -8 -9
leaf_value=0.0046465142095682361 -0.0037242966412281415 0.0047478891754441479 -0.00060914948501882287 0.00046270609390264847 0.0052029186400362956 0.0069595481464672579 -0.00076962097613249899 0.0045450082413088814
leaf_weight=120 2002 180 171 1550 225 144 7844 130
leaf_count=120 2002 180 171 1550 225 144 7844 130
internal_value=-0.000152272 -0.000372375 0.00439693 -0.000470605 0.00108497 0.00774628 -0.000752082 0.00136029
internal_weight=12366 11801 565 11621 1775 264 9846 301
internal_count=12366 11801 565 11621 1775 264 9846 301
is_linear=0
shrinkage=0.025


Tree=8
num_leaves=8
num_cat=0
split_feature=38 16 17 34 36 35 47
split_gain=20.445 9.66119 9.35085 8.64708 12.6035 4.35251 1.26203
threshold=-0.19827860593795774 0.035095622763037689 0.59809595346450817 0.14380677789449695 0.12438080459833147 -0.036501731723546975 0.57171678543090831
decision_type=2 2 2 2 2 2 2
left_child=2 3 6 5 -5 -2 -1
right_child=1 -3 -4 4 -6 -7 -8
leaf_value=0.00084353527129517065 -0.0033219686969185275 0.0048757326517468004 0.0061817650293581527 0.0046734893281591989 0.00035812935372084162 -0.00068980648615459754 0.0042819895473071396
leaf_weight=196 1980 192 234 282 1468 7780 127
leaf_count=196 1980 192 234 282 1468 7780 127
internal_value=-0.000117519 -0.00034157 0.00453959 -0.000435845 0.00117877 -0.000726447 0.00171113
internal_weight=12259 11702 557 11510 1750 9760 323
internal_count=12259 11702 557 11510 1750 9760 323
is_linear=0
shrinkage=0.025


Tree=9
num_leaves=10
num_cat=0
split_feature=38 17 16 16 38 16 11 41 31
split_gain=19.1428 9.18347 8.95939 5.66725 5.47741 4.83895 4.64805 3.25632 1.23152
threshold=-0.19827860593795774 0.59809595346450817 0.02408415358513594 0.035095622763037689 -0.076579149812459932 0.024515003897249702 0.01397606870159507 0.26798073947429663 0.31267166137695318
decision_type=2 2 2 2 2 2 2 2 2
left_child=1 8 4 5 7 -4 -6 -2 -1
right_child=2 -3 3 -5 6 -7 -8 -9 -10
leaf_value=-0.00027963505224778463 0.0018328435110152226 0.0061626024028870003 0.0043073553001703535 0.0045743329775287797 -0.0024380238223287564 0.00036380545214352111 0.00085480244220495223 -0.0025803386199815597 0.0026474145592669724
leaf_weight=149 146 238 146 185 1179 3119 2645 4209 176
leaf_count=149 146 238 146 185 1179 3119 2645 4209 176
internal_value=-0.000147475 0.00433319 -0.000366706 0.000700072 -0.000817602 0.000452981 -0.000125033 -0.00142345 0.00153409
internal_weight=12192 563 11629 3450 8179 3265 3824 4355 325
internal_count=12192 563 11629 3450 8179 3265 3824 4355 325
is_linear=0
shrinkage=0.025


Tree=10
num_leaves=12
num_cat=0
split_feature=38 16 37 37 37 41 38 35 37 38 9
split_gain=17.3868 8.90425 7.20687 7.04267 9.18297 7.40983 4.74207 6.06804 4.66069 4.16323 2.05706
threshold=-0.19827860593795774 0.02408415358513594 0.031265730038285262 0.010442909784615042 0.018595770932734016 0.5449521839618684 -0.076579149812459932 0.25189194083213812 0.0090065449476242083 -0.21651338040828702 0.035531818866729743
decision_type=2 2 2 2 2 2 2 2 2 2 2
left_child=2 6 9 5 -5 -3 8 -8 -2 -1 -4
right_child=1 3 10 4 -6 -7 7 -9 -10 -11 -12
leaf_value=0.0065761888151722077 0.00090422765992082042 0.0051832108985160434 -0.00060780591817699992 -0.001327293215671964 0.0029593471513184324 0.0004605701743133656 0.00080092883542139223 -0.0052017914143315655 -0.0031884248665063602 0.0040762493665362706 0.0047285549491549407
leaf_weight=153 556 229 160 1780 1200 260 2817 1065 3773 125 122
leaf_count=153 556 229 160 1780 1200 260 2817 1065 3773 125 122
internal_value=-0.000134239 -0.000341785 0.00414823 0.000718552 0.000257537 0.00348431 -0.000790683 -0.00015404 -0.00135931 0.00697438 0.00126742
internal_weight=12240 11680 560 3469 2980 489 8211 3882 4329 278 282
internal_count=12240 11680 560 3469 2980 489 8211 3882 4329 278 282
is_linear=0
shrinkage=0.025


Tree=11
num_leaves=10
num_cat=0
split_feature=38 37 16 16 16 38 35 37 47
split_gain=15.7564 8.55144 8.35703 5.63803 5.70147 5.09536 6.49503 4.99781 2.52087
threshold=-0.21369477361440656 0.031265730038285262 0.02408415358513594 0.024515003897249702 0.035095622763037689 -0.076579149812459932 0.25189194083213812 0.0090410355478525179 0.59097579121589672
decision_type=2 2 2 2 2 2 2 2 2
left_child=1 -1 5 -4 -5 7 -7 -2 -3
right_child=2 8 3 4 -6 6 -8 -9 -10
leaf_value=0.0058848320083230354 0.00094075116527529961 -0.00057937596536868574 0.0041750863779182286 0.00038792358803457842 0.004544287013568034 0.000983050086349061 -0.0051363780176851776 -0.0031339228136070779 0.0045709414103325486
leaf_weight=189 606 177 138 3178 192 2830 1079 3831 122
leaf_count=189 606 177 138 3178 192 2830 1079 3831 122
internal_value=-0.000121386 0.0042571 -0.000303884 0.000718402 0.000509259 -0.000734493 -7.4413e-05 -0.00131388 0.00155016
internal_weight=12342 488 11854 3508 3370 8346 3909 4437 299
internal_count=12342 488 11854 3508 3370 8346 3909 4437 299
is_linear=0
shrinkage=0.025


end of trees

feature_importances:
universe58_loo_realized_volatility_20=20
universe58_loo_drawdown_252=19
cross_section_return_dispersion=18
universe58_loo_log_return_126=16
universe58_loo_log_return_60=7
source_realized_volatility_60=5
source_momentum_12_1=5
universe58_loo_log_return_20=5
source_downside_volatility_60=4
source_correlation_universe58_60=4
source_distance_from_252_session_low=3
cross_section_volatility_60_percentile=3
source_log_return_5=1
source_log_return_252=1
source_directional_index_spread_14=1
universe58_loo_log_return_1=1
cross_section_momentum_252_percentile=1

parameters:
[boosting: gbdt]
[objective: quantile]
[metric: quantile]
[tree_learner: serial]
[device_type: cpu]
[data_sample_strategy: bagging]
[data: ]
[valid: ]
[num_iterations: 12]
[learning_rate: 0.025]
[num_leaves: 15]
[num_threads: 12]
[seed: 32010]
[deterministic: 1]
[force_col_wise: 1]
[force_row_wise: 0]
[histogram_pool_size: -1]
[max_depth: 4]
[min_data_in_leaf: 120]
[min_sum_hessian_in_leaf: 0.001]
[bagging_fraction: 0.85]
[pos_bagging_fraction: 1]
[neg_bagging_fraction: 1]
[bagging_freq: 1]
[bagging_seed: 32010]
[bagging_by_query: 0]
[feature_fraction: 0.75]
[feature_fraction_bynode: 1]
[feature_fraction_seed: 32010]
[extra_trees: 0]
[extra_seed: 8372]
[early_stopping_round: 0]
[early_stopping_min_delta: 0]
[first_metric_only: 0]
[max_delta_step: 0]
[lambda_l1: 0.25]
[lambda_l2: 5]
[linear_lambda: 0]
[min_gain_to_split: 0]
[drop_rate: 0.1]
[max_drop: 50]
[skip_drop: 0.5]
[xgboost_dart_mode: 0]
[uniform_drop: 0]
[drop_seed: 18998]
[top_rate: 0.2]
[other_rate: 0.1]
[min_data_per_group: 100]
[max_cat_threshold: 32]
[cat_l2: 10]
[cat_smooth: 10]
[max_cat_to_onehot: 4]
[top_k: 20]
[monotone_constraints: ]
[monotone_constraints_method: basic]
[monotone_penalty: 0]
[feature_contri: ]
[forcedsplits_filename: ]
[refit_decay_rate: 0.9]
[cegb_tradeoff: 1]
[cegb_penalty_split: 0]
[cegb_penalty_feature_lazy: ]
[cegb_penalty_feature_coupled: ]
[path_smooth: 0]
[interaction_constraints: ]
[verbosity: -1]
[saved_feature_importance_type: 0]
[use_quantized_grad: 0]
[num_grad_quant_bins: 4]
[quant_train_renew_leaf: 0]
[stochastic_rounding: 1]
[linear_tree: 0]
[max_bin: 255]
[max_bin_by_feature: ]
[min_data_in_bin: 3]
[bin_construct_sample_cnt: 200000]
[data_random_seed: 32010]
[is_enable_sparse: 1]
[enable_bundle: 1]
[use_missing: 1]
[zero_as_missing: 0]
[feature_pre_filter: 1]
[pre_partition: 0]
[two_round: 0]
[header: 0]
[label_column: ]
[weight_column: ]
[group_column: ]
[ignore_column: ]
[categorical_feature: ]
[forcedbins_filename: ]
[precise_float_parser: 0]
[parser_config_file: ]
[objective_seed: 8014]
[num_class: 1]
[is_unbalance: 0]
[scale_pos_weight: 1]
[sigmoid: 1]
[boost_from_average: 1]
[reg_sqrt: 0]
[alpha: 0.9]
[fair_c: 1]
[poisson_max_delta_step: 0.7]
[tweedie_variance_power: 1.5]
[lambdarank_truncation_level: 30]
[lambdarank_norm: 1]
[label_gain: ]
[lambdarank_position_bias_regularization: 0]
[eval_at: ]
[multi_error_top_k: 1]
[auc_mu_weights: ]
[num_machines: 1]
[local_listen_port: 12400]
[time_out: 120]
[machine_list_filename: ]
[machines: ]
[gpu_platform_id: -1]
[gpu_device_id: -1]
[gpu_use_dp: 0]
[num_gpu: 1]

end of parameters

pandas_categorical:[]
