tree
version=v4
num_class=1
num_tree_per_iteration=1
label_index=0
max_feature_idx=48
objective=quantile
feature_names=source_log_return_1 source_log_return_5 source_log_return_20 source_log_return_60 source_log_return_126 source_log_return_252 source_intraday_log_range source_close_to_open_log_return source_realized_volatility_20 source_realized_volatility_60 source_downside_volatility_20 source_downside_volatility_60 source_drawdown_from_60_session_peak source_drawdown_from_252_session_peak cross_section_momentum_20_percentile cross_section_positive_return_breadth cross_section_return_dispersion source_momentum_12_1 source_ma5_ma20_ratio source_close_ma50_ratio source_close_ma200_ratio source_rsi_14 source_bollinger_pct_b_20 source_bollinger_bandwidth_20 source_adx_14 source_directional_index_spread_14 source_parkinson_volatility_20 source_overnight_gap_1 source_positive_day_ratio_20 source_max_daily_log_return_20 source_return_skewness_60 source_distance_from_252_session_low source_volatility_ratio_20_60 universe58_loo_log_return_1 universe58_loo_log_return_20 universe58_loo_log_return_60 universe58_loo_log_return_126 universe58_loo_realized_volatility_20 universe58_loo_drawdown_252 source_beta_universe58_60 source_beta_universe58_252 source_correlation_universe58_60 source_residual_momentum_20 source_residual_momentum_126 source_idiosyncratic_volatility_60 cross_section_momentum_126_percentile cross_section_momentum_252_percentile cross_section_volatility_60_percentile cross_section_beta_60_percentile
feature_infos=[-0.10537159442901611:0.095442883670330048] [-0.54819971323013306:0.44636186957359314] [-1.1351611614227295:1.077221155166626] [-1.1748896837234497:1.5560240745544434] [-1.0489567518234253:2.3170430660247803] [-0.89605218172073364:2.9264204502105713] [0:0.27988538146018982] [-0.16868740320205688:0.25632256269454956] [0.0056120613589882851:0.11531444638967514] [0.0079651456326246262:0.088721774518489838] [0.00095409812638536096:0.092050075531005859] [0.0056960904039442539:0.063900329172611237] [-0.71968960762023926:0] [-0.71968960762023926:0] [0.017241379246115685:1] [0.017241379246115685:1] [0.0096504408866167068:0.043657612055540085] [-0.84071391820907593:2.8910765647888184] [-0.47595494985580444:0.57290768623352051] [-0.62940984964370728:1.5476077795028687] [-0.57781422138214111:3.874976634979248] [0:100] [-0.36075755953788757:1.4438486099243164] [0.024132920429110527:1.7820020914077759] [6.9016203880310059:84.119827270507812] [-54.177944183349609:77.140235900878906] [0.0063288267701864243:0.099167443811893463] [-0.22113896906375885:0.095378585159778595] [0.10000000149011612:0.89999997615814209] [0.005115102045238018:0.18252909183502197] [-2.965186595916748:2.5798490047454834] [0:18.523586273193359] [0.28278514742851257:1.6446642875671387] [-0.092919811606407166:0.057573974132537842] [-0.39400303363800049:0.26549568772315979] [-0.32455301284790039:0.55794161558151245] [-0.14465788006782532:0.86915600299835205] [0.005578002892434597:0.041373930871486664] [-0.35748890042304993:0] [-0.96327811479568481:2.3354122638702393] [0.20776782929897308:1.5706025362014771] [-0.25081929564476013:0.94294917583465576] [-1.1516678333282471:1.0071370601654053] [-1.3436253070831299:1.9539748430252075] [0.0059593440964818001:0.072794802486896515] [0.017241379246115685:1] [0.017241379246115685:1] [0.017241379246115685:1] [0.017241379246115685:1]
tree_sizes=1448 1064 1067 1163 1162 1158 1158 976 1248 1244 981 982 1529 1156 1151 1162 1163 1160 1535 1162 1164 1160 1165 1164 978 1250 1243 1250

Tree=0
num_leaves=15
num_cat=0
split_feature=37 36 37 16 15 35 16 35 16 37 5 4 23 5
split_gain=34.9803 92.4549 54.6082 58.5792 31.9384 29.2799 24.5298 22.385 17.6463 15.253 15.1517 13.6407 11.1905 10.2988
threshold=0.01589743793010712 0.39429195225238806 0.0096958554349839705 0.020040947012603286 0.15205428749322894 0.27539369463920599 0.035816960036754615 -0.089873909950256334 0.020698228850960735 0.012652349192649128 0.16713144630193713 0.73911070823669445 0.11058351397514345 0.51741254329681408
decision_type=2 2 2 2 2 2 2 2 2 2 2 2 2 2
left_child=2 4 5 9 7 10 11 -2 -5 -4 -1 -3 -6 -7
right_child=1 6 3 8 12 13 -8 -9 -10 -11 -12 -13 -14 -15
leaf_value=0.1035136116668582 0.10747506301850081 0.10193440578877926 0.1001295764464885 0.10794901829212904 0.10381157658994197 0.098810277413576841 0.1105170538648963 0.10055506518110632 0.10308611551299691 0.1020208643283695 0.10639355313032865 0.099253119528293604 0.1065644109621644 0.10371412709355354
leaf_weight=593 165 1238 1326 181 307 216 139 265 2544 818 1283 431 2581 171
leaf_count=593 165 1238 1326 181 307 216 139 265 2544 818 1283 431 2581 171
internal_value=0.10351 0.105084 0.102378 0.100887 0.107561 0.105582 0.100543 0.101236 0.103323 0.0978006 0.106876 0.0996959 0.108508 0.0993655
internal_weight=12258 5126 7132 4869 3318 2263 1808 430 2725 2144 1876 1669 2888 387
internal_count=12258 5126 7132 4869 3318 2263 1808 430 2725 2144 1876 1669 2888 387
is_linear=0
shrinkage=1


Tree=1
num_leaves=10
num_cat=0
split_feature=38 33 36 37 35 16 36 34 17
split_gain=78.4504 33.7397 32.6754 35.9971 12.3713 10.6836 6.76397 5.4393 1.86637
threshold=-0.19627093523740766 -0.014053912367671726 0.69696828722953807 0.018167415633797649 -0.11321489885449408 0.030581925064325336 0.11878564953804018 0.15573424845933917 0.28926019370555883
decision_type=2 2 2 2 2 2 2 2 2
left_child=6 4 3 -3 -2 -6 8 -4 -1
right_child=1 2 7 -5 5 -7 -8 -9 -10
leaf_value=0.0038269558688625695 0.00123974256683141 -0.00033039156580343853 -0.0057440378144383436 0.0018143385415896774 -0.0029117224505171182 0.00023706011241301887 0.002717479553539306 -0.0022770567273255439 0.008671414335258306
leaf_weight=200 123 7773 203 2376 842 145 124 186 289
leaf_count=200 123 7773 203 2376 842 145 124 186 289
internal_value=2.70055e-05 -0.000432828 4.14967e-06 0.000278831 -0.00456839 -0.00550025 0.00870752 -0.00705901 0.0100329
internal_weight=12261 11648 10538 10149 1110 987 613 389 489
internal_count=12261 11648 10538 10149 1110 987 613 389 489
is_linear=0
shrinkage=0.025


Tree=2
num_leaves=10
num_cat=0
split_feature=38 33 20 36 36 15 35 6 31
split_gain=69.2615 37.4759 35.5207 39.5534 18.5059 14.6739 11.218 8.1932 2.70937
threshold=-0.19627093523740766 -0.011615773662924765 -0.064603507518768297 0.69696828722953807 0.22331114113330844 0.23275861889123919 -0.10372861102223395 0.080118481069803252 0.40504996478557592
decision_type=2 2 2 2 2 2 2 2 2
left_child=7 5 4 -4 -3 6 -2 8 -1
right_child=1 2 3 -5 -6 -7 -8 -9 -10
leaf_value=0.003626349312020466 0.00059468813601415622 -0.0022079683114425278 0.00061954119766596718 -0.004022529068402946 0.0013261173811042683 0.0015311477925279177 -0.0027962014527292923 0.0022388430953724308 0.0082981210795987862
leaf_weight=174 134 1140 8589 373 313 158 965 131 288
leaf_count=174 134 1140 8589 373 313 158 965 131 288
internal_value=3.10717e-05 -0.000393402 9.89683e-05 0.000687939 -0.00351938 -0.00446216 -0.00548573 0.00832985 0.00989026
internal_weight=12265 11672 10415 8962 1453 1257 1099 593 462
internal_count=12265 11672 10415 8962 1453 1257 1099 593 462
is_linear=0
shrinkage=0.025


Tree=3
num_leaves=11
num_cat=0
split_feature=38 37 37 36 34 35 11 16 17 17
split_gain=69.0309 32.0913 49.4918 59.0055 54.7542 45.499 11.0956 7.31886 7.30418 1.32153
threshold=-0.19627093523740766 0.0090410355478525179 0.012554851826280357 0.36556653678417211 0.036687500774860389 0.25783638656139379 0.015131983440369369 0.021935493685305122 0.52514186501503002 0.36483028531074529
decision_type=2 2 2 2 2 2 2 2 2 2
left_child=7 5 4 -4 -3 6 -2 -1 -7 -9
right_child=1 2 3 -5 -6 8 -8 9 -10 -11
leaf_value=0.0037136166865813728 0.0038234884326084281 -0.003462941080458404 0.00095681024125951822 -0.0017950641679868569 -0.00025569181547325549 -0.0041773321072832914 0.0015261624042614134 0.0041049362925376044 0.00036984709899115856 0.0077952530954782558
leaf_weight=226 747 1317 4631 2725 1331 299 589 173 123 196
leaf_count=226 747 1317 4631 2725 1331 299 589 173 123 196
internal_value=-1.06172e-05 -0.000432884 -0.000980992 7.3869e-05 -0.00390831 0.00267655 0.00493568 0.00826042 -0.00443501 0.0104445
internal_weight=12357 11762 10004 7356 2648 1758 1336 595 422 369
internal_count=12357 11762 10004 7356 2648 1758 1336 595 422 369
is_linear=0
shrinkage=0.025


Tree=4
num_leaves=11
num_cat=0
split_feature=38 37 37 36 34 34 34 33 36 17
split_gain=63.728 32.6837 45.8859 55.711 51.6536 28.9492 18.1201 10.2328 7.87772 1.84809
threshold=-0.19827860593795774 0.0090410355478525179 0.012554851826280357 0.36556653678417211 0.033693198114633567 0.090544559061527266 0.16559306532144549 -0.003377287532202899 0.11878564953804018 0.28926019370555883
decision_type=2 2 2 2 2 2 2 2 2 2
left_child=8 5 4 -4 -3 7 -7 -2 9 -1
right_child=1 2 3 -5 -6 6 -8 -9 -10 -11
leaf_value=0.0033316802167821877 0.00067817852123880612 -0.0033729078581321301 0.00092427100303066269 -0.0017063184404587082 -0.00021493293477215029 -0.0017488869022763535 0.0039672690018942381 0.0039587091412602608 0.0021597204892557964 0.0085403344672297134
leaf_weight=181 204 1297 4662 2750 1327 598 252 689 120 259
leaf_count=181 204 1297 4662 2750 1327 598 252 689 120 259
internal_value=1.67085e-05 -0.00037604 -0.00092558 8.00526e-05 -0.00376331 0.00277818 -0.000519006 0.00590896 0.00821903 0.00976124
internal_weight=12339 11779 10036 7412 2624 1743 850 893 560 440
internal_count=12339 11779 10036 7412 2624 1743 850 893 560 440
is_linear=0
shrinkage=0.025


Tree=5
num_leaves=11
num_cat=0
split_feature=38 34 17 35 4 6 10 8 38 17
split_gain=64.1685 33.6541 34.5609 33.3607 13.25 7.68366 5.07995 2.97443 2.85208 1.72012
threshold=-0.19827860593795774 -0.089155305176973329 0.1055254675447941 0.39692528545856481 -0.05422940477728843 0.080118481069803252 0.023037901148200039 0.023107974790036682 -0.1182139329612255 0.21198765188455584
decision_type=2 2 2 2 2 2 2 2 2 2
left_child=5 6 4 -4 -3 9 7 -2 -8 -1
right_child=1 2 3 -5 -6 -7 8 -9 -10 -11
leaf_value=0.0033664640839881649 -0.0025159606867286217 -0.0020438410472043401 0.00066708726058456187 -0.0026635234629892109 -0.00042611846293734716 0.001771915209969027 -0.0042553580441072299 -0.00015549740242041464 -0.0020003355737463814 0.0079070630797010329
leaf_weight=146 129 1154 8097 544 1189 127 261 134 174 280
leaf_count=146 129 1154 8097 544 1189 127 261 134 174 280
internal_value=1.68505e-05 -0.000378091 -3.81063e-05 0.000691794 -0.00272839 0.00829973 -0.00568101 -0.00282183 -0.00734375 0.00990429
internal_weight=12235 11682 10984 8641 2343 553 698 263 435 426
internal_count=12235 11682 10984 8641 2343 553 698 263 435 426
is_linear=0
shrinkage=0.025


Tree=6
num_leaves=11
num_cat=0
split_feature=38 5 31 10 15 15 38 6 38 31
split_gain=65.2657 36.1673 24.6253 25.2748 18.7249 8.80265 12.5023 6.89292 5.74552 1.33188
threshold=-0.19827860593795774 0.18408421427011493 1.7566978335380556 0.021408581174910072 0.21551724523305896 0.26724137365818029 -0.084698487073183046 0.080118481069803252 -0.069906700402498231 0.40504996478557592
decision_type=2 2 2 2 2 2 2 2 2 2
left_child=7 5 4 -4 -3 8 -7 9 -2 -1
right_child=1 2 3 -5 -6 6 -8 -9 -10 -11
leaf_value=0.0034243010459275103 -0.0015150119437078199 -0.0015563648664091983 6.6831856528934771e-05 -0.0033602328084288932 0.00093956389773347949 -0.0013488320585765623 5.8305564769876866e-05 0.0017831852713345025 -0.0046885125886230545 0.0080686339915693669
leaf_weight=165 414 545 1684 882 5695 1407 943 121 158 271
leaf_count=165 414 545 1684 882 5695 1407 943 121 158 271
internal_value=6.61107e-06 -0.000391524 0.000407871 -0.00165062 0.001256 -0.00279937 -0.00210987 0.00832963 -0.00557842 0.00979308
internal_weight=12285 11728 8806 2566 6240 2922 2350 557 572 436
internal_count=12285 11728 8806 2566 6240 2922 2350 557 572 436
is_linear=0
shrinkage=0.025


Tree=7
num_leaves=9
num_cat=0
split_feature=16 33 36 26 35 36 17 34
split_gain=32.2944 30.4621 40.5045 24.3729 22.1478 17.6282 9.51239 2.3739
threshold=0.036993477493524558 0.0056248260661959657 0.69696828722953807 0.018856506794691089 0.2715559601783753 0.43034332990646368 0.079526308923959746 0.15226676315069201
decision_type=2 2 2 2 2 2 2 2
left_child=1 4 3 -3 5 -1 -6 -4
right_child=-2 2 7 -5 6 -7 -8 -9
leaf_value=-0.00010438990723535546 0.0065079422523155392 -0.00087666991579579592 -0.005212488729225289 0.0018257325438222134 -0.005075294775196422 -0.0022548921304884274 -0.0020163971237843847 -0.0025484927361880821
leaf_weight=5761 188 800 190 3656 156 820 642 153
leaf_count=5761 188 800 190 3656 156 820 642 153
internal_value=5.40579e-05 -0.000106193 0.00144281 0.00208333 -0.00111474 -0.000634869 -0.0050358 -0.00677083
internal_weight=12366 12178 4799 4456 7379 6581 798 343
internal_count=12366 12178 4799 4456 7379 6581 798 343
is_linear=0
shrinkage=0.025


Tree=8
num_leaves=12
num_cat=0
split_feature=38 31 36 34 37 36 44 36 37 35 8
split_gain=61.5342 37.1057 33.2447 27.8578 27.7973 22.2378 18.2113 7.41699 3.70369 0.922991 2.19182
threshold=-0.19827860593795774 0.38564106822013861 0.69696828722953807 -0.095037426799535737 0.0090410355478525179 0.22331114113330844 0.014815327711403372 0.1156647950410843 0.017656811513006691 -0.15269868820905683 0.041005816310644157
decision_type=2 2 2 2 2 2 2 2 2 2 2
left_child=7 4 3 -3 6 -6 -2 9 -4 10 -1
right_child=1 2 8 -5 5 -7 -8 -9 -10 -11 -12
leaf_value=0.0024840072943184844 0.0028378478714663072 -0.0026484452727085152 -0.0015459609796745369 0.00059170030059548526 -0.002319850229435812 -0.00025764123113882035 -0.0022059443826332459 0.0028678316945535904 -0.0050241872393944056 0.0091330717614512766 0.0059956678617895847
leaf_weight=131 309 467 142 8363 1352 634 190 133 254 154 140
leaf_count=131 309 467 142 8363 1352 634 190 133 254 154 140
internal_value=4.12457e-05 -0.000346215 0.000383897 0.000703877 -0.00305472 -0.00437908 0.00219494 0.00811501 -0.00665524 0.00972384 0.00835598
internal_weight=12269 11711 9226 8830 2485 1986 499 558 396 425 271
internal_count=12269 11711 9226 8830 2485 1986 499 558 396 425 271
is_linear=0
shrinkage=0.025


Tree=9
num_leaves=12
num_cat=0
split_feature=38 31 35 34 37 44 37 16 48 1 17
split_gain=62.059 29.9293 32.1714 29.3206 27.2467 18.9732 17.5084 5.85666 4.85508 3.07274 1.5959
threshold=-0.19827860593795774 0.38564106822013861 0.39692528545856481 0.14189166575670245 0.0090410355478525179 0.014815327711403372 0.014945044647902252 0.022964132018387321 0.26724137365818029 0.0020990238990634684 0.36483028531074529
decision_type=2 2 2 2 2 2 2 2 2 2 2
left_child=7 4 3 -3 5 -2 -6 9 -4 -1 -9
right_child=1 2 8 -5 6 -7 -8 10 -10 -11 -12
leaf_value=0.0024529218535391511 0.0030649168342318776 1.991240890376646e-05 -0.00052131620043188796 0.0025276397772083029 -0.0024541884032964387 -0.001834736532415583 -0.00030434423356462512 0.0036774304170607529 -0.0033232334870876598 0.0044509488539926359 0.0069924294006393512
leaf_weight=120 318 7138 143 1441 1220 200 756 128 410 120 194
leaf_count=120 318 7138 143 1441 1220 200 756 128 410 120 194
internal_value=6.91995e-05 -0.000324026 0.000338596 0.000717177 -0.0027486 0.00233031 -0.00408569 0.00814594 -0.00547715 0.00497449 0.0103784
internal_weight=12188 11626 9132 8579 2494 518 1976 562 553 240 322
internal_count=12188 11626 9132 8579 2494 518 1976 562 553 240 322
is_linear=0
shrinkage=0.025


Tree=10
num_leaves=9
num_cat=0
split_feature=38 15 16 37 35 33 36 17
split_gain=59.3302 33.5388 29.8838 29.1796 10.9551 9.05047 7.95461 2.99147
threshold=-0.19827860593795774 0.21551724523305896 0.035095622763037689 0.0090410355478525179 -0.11321489885449408 -0.011266719549894331 0.11299141868948938 0.28926019370555883
decision_type=2 2 2 2 2 2 2 2
left_child=6 4 3 -3 -2 -6 7 -1
right_child=1 2 -4 -5 5 -7 -8 -9
leaf_value=0.0027383190531321947 0.00082192384930901907 0.0018501212518377188 0.0083666291994891149 -0.00046182562772380362 -0.0025997611384416175 0.0006095419556476126 0.0019385362738026303 0.0075159633424798158
leaf_weight=156 136 1600 149 8850 822 120 139 267
leaf_count=156 136 1600 149 8850 822 120 139 267
internal_value=-5.97231e-05 -0.000443524 -1.4735e-05 -0.000176351 -0.00463412 -0.00559002 0.0078373 0.00953563
internal_weight=12239 11677 10599 10450 1078 942 562 423
internal_count=12239 11677 10599 10450 1078 942 562 423
is_linear=0
shrinkage=0.025


Tree=11
num_leaves=9
num_cat=0
split_feature=16 33 37 37 35 37 37 35
split_gain=30.9745 30.1439 30.8621 34.379 31.4645 28.8445 26.963 18.6659
threshold=0.036993477493524558 0.0059107644483447084 0.0090410355478525179 0.013902133796364071 0.26847122609615331 0.020710797049105171 0.027465356513857845 0.44800274074077612
decision_type=2 2 2 2 2 2 2 2
left_child=1 2 4 -4 -1 7 -7 -3
right_child=-2 5 3 -5 -6 6 -8 -9
leaf_value=0.0032682125624145884 0.0058236376220469075 0.00057138618225955164 -0.0020098532823742111 -0.00010404665987687034 -0.003520778663770271 0.0054864911858738281 8.0276826536256418e-05 -0.0027422928347741651
leaf_weight=913 193 3372 2564 3690 249 611 414 293
leaf_count=913 193 3372 2564 3690 249 611 414 293
internal_value=7.1623e-05 -8.82462e-05 -0.00108055 -0.00177644 0.00265103 0.00147897 0.00517597 0.00043767
internal_weight=12299 12106 7416 6254 1162 4690 1025 3665
internal_count=12299 12106 7416 6254 1162 4690 1025 3665
is_linear=0
shrinkage=0.025


Tree=12
num_leaves=15
num_cat=0
split_feature=5 35 37 33 37 37 36 35 37 36 36 26 48 4
split_gain=29.713 31.2151 27.3965 24.1184 26.9455 22.2323 17.0537 17.5243 15.4533 10.5917 7.45688 4.37752 2.44676 0.727517
threshold=0.18408421427011493 0.39692528545856481 0.022705839946866039 0.0060189003124833116 0.018595770932734016 0.0090410355478525179 0.22089967131614688 0.25189194083213812 0.0090836221352219599 0.12063087522983552 0.49460774660110479 0.03369195573031903 0.35326485335826879 0.73911070823669445
decision_type=2 2 2 2 2 2 2 2 2 2 2 2 2 2
left_child=2 3 6 5 -5 -2 8 -8 -1 11 -3 -4 -11 -12
right_child=1 10 9 4 -6 -7 7 -9 -10 12 13 -13 -14 -15
leaf_value=-0.00030120866437294042 0.0027375282058837679 -0.00050311681073671351 0.00078738457869149546 0.00082664659513673059 0.0039120340280672568 -0.00036771584662209541 0.00086067774534111143 -0.00436469145938521 -0.0021593968885424953 -0.00064041997253624916 -0.0031109954881839309 0.0045517674676354303 0.00084250544847244517 -0.0050412886755053224
leaf_weight=377 735 226 127 2254 1019 4638 684 191 1310 130 187 142 124 131
leaf_count=377 735 226 127 2254 1019 4638 684 191 1310 130 187 142 124 131
internal_value=2.29031e-05 0.000736134 -0.00209749 0.0011032 0.00279324 7.08907e-05 -0.00316274 -0.000319602 -0.0046284 0.00308949 -0.00504326 0.00650091 -0.000555019 -0.00748839
internal_weight=12275 9190 3085 8646 3273 5373 2562 875 1687 523 544 269 254 318
internal_count=12275 9190 3085 8646 3273 5373 2562 875 1687 523 544 269 254 318
is_linear=0
shrinkage=0.025


Tree=13
num_leaves=11
num_cat=0
split_feature=38 5 17 36 35 37 37 9 36 17
split_gain=61.1649 31.6998 29.1134 19.8653 21.3675 19.075 15.7999 13.6906 5.2785 2.54563
threshold=-0.19827860593795774 0.18408421427011493 0.97135633230209362 0.22089967131614688 0.15827039629220965 0.026510782539844516 0.0096958554349839705 0.01551299635320902 0.11878564953804018 0.30218255519866949
decision_type=2 2 2 2 2 2 2 2 2 2
left_child=8 3 6 7 -5 -4 -3 -2 9 -1
right_child=1 2 5 4 -6 -7 -8 -9 -10 -11
leaf_value=0.0029923016597364796 0.000212606791199136 0.002151785254505904 -0.00080792561911822817 0.0021903131707003112 -0.0019077562774491496 -0.0045082665995627505 0.00029457532562431559 -0.0020556200223669258 0.0026039499803825888 0.0073523866017719142
leaf_weight=193 313 1433 1349 577 538 350 5704 1452 120 255
leaf_count=193 313 1433 1349 577 538 350 5704 1452 120 255
internal_value=8.49337e-05 -0.000304475 0.000437592 -0.00258016 2.79018e-05 -0.0024978 0.00113851 -0.00422669 0.00806065 0.00931291
internal_weight=12284 11716 8836 2880 1115 1699 7137 1765 568 448
internal_count=12284 11716 8836 2880 1115 1699 7137 1765 568 448
is_linear=0
shrinkage=0.025


Tree=14
num_leaves=11
num_cat=0
split_feature=38 31 36 34 37 9 36 6 17 34
split_gain=52.0971 27.8965 28.8965 26.3354 21.3114 19.492 18.7342 7.52772 4.97379 1.89993
threshold=-0.19827860593795774 0.44676986336708074 0.71271035075187694 0.1285955756902695 0.0090410355478525179 0.018521097488701347 0.22331114113330844 0.080118481069803252 0.29800884425640112 0.15573424845933917
decision_type=2 2 2 2 2 2 2 2 2 2
left_child=7 4 3 -3 5 -2 -6 8 -1 -4
right_child=1 2 9 -5 6 -7 -8 -9 -10 -11
leaf_value=0.0027466616088136411 0.0029922980314534813 1.207447275664228e-05 -0.0048966720850942697 0.0021951381843427925 -0.0019019256315468318 -0.0020457837856744203 -8.5335962360268659e-05 0.0014230141737810683 0.0072804789001295143 -0.002112955256628126
leaf_weight=184 327 6782 202 1783 1566 237 768 125 249 130
leaf_count=184 327 6782 202 1783 1566 237 768 125 249 130
internal_value=0.000107724 -0.000246292 0.000447231 0.000730018 -0.0023747 0.00196617 -0.00342828 0.00753774 0.00908961 -0.0067322
internal_weight=12353 11795 8897 8565 2898 564 2334 558 433 332
internal_count=12353 11795 8897 8565 2898 564 2334 558 433 332
is_linear=0
shrinkage=0.025


Tree=15
num_leaves=11
num_cat=0
split_feature=38 15 13 35 37 35 36 16 16 5
split_gain=59.1633 30.2433 29.5835 30.3591 14.8903 12.4377 7.7158 6.47142 10.5471 1.8429
threshold=-0.19627093523740766 0.21551724523305896 -0.26382848620414728 0.33397397398948675 0.0090410355478525179 -0.11321489885449408 -0.0026710955426096912 0.022964132018387321 0.021305081434547905 0.076054055243730559
decision_type=2 2 2 2 2 2 2 2 2 2
left_child=7 5 4 -4 -3 -2 -7 8 -1 -9
right_child=1 2 3 -5 -6 6 -8 9 -10 -11
leaf_value=0.0070427425944892298 0.0011199705582139313 0.0010839460722504178 0.00078353623678045824 -0.0016642458331853215 -0.0017029907367645354 0.00027863088514919844 -0.0025681601475542439 0.0040674188238727016 -0.0005802559211168061 0.0059012137158397163
leaf_weight=140 131 344 7146 1310 1866 120 819 126 128 206
leaf_count=140 131 344 7146 1310 1866 120 819 126 128 206
internal_value=9.26789e-05 -0.000299698 0.000102497 0.000776356 -0.00246896 -0.00429651 -0.00530323 0.00771694 0.00464744 0.0100705
internal_weight=12336 11736 10666 8456 2210 1070 939 600 268 332
internal_count=12336 11736 10666 8456 2210 1070 939 600 268 332
is_linear=0
shrinkage=0.025


Tree=16
num_leaves=11
num_cat=0
split_feature=38 15 36 20 36 17 35 36 26 35
split_gain=49.8436 28.9386 25.9211 29.2964 7.90104 7.01606 6.82452 6.39144 1.88957 0.464974
threshold=-0.19326729327440259 0.21551724523305896 0.71271035075187694 -0.064603507518768297 0.11878564953804018 0.25889419019222265 -0.095966085791587816 1.0000000180025095e-35 0.034980516880750663 -0.15269868820905683
decision_type=2 2 2 2 2 2 2 2 2 2
left_child=4 6 3 -3 5 -1 -2 -8 -4 -7
right_child=1 2 8 -5 -6 9 7 -9 -10 -11
leaf_value=0.0018407170123105174 0.00039060259441965568 -0.0013964820352746099 -0.0029410919363787261 0.00046532723190983695 0.00070041443598102516 0.0040149580258621613 -4.0853238904366501e-05 -0.0026236191080197466 -0.0054336759748627415 0.0080040822872471783
leaf_weight=217 124 1487 220 8816 148 162 127 729 121 166
leaf_count=217 124 1487 220 8816 148 162 127 729 121 166
internal_value=2.53611e-06 -0.000386426 -6.45601e-06 0.000218883 0.00649176 0.007875 -0.00448604 -0.00527729 -0.00673772 0.0101914
internal_weight=12317 11624 10644 10303 693 545 980 856 341 328
internal_count=12317 11624 10644 10303 693 545 980 856 341 328
is_linear=0
shrinkage=0.025


Tree=17
num_leaves=11
num_cat=0
split_feature=38 33 20 36 36 6 35 26 35 35
split_gain=50.426 30.0957 26.3907 27.2809 13.7241 6.1809 8.1786 9.68965 4.51067 4.63747
threshold=-0.19326729327440259 -0.014053912367671726 -0.067831840366125093 0.69696828722953807 0.22331114113330844 0.080118481069803252 -0.12351805344223975 0.032970875501632697 -0.092766154557466493 0.12500289455056193
decision_type=2 2 2 2 2 2 2 2 2 2
left_child=5 8 4 -4 -3 6 7 -1 -2 -10
right_child=1 2 3 -5 -6 -7 -8 -9 9 -11
leaf_value=0.00022915824180902314 4.012615427322654e-05 -0.0017358486503455011 0.00050754375958400773 -0.0033887580241215506 0.00078948622052310449 0.00058071104187638097 0.0076110837680551276 0.0040387365022100871 -0.0025918197743720721 -0.0015135183374440642
leaf_weight=164 123 1097 8777 374 320 126 213 188 490 411
leaf_count=164 123 1097 8777 374 320 126 213 188 490 411
internal_value=8.18888e-05 -0.000309886 8.68959e-05 0.000579538 -0.00308105 0.00661818 0.00773026 0.00523459 -0.0043914 -0.00500138
internal_weight=12283 11592 10568 9151 1417 691 565 352 1024 901
internal_count=12283 11592 10568 9151 1417 691 565 352 1024 901
is_linear=0
shrinkage=0.025


Tree=18
num_leaves=15
num_cat=0
split_feature=37 36 37 37 16 36 35 16 37 37 26 33 5 31
split_gain=27.9886 56.5483 40.2383 33.4659 50.627 44.7343 28.2154 23.0202 22.9581 18.9752 18.9615 10.6882 7.23517 5.10326
threshold=0.018167415633797649 0.12063087522983552 0.02474186941981316 0.0096958554349839705 0.020029208622872833 0.40858550369739538 0.27539369463920599 0.031523328274488456 0.019836046732962135 0.012607676442712547 0.030683358199894432 -0.0029459439683705564 0.36106221377849584 0.45356430113315588
decision_type=2 2 2 2 2 2 2 2 2 2 2 2 2 2
left_child=3 8 7 6 9 -6 11 -3 -2 -5 -4 -1 -8 -10
right_child=1 2 10 4 5 -7 12 -9 13 -11 -12 -13 -14 -15
leaf_value=-0.0012180671008572954 -0.0011204049154934406 0.00079978298507849357 0.0003622315814882933 -0.0028633358543304018 0.0010018869924485617 -0.0024603261334166238 -0.0051679853056712452 0.0088651685663427935 0.0022751000308814848 -0.0010630163382760384 -0.0026734376545395088 0.0022108469715003422 -0.000970387739675928 0.0067198622414261014
leaf_weight=266 129 1064 413 1322 2809 1120 143 170 299 1379 817 1633 228 546
leaf_count=266 129 1064 413 1322 2809 1120 143 170 299 1379 817 1633 228 546
internal_value=4.40533e-05 0.00195868 -5.8222e-05 -0.000695536 -0.00159288 0.000217654 0.00192033 0.00312248 0.00704162 -0.00422441 -0.00325405 0.00315454 -0.00433843 0.00853676
internal_weight=12338 3438 2464 8900 6630 3929 2270 1234 974 2701 1230 1899 371 845
internal_count=12338 3438 2464 8900 6630 3929 2270 1234 974 2701 1230 1899 371 845
is_linear=0
shrinkage=0.025


Tree=19
num_leaves=11
num_cat=0
split_feature=38 5 31 10 35 35 37 6 42 17
split_gain=45.0801 28.2856 24.3845 24.4905 16.1384 15.6717 17.0984 10.4077 4.74215 4.02968
threshold=-0.19827860593795774 0.18408421427011493 1.7389531731605532 0.021282457746565345 -0.033768339082598679 0.25574588775634771 0.0090410355478525179 0.080118481069803252 -0.041055539622902863 0.22201936691999438
decision_type=2 2 2 2 2 2 2 2 2 2
left_child=7 5 4 -4 -3 6 -2 9 -7 -1
right_child=1 2 3 -5 -6 8 -8 -9 -10 -11
leaf_value=0.002635952235855494 0.0015763347256240485 -0.00060315305305150594 0.00011073097065050011 -0.003026308020077357 0.0010720770344351889 -0.0047617508491387102 -0.0010976873737663319 0.00020916758365266687 -0.0015242592839449813 0.006305644277785738
leaf_weight=156 433 1073 1726 890 5169 190 2113 121 133 277
leaf_count=156 433 1073 1726 890 5169 190 2113 121 133 277
internal_value=7.37628e-05 -0.000256244 0.000442147 -0.00158098 0.00129162 -0.00241171 -0.00174196 0.00701029 -0.00756479 0.00880422
internal_weight=12281 11727 8858 2616 6242 2869 2546 554 323 433
internal_count=12281 11727 8858 2616 6242 2869 2546 554 323 433
is_linear=0
shrinkage=0.025


Tree=20
num_leaves=11
num_cat=0
split_feature=38 33 36 37 16 16 16 38 31 34
split_gain=48.2997 24.3154 23.7711 26.2727 19.7559 10.4474 7.90361 6.27483 3.19012 2.65173
threshold=-0.19326729327440259 -0.011266719549894331 0.71271035075187694 0.016165301203727726 0.032191650941967971 0.021935493685305122 0.02120876777917147 -0.14347234368324277 0.38564106822013861 0.15573424845933917
decision_type=2 2 2 2 2 2 2 2 2 2
left_child=5 4 3 -3 7 6 -1 -2 -7 -4
right_child=1 2 9 -5 -6 8 -8 -9 -10 -11
leaf_value=0.0053002324964537863 9.1634830484973323e-05 -0.00038472702109917868 -0.0044731715924651331 0.0011441974219888449 0.0019096324850193939 0.0025705431098655275 -0.00092216907231424501 -0.0024481906555342808 0.0057260972026362735 -0.0017576275654380405
leaf_weight=136 145 6714 195 3350 139 154 145 971 248 137
leaf_count=136 145 6714 195 3350 139 154 145 971 248 137
internal_value=3.54567e-06 -0.000375879 2.10316e-05 0.000240217 -0.00365575 0.00644077 0.00264423 -0.00476695 0.00901413 -0.00650964
internal_weight=12334 11651 10396 10064 1255 683 281 1116 402 332
internal_count=12334 11651 10396 10064 1255 683 281 1116 402 332
is_linear=0
shrinkage=0.025


Tree=21
num_leaves=11
num_cat=0
split_feature=38 33 36 5 17 36 38 34 3 17
split_gain=41.7201 25.5066 23.2921 27.2053 6.62343 7.7176 4.79982 4.99699 2.27083 1.00648
threshold=-0.19326729327440259 -0.014053912367671726 0.69696828722953807 0.18408421427011493 0.22738778591156009 0.14291392266750338 -0.14347234368324277 -0.0074725665617734185 0.48689734935760504 0.52514186501503002
decision_type=2 2 2 2 2 2 2 2 2 2
left_child=4 6 3 -3 -1 9 -2 -8 -4 -6
right_child=1 2 8 -5 5 -7 7 -9 -10 -11
leaf_value=0.00090060711598439905 5.9031325203635564e-05 -0.00098095339022682905 -0.0022621889966938286 0.00058219197362395015 0.0029708535817536972 0.0019534284907222286 -0.0024245807598543977 -0.00096641088319728745 -0.004315363354758967 0.0069361345175473921
leaf_weight=217 151 2527 248 7648 135 122 585 326 140 204
leaf_count=217 151 2527 248 7648 135 122 585 326 140 204
internal_value=-1.06638e-05 -0.000363822 7.6883e-06 0.000238826 0.00599378 0.00768509 -0.00404756 -0.00472844 -0.00596374 0.00961119
internal_weight=12303 11625 10563 10175 678 461 1062 911 388 339
internal_count=12303 11625 10563 10175 678 461 1062 911 388 339
is_linear=0
shrinkage=0.025


Tree=22
num_leaves=11
num_cat=0
split_feature=38 35 5 10 36 48 27 17 36 13
split_gain=42.2014 21.2263 25.7653 21.9041 14.4001 5.74121 4.9993 5.82295 3.45451 0.0854567
threshold=-0.19454865157604215 0.39692528545856481 0.18408421427011493 0.025462199002504352 0.22696442902088168 0.26724137365818029 -0.00097170067601837207 0.26459564268589025 0.49460774660110479 -0.32734149694442743
decision_type=2 2 2 2 2 2 2 2 2 2
left_child=6 2 4 -4 -2 -3 -1 -8 -7 -9
right_child=1 5 3 -5 -6 8 7 9 -10 -11
leaf_value=0.0013566170261337302 -0.0014122721580896835 -0.00049548473867294597 0.00075763423551938576 -0.0013620592233466852 0.00013268321033333143 -0.0018872101032143527 0.0018089820061390916 0.0055052886431629497 -0.0040085496755931675 0.0049411962175787052
leaf_weight=123 1738 151 6871 1394 1059 187 194 122 235 203
leaf_count=123 1738 151 6871 1394 1059 187 194 122 235 203
internal_value=7.37868e-05 -0.000271155 -2.65429e-05 0.000674879 -0.00209895 -0.00494161 0.00628864 0.00735926 -0.00642564 0.00941288
internal_weight=12277 11635 11062 8265 2797 573 642 519 422 325
internal_count=12277 11635 11062 8265 2797 573 642 519 422 325
is_linear=0
shrinkage=0.025


Tree=23
num_leaves=11
num_cat=0
split_feature=38 31 35 33 37 44 37 6 31 48
split_gain=37.6904 25.0295 25.4007 27.1619 18.2515 16.3783 14.6121 8.90675 7.26508 4.74847
threshold=-0.19627093523740766 0.38564106822013861 0.39692528545856481 0.0060189003124833116 0.0090836221352219599 0.014815327711403372 0.014945044647902252 0.080118481069803252 0.38564106822013861 0.26724137365818029
decision_type=2 2 2 2 2 2 2 2 2 2
left_child=7 4 3 -3 5 -2 -6 8 -1 -4
right_child=1 2 9 -5 6 -7 -8 -9 -10 -11
leaf_value=0.0018028574183981461 0.0027089506890410234 -0.00026375137874437571 -0.00046972987940195176 0.0014980153361232606 -0.0020794101713656485 -0.0019899552502094654 -0.00037972229400007036 0.00087353887367305489 0.0056953341285438741 -0.0030245852225770959
leaf_weight=167 324 5388 154 3313 1198 201 728 131 286 417
leaf_count=167 324 5388 154 3313 1198 201 728 131 286 417
internal_value=5.73627e-05 -0.000252068 0.000341571 0.000678411 -0.00249644 0.00161557 -0.00362183 0.00622878 0.00787391 -0.00474175
internal_weight=12307 11723 9272 8701 2451 525 1926 584 453 571
internal_count=12307 11723 9272 8701 2451 525 1926 584 453 571
is_linear=0
shrinkage=0.025


Tree=24
num_leaves=9
num_cat=0
split_feature=38 16 33 36 35 16 16 17
split_gain=41.0675 23.8712 21.4414 30.577 16.6258 7.09455 10.7976 2.70129
threshold=-0.19627093523740766 0.035095622763037689 0.0056248260661959657 0.71271035075187694 0.2715559601783753 0.022964132018387321 0.021305081434547905 0.53047043085098278
decision_type=2 2 2 2 2 2 2 2
left_child=5 2 4 -4 -2 6 -1 -7
right_child=1 -3 3 -5 -6 7 -8 -9
leaf_value=0.0056553074410285748 -0.00049852680546801781 0.005928747920565346 0.00082559995670638511 -0.0031315320797509166 -0.0027852420268495177 0.0029028415372495718 -0.00064294385662447967 0.0055544697421167225
leaf_weight=135 6189 188 4275 341 763 185 136 149
leaf_count=135 6189 188 4275 341 763 185 136 149
internal_value=-2.52709e-06 -0.000331073 -0.000476864 0.000842621 -0.00135385 0.00632172 0.00319293 0.00875737
internal_weight=12361 11756 11568 4616 6952 605 271 334
internal_count=12361 11756 11568 4616 6952 605 271 334
is_linear=0
shrinkage=0.025


Tree=25
num_leaves=12
num_cat=0
split_feature=38 34 35 37 37 37 15 6 35 17 35
split_gain=41.1522 22.2267 44.8418 37.9277 50.6907 34.563 11.0089 9.38344 9.07455 8.90224 1.79177
threshold=-0.19326729327440259 0.046271238476037986 0.33635257184505468 0.0090410355478525179 0.013491752557456495 0.018167415633797649 0.5948275923728944 0.082157801836729064 -0.0033924534218385811 0.25889419019222265 -0.17830219119787213
decision_type=2 2 2 2 2 2 2 2 2 2 2
left_child=7 3 5 8 -5 -3 -4 9 -2 -1 -11
right_child=1 2 6 4 -6 -7 -8 -9 -10 10 -12
leaf_value=0.0011800291752807842 7.5903728128582515e-05 0.00060269250470254077 -0.003089343206435904 -0.0025283363686669246 -0.00023691756796363035 0.004508036165371869 -0.00043516397099847907 -0.00017224549039500243 0.0034812893544904615 0.002747004957453128 0.0064587099623311193
leaf_weight=222 195 3424 675 1758 3931 654 579 122 399 142 208
leaf_count=222 195 3424 675 1758 3931 654 579 122 399 142 208
internal_value=5.07552e-07 -0.000353378 0.000832631 -0.00136073 -0.00199003 0.00210476 -0.0032913 0.00589235 0.00462229 0.00722487 0.0097007
internal_weight=12309 11615 5332 6283 5689 4078 1254 694 594 572 350
internal_count=12309 11615 5332 6283 5689 4078 1254 694 594 572 350
is_linear=0
shrinkage=0.025


Tree=26
num_leaves=12
num_cat=0
split_feature=38 34 37 36 37 36 35 10 11 40 38
split_gain=35.9621 19.7545 32.8259 40.8294 31.9665 5.98595 5.53088 4.93562 4.29446 2.80955 2.0414
threshold=-0.19627093523740766 -0.089155305176973329 0.018167415633797649 0.30227717757225042 0.0096958554349839705 0.11878564953804018 -0.15269868820905683 0.023037901148200039 0.028397066518664364 0.91449338197708141 -0.11912770569324492
decision_type=2 2 2 2 2 2 2 2 2 2 2
left_child=5 7 4 -4 -3 6 8 9 -1 -2 -9
right_child=1 2 3 -5 -6 -7 -8 10 -10 -11 -12
leaf_value=0.00096653236853388655 -0.0022002183771206406 0.0011724125943196901 0.0035351211419142425 1.0481226348795122e-05 -0.00088867593149917013 0.00054027083285929089 0.0065911511985751519 -0.0038921641435498925 0.0056832150561490647 0.00045267434782183158 -0.0013231407307162124
leaf_weight=181 130 2292 899 1474 6291 129 159 258 121 128 184
leaf_count=181 130 2292 899 1474 6291 129 159 258 121 128 184
internal_value=4.43841e-05 -0.00026102 0 0.00259935 -0.000719754 0.00603992 0.0073632 -0.00431738 0.00519137 -0.00149715 -0.00591443
internal_weight=12246 11656 10956 2373 8583 590 461 700 302 258 442
internal_count=12246 11656 10956 2373 8583 590 461 700 302 258 442
is_linear=0
shrinkage=0.025


Tree=27
num_leaves=12
num_cat=0
split_feature=38 5 35 33 36 35 9 6 35 26 36
split_gain=38.4919 21.3384 25.0223 24.9137 13.0334 20.1227 9.717 9.0609 9.80055 10.8345 7.09886
threshold=-0.19112806767225263 0.18408421427011493 0.39692528545856481 0.0056248260661959657 0.22089967131614688 0.15827039629220965 0.01551299635320902 0.082157801836729064 -0.12351805344223975 0.034083437174558646 0.45859330892562872
decision_type=2 2 2 2 2 2 2 2 2 2 2
left_child=7 4 3 -3 6 -6 -2 8 9 -1 -4
right_child=1 2 10 -5 5 -7 -8 -9 -10 -11 -12
leaf_value=5.7502918577445607e-05 0.00025370666263428503 -0.00034469087386095022 -2.7981768725773848e-06 0.0013645288684419039 0.0019532848763589563 -0.0019281434834970787 -0.0016895762755428098 -0.00025106119594366479 0.0062444638650029534 0.0034396871046206198 -0.002932884723418511
leaf_weight=205 301 4935 136 3224 559 550 1376 124 227 177 397
leaf_count=205 301 4935 136 3224 559 550 1376 124 227 177 397
internal_value=2.91626e-05 -0.000326025 0.000283862 0.000628522 -0.00222814 -0.000117819 -0.00361549 0.00556402 0.00680985 0.00424742 -0.00493727
internal_weight=12211 11478 8692 8159 2786 1109 1677 733 609 382 533
internal_count=12211 11478 8692 8159 2786 1109 1677 733 609 382 533
is_linear=0
shrinkage=0.025


end of trees

feature_importances:
universe58_loo_log_return_126=39
universe58_loo_realized_volatility_20=39
universe58_loo_log_return_60=35
universe58_loo_drawdown_252=29
cross_section_return_dispersion=19
source_momentum_12_1=19
universe58_loo_log_return_20=15
universe58_loo_log_return_1=14
source_log_return_252=11
source_distance_from_252_session_low=11
source_intraday_log_range=9
cross_section_positive_return_breadth=8
source_parkinson_volatility_20=6
source_downside_volatility_20=5
cross_section_beta_60_percentile=4
source_log_return_126=3
source_realized_volatility_60=3
source_close_ma200_ratio=3
source_idiosyncratic_volatility_60=3
source_realized_volatility_20=2
source_downside_volatility_60=2
source_drawdown_from_252_session_peak=2
source_log_return_5=1
source_log_return_60=1
source_bollinger_bandwidth_20=1
source_overnight_gap_1=1
source_beta_universe58_252=1
source_residual_momentum_20=1

parameters:
[boosting: gbdt]
[objective: quantile]
[metric: quantile]
[tree_learner: serial]
[device_type: cpu]
[data_sample_strategy: bagging]
[data: ]
[valid: ]
[num_iterations: 28]
[learning_rate: 0.025]
[num_leaves: 15]
[num_threads: 12]
[seed: 32009]
[deterministic: 1]
[force_col_wise: 1]
[force_row_wise: 0]
[histogram_pool_size: -1]
[max_depth: 4]
[min_data_in_leaf: 120]
[min_sum_hessian_in_leaf: 0.001]
[bagging_fraction: 0.85]
[pos_bagging_fraction: 1]
[neg_bagging_fraction: 1]
[bagging_freq: 1]
[bagging_seed: 32009]
[bagging_by_query: 0]
[feature_fraction: 0.75]
[feature_fraction_bynode: 1]
[feature_fraction_seed: 32009]
[extra_trees: 0]
[extra_seed: 4445]
[early_stopping_round: 0]
[early_stopping_min_delta: 0]
[first_metric_only: 0]
[max_delta_step: 0]
[lambda_l1: 0.25]
[lambda_l2: 5]
[linear_lambda: 0]
[min_gain_to_split: 0]
[drop_rate: 0.1]
[max_drop: 50]
[skip_drop: 0.5]
[xgboost_dart_mode: 0]
[uniform_drop: 0]
[drop_seed: 1134]
[top_rate: 0.2]
[other_rate: 0.1]
[min_data_per_group: 100]
[max_cat_threshold: 32]
[cat_l2: 10]
[cat_smooth: 10]
[max_cat_to_onehot: 4]
[top_k: 20]
[monotone_constraints: ]
[monotone_constraints_method: basic]
[monotone_penalty: 0]
[feature_contri: ]
[forcedsplits_filename: ]
[refit_decay_rate: 0.9]
[cegb_tradeoff: 1]
[cegb_penalty_split: 0]
[cegb_penalty_feature_lazy: ]
[cegb_penalty_feature_coupled: ]
[path_smooth: 0]
[interaction_constraints: ]
[verbosity: -1]
[saved_feature_importance_type: 0]
[use_quantized_grad: 0]
[num_grad_quant_bins: 4]
[quant_train_renew_leaf: 0]
[stochastic_rounding: 1]
[linear_tree: 0]
[max_bin: 255]
[max_bin_by_feature: ]
[min_data_in_bin: 3]
[bin_construct_sample_cnt: 200000]
[data_random_seed: 32009]
[is_enable_sparse: 1]
[enable_bundle: 1]
[use_missing: 1]
[zero_as_missing: 0]
[feature_pre_filter: 1]
[pre_partition: 0]
[two_round: 0]
[header: 0]
[label_column: ]
[weight_column: ]
[group_column: ]
[ignore_column: ]
[categorical_feature: ]
[forcedbins_filename: ]
[precise_float_parser: 0]
[parser_config_file: ]
[objective_seed: 30467]
[num_class: 1]
[is_unbalance: 0]
[scale_pos_weight: 1]
[sigmoid: 1]
[boost_from_average: 1]
[reg_sqrt: 0]
[alpha: 0.5]
[fair_c: 1]
[poisson_max_delta_step: 0.7]
[tweedie_variance_power: 1.5]
[lambdarank_truncation_level: 30]
[lambdarank_norm: 1]
[label_gain: ]
[lambdarank_position_bias_regularization: 0]
[eval_at: ]
[multi_error_top_k: 1]
[auc_mu_weights: ]
[num_machines: 1]
[local_listen_port: 12400]
[time_out: 120]
[machine_list_filename: ]
[machines: ]
[gpu_platform_id: -1]
[gpu_device_id: -1]
[gpu_use_dp: 0]
[num_gpu: 1]

end of parameters

pandas_categorical:[]
