tree
version=v4
num_class=1
num_tree_per_iteration=1
label_index=0
max_feature_idx=48
objective=huber
feature_names=source_log_return_1 source_log_return_5 source_log_return_20 source_log_return_60 source_log_return_126 source_log_return_252 source_intraday_log_range source_close_to_open_log_return source_realized_volatility_20 source_realized_volatility_60 source_downside_volatility_20 source_downside_volatility_60 source_drawdown_from_60_session_peak source_drawdown_from_252_session_peak cross_section_momentum_20_percentile cross_section_positive_return_breadth cross_section_return_dispersion source_momentum_12_1 source_ma5_ma20_ratio source_close_ma50_ratio source_close_ma200_ratio source_rsi_14 source_bollinger_pct_b_20 source_bollinger_bandwidth_20 source_adx_14 source_directional_index_spread_14 source_parkinson_volatility_20 source_overnight_gap_1 source_positive_day_ratio_20 source_max_daily_log_return_20 source_return_skewness_60 source_distance_from_252_session_low source_volatility_ratio_20_60 universe58_loo_log_return_1 universe58_loo_log_return_20 universe58_loo_log_return_60 universe58_loo_log_return_126 universe58_loo_realized_volatility_20 universe58_loo_drawdown_252 source_beta_universe58_60 source_beta_universe58_252 source_correlation_universe58_60 source_residual_momentum_20 source_residual_momentum_126 source_idiosyncratic_volatility_60 cross_section_momentum_126_percentile cross_section_momentum_252_percentile cross_section_volatility_60_percentile cross_section_beta_60_percentile
feature_infos=[-0.10537159442901611:0.095442883670330048] [-0.54819971323013306:0.44636186957359314] [-1.1351611614227295:1.077221155166626] [-1.1748896837234497:1.5560240745544434] [-1.0489567518234253:2.3170430660247803] [-0.89605218172073364:2.9264204502105713] [0:0.27988538146018982] [-0.16868740320205688:0.25632256269454956] [0.0056120613589882851:0.11531444638967514] [0.0079651456326246262:0.088721774518489838] [0.00095409812638536096:0.092050075531005859] [0.0056960904039442539:0.063900329172611237] [-0.71968960762023926:0] [-0.71968960762023926:0] [0.017241379246115685:1] [0.017241379246115685:1] [0.0096504408866167068:0.043657612055540085] [-0.84071391820907593:2.8910765647888184] [-0.47595494985580444:0.57290768623352051] [-0.62940984964370728:1.5476077795028687] [-0.57781422138214111:3.874976634979248] [0:100] [-0.36075755953788757:1.4438486099243164] [0.024132920429110527:1.7820020914077759] [6.9016203880310059:84.119827270507812] [-54.177944183349609:77.140235900878906] [0.0063288267701864243:0.099167443811893463] [-0.22113896906375885:0.095378585159778595] [0.10000000149011612:0.89999997615814209] [0.005115102045238018:0.18252909183502197] [-2.965186595916748:2.5798490047454834] [0:18.523586273193359] [0.28278514742851257:1.6446642875671387] [-0.092919811606407166:0.057573974132537842] [-0.39400303363800049:0.26549568772315979] [-0.32455301284790039:0.55794161558151245] [-0.14465788006782532:0.86915600299835205] [0.005578002892434597:0.041373930871486664] [-0.35748890042304993:0] [-0.96327811479568481:2.3354122638702393] [0.20776782929897308:1.5706025362014771] [-0.25081929564476013:0.94294917583465576] [-1.1516678333282471:1.0071370601654053] [-1.3436253070831299:1.9539748430252075] [0.0059593440964818001:0.072794802486896515] [0.017241379246115685:1] [0.017241379246115685:1] [0.017241379246115685:1] [0.017241379246115685:1]
tree_sizes=2201 1966 2791 2424 2514 2506 2516 1982 2602 2065

Tree=0
num_leaves=24
num_cat=0
split_feature=38 36 33 16 37 37 36 35 36 37 36 17 34 5 37 36 43 48 34 47 26 5 40
split_gain=33.1749 13.6895 14.7332 14.2402 12.9177 11.3482 11.361 10.1299 9.37254 8.42832 4.75886 6.29092 4.56489 4.06467 1.84762 1.78946 1.61095 1.42669 0.791697 0.765399 0.560163 0.46235 0.143932
threshold=-0.19827860593795774 0.69696828722953807 0.0060189003124833116 0.036993477493524558 0.0090410355478525179 0.020710797049105171 0.025799558497965339 0.26847122609615331 0.36397646367549902 0.027776439674198631 0.1535020396113396 0.59809595346450817 0.045044220983982093 0.43100000917911535 0.0098540820181369799 0.32716034352779394 -0.052466841414570801 0.71515038609504711 0.13426362723112109 0.57171678543090831 0.035987842828035362 0.082179121673107161 0.89840877056121837
decision_type=2 2 2 2 2 2 2 2 2 2 2 2 2 2 2 2 2 2 2 2 2 2 2
left_child=10 2 3 4 7 6 14 -2 -6 13 11 17 -8 -7 -4 -11 18 20 -3 -18 21 -1 -13
right_child=1 16 5 -5 8 9 12 -9 -10 15 -12 22 -14 -15 -16 -17 19 -19 -20 -21 -22 -23 -24
leaf_value=0.12824367951743551 0.12955208306651247 0.1236713346815994 0.12807969358099444 0.13414339053763533 0.12683690940407946 0.12931564884725147 0.12705683693648842 0.12521473266738228 0.1251137938209842 0.12808050828516496 0.12704937242805947 0.13704769128470207 0.12874714631930345 0.13268342756290208 0.12447076636029182 0.12392463689788412 0.12386689922735601 0.13344193107850458 0.12640741313849632 0.12128331426193364 0.13129525449360777 0.13054996211894898 0.13460455023583029
leaf_weight=80 967 79 64 102 4584 230 905 274 1743 106 66 67 2156 405 418 64 113 74 97 114 113 65 124
leaf_count=80 967 79 64 102 4584 230 905 274 1743 106 66 67 2156 405 418 64 113 74 97 114 113 65 124
internal_value=0.127454 0.127234 0.127356 0.126829 0.126727 0.128285 0.127797 0.128591 0.126361 0.130424 0.13208 0.132715 0.128247 0.13148 0.124953 0.126488 0.123622 0.130993 0.125131 0.122501 0.130226 0.129326 0.135602
internal_weight=13010 12421 12018 7670 7568 4348 3543 1241 6327 805 589 523 3061 635 482 170 403 332 176 227 258 145 191
internal_count=13010 12421 12018 7670 7568 4348 3543 1241 6327 805 589 523 3061 635 482 170 403 332 176 227 258 145 191
is_linear=0
shrinkage=1


Tree=1
num_leaves=20
num_cat=0
split_feature=38 16 36 33 36 36 34 35 35 34 0 17 31 48 8 40 17 30 36
split_gain=33.6065 13.4162 12.7555 14.8802 9.23376 7.16177 10.0857 7.61103 6.27861 5.55351 4.86673 5.06548 1.43049 1.3256 1.01621 0.651189 0.569075 0.478388 0.294466
threshold=-0.19827860593795774 0.036993477493524558 0.69696828722953807 0.0059107644483447084 0.0030433809151872997 0.35504272580146795 0.17313789576292041 0.0041107058059424171 0.13528906553983691 -0.095037426799535737 -0.063499696552753435 0.59333720803260814 2.7420946359634404 0.73275861144065868 0.033211013302207 1.0763852596282961 0.25889419019222265 -0.42732213437557215 0.77135005593299877
decision_type=2 2 2 2 2 2 2 2 2 2 2 2 2 2 2 2 2 2 2
left_child=10 2 3 5 8 7 -7 -2 -5 -6 -1 13 14 16 15 -4 17 -12 -16
right_child=1 -3 12 4 9 6 -8 -9 -10 -11 11 -13 -14 -15 18 -17 -18 -19 -20
leaf_value=-0.00039370389200720781 -0.0012169222384092228 0.0066021184132744873 -0.0027913826881152278 -0.0025310415504035638 -0.0033895730182493676 -0.0020114919554721474 0.0036534421869411143 0.00031596424871598749 0.0031500006201076172 0.0012331436454776255 0.0034050390108933916 0.0077730637785836396 -0.0057164964476567612 0.0059836930377176033 -0.0030584073971274871 -0.0001573157085194474 0.0041910326839127441 0.0011396723519634419 -0.005332738004719003
leaf_weight=68 2197 111 103 479 104 2071 131 3148 90 3732 66 200 111 77 68 60 91 96 65
leaf_count=68 2197 111 103 479 104 2071 131 3148 90 3732 66 200 111 77 68 60 91 96 65
internal_value=-4.6673e-06 -0.000227324 -0.00029033 -0.000171209 0.000752063 -0.000710318 -0.00166951 -0.000314253 -0.0016189 0.001105 0.00461465 0.00525771 -0.00375915 0.00367396 -0.00297181 -0.00184818 0.0029052 0.00211379 -0.00427039
internal_weight=13068 12470 12359 11952 4405 7547 2202 5345 569 3836 598 530 407 330 296 163 253 162 133
internal_count=13068 12470 12359 11952 4405 7547 2202 5345 569 3836 598 530 407 330 296 163 253 162 133
is_linear=0
shrinkage=0.02


Tree=2
num_leaves=29
num_cat=0
split_feature=38 35 34 37 37 37 38 33 35 13 7 17 35 37 33 35 37 34 38 33 48 39 20 3 26 32 48 30
split_gain=29.0007 9.59841 13.7339 17.7302 12.5955 14.5537 12.385 6.65499 4.94236 5.69408 4.34453 4.80653 3.84347 3.82016 3.20873 2.75784 2.12146 2.0164 1.97762 1.531 1.43609 0.985145 0.84708 0.675139 0.565879 0.590934 0.203182 0.191715
threshold=-0.19827860593795774 0.39692528545856481 0.054538650438189513 0.018697906285524372 0.0090410355478525179 0.01248706365004182 -0.017655326053500172 -0.0004340637096902355 0.33397397398948675 -0.12710925191640851 -0.066012762486934648 0.56011134386062633 0.063966359943151488 0.02474186941981316 0.018111723475158218 -0.030784299597144123 0.019836046732962135 1.0000000180025095e-35 -0.013571278657764195 0.021355422213673595 0.71515038609504711 0.97258502244949352 0.60823878645896923 0.36638338863849645 0.035751128569245345 1.0524689555168154 0.33400586247444158 0.3603194802999497
decision_type=2 2 2 2 2 2 2 2 2 2 2 2 2 2 2 2 2 2 2 2 2 2 2 2 2 2 2 2
left_child=10 2 4 8 15 12 -7 13 9 -4 -1 20 -6 -5 -10 -2 19 -17 -9 22 24 -21 23 -3 25 -12 -24 -13
right_child=1 16 3 7 5 6 -8 18 14 -11 11 27 -14 -15 -16 17 -18 -19 -20 21 -22 -23 26 -25 -26 -27 -28 -29
leaf_value=-0.00068143433663580156 -0.0017447198628827831 -0.003164037162239881 -0.00045458555723918326 0.0035974330067107775 -0.0018478750746467227 -2.0708961057111577e-05 -0.0031191760818703659 0.0065040278725140592 -0.0022831484452955622 0.0011841557351378225 0.0030913025590577231 0.0081067809502580277 -0.0039433310832601917 -0.0018791829043023642 0.00080386102806844319 0.0035031840025912977 -0.005147752680708613 0.0012228725609721893 0.0036636340239258741 0.0011089792916176432 0.0058405626380914136 -0.0019204912586499832 -0.0028405090596383582 -0.0007835559556950574 0.0037274460800031622 0.00049658607664268193 -0.0047709357270172663 0.0057331417645601667
leaf_weight=60 73 91 1381 96 930 4221 585 233 446 2187 64 131 573 102 190 295 110 338 201 79 73 87 62 105 103 79 81 65
leaf_count=60 73 91 1381 96 930 4221 585 233 446 2187 64 131 573 102 190 295 110 338 201 79 73 87 62 105 103 79 81 65
internal_value=-1.25939e-05 -0.000215682 -8.88558e-05 0.000730798 -0.000654122 -0.000937892 -0.000399782 0.00384593 0.000259845 0.000549749 0.00436689 0.00495751 -0.00265367 0.000785232 -0.00135992 0.00187355 -0.00264569 0.00229866 0.00522502 -0.00207154 0.00338456 -0.000478745 -0.00283753 -0.00192484 0.00259015 0.00170437 -0.00401638 0.00742293
internal_weight=13041 12466 11851 4836 7015 6309 4806 632 4204 3568 575 515 1503 198 636 706 615 633 434 505 319 166 339 196 246 143 143 196
internal_count=13041 12466 11851 4836 7015 6309 4806 632 4204 3568 575 515 1503 198 636 706 615 633 434 505 319 166 339 196 246 143 143 196
is_linear=0
shrinkage=0.02


Tree=3
num_leaves=25
num_cat=0
split_feature=38 36 33 16 37 37 35 36 36 37 36 17 5 34 35 37 43 48 34 47 17 30 29 30
split_gain=30.366 12.8666 12.2846 14.1192 11.5313 11.3912 10.2257 9.62237 8.74982 8.74923 5.03585 5.35007 4.11587 3.734 1.87254 1.81029 1.56519 1.26087 0.807666 0.650214 0.482363 0.446975 0.376827 0.177494
threshold=-0.19827860593795774 0.69696828722953807 0.0059107644483447084 0.036993477493524558 0.0090410355478525179 0.020710797049105171 0.26704010367393499 0.018819500692188743 0.41133338212966924 0.028813262470066551 0.1535020396113396 0.59809595346450817 0.41045761108398443 0.045044220983982093 0.0061032399535179147 0.032204821705818183 -0.052466841414570801 0.71515038609504711 0.15573424845933917 0.59097579121589672 0.25889419019222265 -0.42732213437557215 0.072292331606149687 0.3603194802999497
decision_type=2 2 2 2 2 2 2 2 2 2 2 2 2 2 2 2 2 2 2 2 2 2 2 2
left_child=10 2 3 4 6 7 -2 14 -6 12 11 17 -7 -9 -4 -11 18 20 -3 22 21 -1 -18 -13
right_child=1 16 5 -5 8 9 -8 13 -10 15 -12 23 -14 -15 -16 -17 19 -19 -20 -21 -22 -23 -24 -25
leaf_value=0.003349094627188548 0.0020390228749659475 -0.0035554186133870285 -6.054806951059228e-05 0.0066363182898576028 -0.00066389157981799885 0.0017195905817093122 -0.0023289665914259174 -0.00038632306253218792 -0.0025567361625281953 -0.0039155082760290016 -0.00064422360952529653 0.0084380175621463702 0.0051311486101635606 0.0011233613875901581 -0.0030552269392205168 0.00040303380882330972 -0.0047361658275127411 0.0057741292424691023 -0.00086448764213428069 -0.0059801928773607054 0.0038787424507386544 0.0011222326071001589 -0.0022920550337682168 0.0059998927484474964
leaf_weight=60 971 89 109 104 5124 222 272 932 1206 60 69 127 414 2188 366 99 62 75 94 107 99 101 63 64
leaf_count=60 971 89 109 104 5124 222 272 932 1206 60 69 127 414 2188 366 99 62 75 94 107 99 101 63 64
internal_value=-4.12288e-06 -0.000215074 -9.54677e-05 -0.000578026 -0.000679821 0.000747995 0.00107909 0.000267624 -0.00102572 0.00290981 0.00439844 0.00506173 0.00395555 0.000672133 -0.00237481 -0.00126276 -0.00366484 0.00348142 -0.00221481 -0.00476148 0.00275793 0.0020043 -0.00359474 0.00773162
internal_weight=13077 12482 12067 7677 7573 4390 1243 3595 6330 795 595 526 636 3120 475 159 415 335 183 232 260 161 125 191
internal_count=13077 12482 12067 7677 7573 4390 1243 3595 6330 795 595 526 636 3120 475 159 415 335 183 232 260 161 125 191
is_linear=0
shrinkage=0.02


Tree=4
num_leaves=26
num_cat=0
split_feature=38 36 33 16 37 37 35 36 36 37 37 36 34 34 35 9 36 35 43 34 26 9 35 17 40
split_gain=29.9613 12.9673 11.2502 12.9674 11.1636 10.6823 10.4242 9.08708 9.061 7.63918 3.93832 4.63593 3.88287 3.20662 2.67754 2.03374 1.64249 1.58128 1.40345 0.731405 0.653474 0.526235 0.675161 0.202882 0.0681804
threshold=-0.19827860593795774 0.69696828722953807 0.0059107644483447084 0.036993477493524558 0.020710797049105171 0.0090410355478525179 0.26704010367393499 0.40858550369739538 0.025799558497965339 0.027776439674198631 0.03049169480800629 0.11878564953804018 0.045044220983982093 -0.039425384253263467 -0.19896756857633588 0.037631016224622733 0.32716034352779394 0.0075964671559631833 -0.052466841414570801 0.15573424845933917 0.035987842828035362 0.034234451130032546 0.41385567188262945 0.66485702991485607 0.95654234290122997
decision_type=2 2 2 2 2 2 2 2 2 2 2 2 2 2 2 2 2 2 2 2 2 2 2 2 2
left_child=10 2 3 5 8 6 -2 -7 17 13 14 15 -10 -6 -1 20 -11 -4 19 -3 -12 22 -20 -16 -25
right_child=1 18 4 -5 9 7 -8 -9 12 16 11 -13 -14 -15 23 -17 -18 -19 21 -21 -22 -23 -24 24 -26
leaf_value=0.0023494403976137223 0.0020114962700237804 -0.0035950104449718689 -0.00039409992260202263 0.0062583939663049858 0.001447116461392676 -0.00061833947203032366 -0.0024010810916599906 -0.0025389065675005523 -0.00046049037337961458 0.00057616456324519885 0.00100963637141081 -0.0017128596585116362 0.0010874476838886526 0.0046973294773980838 0.0055939100165385749 0.0067677196680735324 -0.0034291539227446683 -0.0029982100150461595 -0.0021678571340277082 -0.00098695603224791982 0.0036998182380870341 -0.0060025449315410997 -0.0051355848156318471 0.008738797682523728 0.0063220681556513617
leaf_weight=66 966 86 129 107 170 5071 272 1222 918 108 62 70 2185 465 77 75 62 353 68 92 100 93 71 77 68
leaf_count=66 966 86 129 107 170 5071 272 1222 918 108 62 70 2185 465 77 75 62 353 68 92 100 93 71 77 68
internal_value=-4.64214e-06 -0.000214907 -9.51499e-05 -0.000558873 0.000711268 -0.000658319 0.00103775 -0.000992474 0.000232118 0.0028351 0.00436814 0.00274371 0.000629177 0.00383966 0.00605015 0.00406912 -0.000912952 -0.00231007 -0.00369955 -0.00229125 0.00271338 -0.00473275 -0.00376726 0.00709993 0.00776332
internal_weight=13033 12438 12028 7638 4390 7531 1238 6293 3585 805 595 307 3103 635 288 237 170 482 410 178 162 232 139 222 145
internal_count=13033 12438 12028 7638 4390 7531 1238 6293 3585 805 595 307 3103 635 288 237 170 482 410 178 162 232 139 222 145
is_linear=0
shrinkage=0.02


Tree=5
num_leaves=26
num_cat=0
split_feature=38 36 33 16 37 37 36 36 37 34 34 0 17 5 37 37 37 48 43 43 17 36 9 8 36
split_gain=27.4599 12.2005 11.112 11.385 10.1618 10.0334 9.89683 8.56622 8.25277 5.24718 3.8093 3.49156 4.48486 3.40525 1.63734 1.53703 1.39459 1.17444 0.611381 0.519539 0.466178 0.3762 0.23656 0.0751154 0.0233791
threshold=-0.19827860593795774 0.69696828722953807 0.0059107644483447084 0.036993477493524558 0.0090410355478525179 0.020710797049105171 0.025799558497965339 0.40858550369739538 0.028813262470066551 0.090544559061527266 0.045044220983982093 -0.063499696552753435 0.59333720803260814 0.4616669118404389 0.0098540820181369799 0.032204821705818183 0.017713055945932869 0.71515038609504711 -0.038871591910719865 0.05765908211469651 0.30218255519866949 0.011384130921214821 0.03409858979284764 0.032933799549937255 0.092317640781402602
decision_type=2 2 2 2 2 2 2 2 2 2 2 2 2 2 2 2 2 2 2 2 2 2 2 2 2
left_child=11 2 3 4 9 6 14 -6 13 -2 -8 -1 17 -7 -4 -10 18 20 -3 23 21 -13 -21 -18 -14
right_child=1 16 5 -5 7 8 10 -9 15 -11 -12 12 24 -15 -16 -17 19 -19 -20 22 -22 -23 -24 -25 -26
leaf_value=-0.00033223345603734724 0.0019829782875630127 -0.00050402392894029614 0.00060627393490419936 0.0059379968494176864 -0.00059805857254977652 0.0018555941388991464 -0.00038774017476604113 -0.0024740197465772037 -0.0036806103062171202 -0.00071033415672108204 0.0011380891419635907 0.002937120365319637 0.007676528787130819 0.0048762042758831517 -0.0028349477998165407 0.00025465683108286081 -0.0025855570716666987 0.005469741692271414 -0.0031486351121499945 -0.0041878460355322155 0.0038147959527559576 0.0010225126676820218 -0.0066219577401107734 -0.004025428204809626 0.0056745965600712225
leaf_weight=60 799 67 62 104 5034 248 931 1206 62 450 2184 79 133 400 420 100 61 76 76 65 85 97 60 72 61
leaf_count=60 799 67 62 104 5034 248 931 1206 62 450 2184 79 133 400 420 100 61 76 76 65 85 97 60 72 61
internal_value=9.8613e-06 -0.000191229 -7.60349e-05 -0.000539702 -0.000632133 0.000722433 0.000268355 -0.000961799 0.00272922 0.00101243 0.0006818 0.0042107 0.00472489 0.00373558 -0.00238923 -0.00128491 -0.00360981 0.0032762 -0.00195222 -0.00449172 0.00257878 0.00192232 -0.00549185 -0.00344399 0.00714813
internal_weight=12992 12401 12000 7593 7489 4407 3597 6240 810 1249 3115 591 531 648 482 162 401 337 143 258 261 176 125 133 194
internal_count=12992 12401 12000 7593 7489 4407 3597 6240 810 1249 3115 591 531 648 482 162 401 337 143 258 261 176 125 133 194
is_linear=0
shrinkage=0.02


Tree=6
num_leaves=26
num_cat=0
split_feature=38 36 33 16 37 35 37 36 36 37 35 17 15 5 38 15 35 44 47 37 15 26 31 40 36
split_gain=25.3538 11.2933 11.2339 10.987 11.1723 9.4096 8.56342 9.40629 7.68111 7.58317 4.49122 4.54138 3.73177 3.42554 2.6646 1.39654 1.37985 1.35768 0.944596 0.888817 0.321091 0.392985 0.209526 0.0561257 0.0259028
threshold=-0.19827860593795774 0.69696828722953807 0.0059107644483447084 0.035095622763037689 0.0090410355478525179 0.26704010367393499 0.020710797049105171 0.025799558497965339 0.40858550369739538 0.027776439674198631 -0.030784299597144123 0.56011134386062633 0.54310345649719249 0.43100000917911535 -0.059087531641125672 0.93965518474578869 0.0061032399535179147 0.02301734779030085 0.63811445236206066 0.017781487666070465 0.28448276221752172 0.036747751757502563 2.1741752624511723 0.89840877056121837 0.50756213068962108
decision_type=2 2 2 2 2 2 2 2 2 2 2 2 2 2 2 2 2 2 2 2 2 2 2 2 2
left_child=10 2 3 4 5 -2 7 16 -6 13 11 18 -9 -8 24 -11 -4 -3 20 -19 -1 -22 -21 -13 -5
right_child=1 17 6 14 8 -7 9 12 -10 15 -12 23 -14 -15 -16 -17 -18 19 -20 22 21 -23 -24 -25 -26
leaf_value=0.0036850182032951758 0.0019705909089325502 -0.001214111909021934 -0.00039386907852728112 0.0045220617849586735 -0.00068736211934871923 -0.0022041718358468774 0.0016140271381290372 0.0029912547078556739 -0.0024654502979947314 0.00019901622381823306 -0.0009177732464315287 0.0082815458627683771 0.00048584740629754284 0.0047222707306652633 0.00062388099463317893 -0.0035412268935747088 -0.0028909594114215394 -0.0025647974547981802 0.0047972119258036117 -0.0036987164186265986 0.0010703311784175831 0.0031023120884957319 -0.0055421534060868761 0.0062606031448813161 0.0063503504330782515
leaf_weight=60 966 87 119 60 4977 275 229 257 1207 107 64 67 2846 395 63 60 367 114 101 75 106 64 126 125 73
leaf_count=60 966 87 119 60 4977 275 229 257 1207 107 64 67 2846 395 63 60 367 114 101 75 106 64 126 125 73
internal_value=-1.82051e-05 -0.000210922 -9.99593e-05 -0.000563854 -0.000688007 0.00104159 0.000706802 0.000290423 -0.0010356 0.00258654 0.00403248 0.00464193 0.000696364 0.00359636 0.00407383 -0.00117768 -0.00228774 -0.00349578 0.00316942 -0.00410541 0.00239776 0.00188162 -0.00492371 0.00708751 0.00565086
internal_weight=12990 12403 12001 7621 7425 1241 4380 3589 6184 791 587 523 3103 624 196 167 486 402 331 315 230 170 201 192 133
internal_count=12990 12403 12001 7621 7425 1241 4380 3589 6184 791 587 523 3103 624 196 167 486 402 331 315 230 170 201 192 133
is_linear=0
shrinkage=0.02


Tree=7
num_leaves=20
num_cat=0
split_feature=38 16 35 33 37 37 34 35 37 38 0 17 37 48 48 4 17 45 33
split_gain=25.882 10.7298 7.65348 10.1595 10.841 9.29082 10.5439 8.53764 7.47291 6.34695 4.13841 4.00922 1.83844 1.49629 1.25973 0.694571 0.349465 0.40163 0.282592
threshold=-0.19827860593795774 0.036993477493524558 0.39692528545856481 0.0059107644483447084 0.0090410355478525179 0.018167415633797649 -0.033984582871198647 0.26704010367393499 0.013902133796364071 -0.088295415043830858 -0.063499696552753435 0.56011134386062633 0.019836046732962135 0.26724137365818029 0.71515038609504711 0.54107952117919933 0.25889419019222265 0.3706896454095841 0.01047229999676347
decision_type=2 2 2 2 2 2 2 2 2 2 2 2 2 2 2 2 2 2 2
left_child=10 2 3 4 7 9 -7 -2 -6 -5 -1 14 13 18 16 -15 17 -12 -4
right_child=1 -3 12 5 8 6 -8 -9 -10 -11 11 -13 -14 15 -16 -17 -18 -19 -20
leaf_value=-0.00053671430213980274 0.0019471243337284103 0.0061075967258347255 -0.00093551039064664456 -0.001346848027480302 -0.0017091021524514266 -0.00075914606710042172 0.0032905941196189645 -0.0023098583779909325 -0.00031225804926159008 0.00063066951386971082 0.00074000047765601488 0.0068475676370544011 -0.0047989092738376007 -0.0017647106373298502 0.005634859386512211 -0.003592999460782495 0.0035031366421399931 0.0027979764113375961 0.00091514726407252833
leaf_weight=68 985 104 64 919 2733 363 868 230 3490 2191 76 206 108 214 67 152 92 83 62
leaf_count=68 985 104 64 919 2733 363 868 230 3490 2191 76 206 108 214 67 152 92 83 62
internal_value=-4.04976e-06 -0.000198328 -0.000252854 -0.000140223 -0.000588934 0.000628259 0.00209665 0.00113675 -0.000926409 4.52602e-05 0.00407119 0.00467071 -0.00245063 -0.00190718 0.00320662 -0.00254975 0.00249561 0.00185238 -1.70126e-05
internal_weight=13075 12483 12379 11779 7438 4341 1231 1215 6223 3110 592 524 600 492 318 366 251 159 126
internal_count=13075 12483 12379 11779 7438 4341 1231 1215 6223 3110 592 524 600 492 318 366 251 159 126
is_linear=0
shrinkage=0.02


Tree=8
num_leaves=27
num_cat=0
split_feature=38 36 34 37 38 36 35 37 36 16 35 34 36 34 36 17 30 37 48 40 17 3 16 30 44 32
split_gain=23.6361 11.4551 9.84304 12.8416 10.2797 13.5002 10.7103 9.66727 6.31033 5.60604 7.29925 5.32469 4.61793 4.40611 4.27933 4.21125 1.27183 1.19667 0.896713 0.730395 0.513652 0.500863 0.429855 0.359555 0.196991 0.149551
threshold=-0.19827860593795774 0.69696828722953807 0.054538650438189513 0.019669371657073501 -0.017655326053500172 0.31306576728820806 0.29729880392551428 0.0090410355478525179 0.29831182956695562 0.021398682147264484 0.33835434913635259 0.070125762373209014 0.42800594866275793 0.074700884521007552 0.1535020396113396 0.6157909929752351 -0.042004339396953576 0.017713055945932869 0.71515038609504711 1.0738313198089602 0.25889419019222265 0.57941076159477245 0.021398682147264484 -0.42732213437557215 0.024076998233795169 1.1901462078094485
decision_type=2 2 2 2 2 2 2 2 2 2 2 2 2 2 2 2 2 2 2 2 2 2 2 2 2 2
left_child=14 2 4 9 6 -6 7 -2 16 11 -11 -4 -8 -10 15 18 -5 19 20 -3 23 24 -7 -1 -19 -17
right_child=1 17 3 8 5 22 12 -9 13 10 -12 -13 -14 -15 -16 25 -18 21 -20 -21 -22 -23 -24 -25 -26 -27
leaf_value=0.0028959452063976121 0.0017145133202859288 -0.0031402079012288254 0.0013804553627543414 0.0079263698364652347 0.0031608119471769392 -0.0054961664246661324 0.0010031060987708853 -0.000793501811522781 0.0056379275544313715 0.0014951331518022468 -0.00090026964189153969 -0.0010971449365335989 0.0064253453613519673 -0.00052690315173839681 -0.00090725477587650814 0.0058543279271836236 0.0046526996046481863 -0.0024907391770728721 0.0050239205492368664 -0.00023338550533212366 0.0036687284195885206 -0.0059800638460846094 -0.0039665471935332658 0.00095327783076151957 -0.0041740859841764731 0.0080343740511904758
leaf_weight=67 691 83 443 81 113 137 130 5378 61 1913 690 1559 122 166 65 96 181 63 80 60 101 64 373 99 134 82
leaf_count=67 691 83 443 81 113 137 130 5378 61 1913 690 1559 122 166 65 96 181 63 80 60 101 64 373 99 134 82
internal_value=-1.68439e-05 -0.0002028 -9.11209e-05 0.000576304 -0.000580914 -0.00302593 -0.000338453 -0.000507075 0.00364775 0.000247771 0.000859474 -0.000547161 0.00367679 0.00117731 0.00388413 0.00448103 0.00574684 -0.00350286 0.0031471 -0.00195727 0.00253148 -0.00431403 -0.00440913 0.00178077 -0.00368619 0.00698066
internal_weight=13032 12442 12038 5094 6944 623 6321 6069 489 4605 2603 2002 252 227 590 525 262 404 347 143 267 261 510 166 197 178
internal_count=13032 12442 12038 5094 6944 623 6321 6069 489 4605 2603 2002 252 227 590 525 262 404 347 143 267 261 510 166 197 178
is_linear=0
shrinkage=0.02


Tree=9
num_leaves=21
num_cat=0
split_feature=38 16 36 33 37 37 36 36 37 33 36 17 37 47 41 44 39 45 30 40
split_gain=23.0412 9.74629 9.25934 12.3421 9.79054 8.83942 8.49134 7.94789 6.80525 4.93588 4.26611 3.93422 1.19144 1.00819 0.656177 0.588887 0.319722 0.359777 0.168964 0.16452
threshold=-0.19827860593795774 0.036993477493524558 0.69696828722953807 0.0060189003124833116 0.0090410355478525179 0.020710797049105171 0.025799558497965339 0.40858550369739538 0.029060427099466327 -0.01074287388473749 0.1535020396113396 0.6157909929752351 0.017713055945932869 0.63811445236206066 0.48346984386444097 0.023240092210471634 0.72407129406929027 0.35326485335826879 0.4743084609508515 0.89840877056121837
decision_type=2 2 2 2 2 2 2 2 2 2 2 2 2 2 2 2 2 2 2 2
left_child=10 2 3 4 9 6 -5 -6 -7 -2 11 13 14 16 -4 -14 -1 -18 -17 -13
right_child=1 -3 12 5 7 8 -8 -9 -10 -11 -12 19 15 -15 -16 18 17 -19 -20 -21
leaf_value=0.00098620566720319415 -0.0032730019820651204 0.0057019771328951051 -0.0032383987468165842 -0.0022249601194399256 -0.00060557053162980479 0.0034735575967685534 0.00065014787752323377 -0.0023870629723904057 -0.0011626158092750082 0.0013373298128143509 -0.00076792643897949831 0.0081666292710142439 -0.0021058850626180336 0.004776842814612956 -0.00053522440046072008 -0.0050824978939490398 0.0016437078759801097 0.0036057866685073442 -0.0033353275525767135 0.0059220492139938873
leaf_weight=61 98 108 62 471 5045 653 3081 1249 155 1160 70 61 60 102 86 133 79 95 65 125
leaf_count=61 98 108 62 471 5045 653 3081 1249 155 1160 70 61 60 102 86 133 79 95 65 125
internal_value=-1.33494e-05 -0.000197627 -0.000250809 -0.000149089 -0.000638224 0.000697773 0.000267067 -0.000960223 0.00258195 0.000970453 0.00382796 0.00444586 -0.00320984 0.0031054 -0.0017161 -0.00403331 0.00232466 0.00276357 -0.00457225 0.00678141
internal_weight=13019 12426 12318 11912 7552 4360 3552 6294 808 1258 593 523 406 337 148 258 235 174 198 186
internal_count=13019 12426 12318 11912 7552 4360 3552 6294 808 1258 593 523 406 337 148 258 235 174 198 186
is_linear=0
shrinkage=0.02


end of trees

feature_importances:
universe58_loo_realized_volatility_20=38
universe58_loo_log_return_126=36
universe58_loo_log_return_60=20
universe58_loo_log_return_20=17
source_momentum_12_1=15
universe58_loo_drawdown_252=15
universe58_loo_log_return_1=13
cross_section_return_dispersion=10
cross_section_beta_60_percentile=9
source_return_skewness_60=7
source_beta_universe58_252=6
source_log_return_252=5
source_residual_momentum_126=5
source_parkinson_volatility_20=4
cross_section_volatility_60_percentile=4
source_log_return_1=3
source_realized_volatility_60=3
cross_section_positive_return_breadth=3
source_idiosyncratic_volatility_60=3
source_log_return_60=2
source_realized_volatility_20=2
source_distance_from_252_session_low=2
source_volatility_ratio_20_60=2
source_beta_universe58_60=2
cross_section_momentum_126_percentile=2
source_log_return_126=1
source_close_to_open_log_return=1
source_drawdown_from_252_session_peak=1
source_close_ma200_ratio=1
source_max_daily_log_return_20=1
source_correlation_universe58_60=1

parameters:
[boosting: gbdt]
[objective: huber]
[metric: huber]
[tree_learner: serial]
[device_type: cpu]
[data_sample_strategy: bagging]
[data: ]
[valid: ]
[num_iterations: 10]
[learning_rate: 0.02]
[num_leaves: 47]
[num_threads: 12]
[seed: 32058]
[deterministic: 1]
[force_col_wise: 1]
[force_row_wise: 0]
[histogram_pool_size: -1]
[max_depth: 6]
[min_data_in_leaf: 60]
[min_sum_hessian_in_leaf: 0.001]
[bagging_fraction: 0.9]
[pos_bagging_fraction: 1]
[neg_bagging_fraction: 1]
[bagging_freq: 1]
[bagging_seed: 32058]
[bagging_by_query: 0]
[feature_fraction: 0.9]
[feature_fraction_bynode: 1]
[feature_fraction_seed: 32058]
[extra_trees: 0]
[extra_seed: 247]
[early_stopping_round: 0]
[early_stopping_min_delta: 0]
[first_metric_only: 0]
[max_delta_step: 0]
[lambda_l1: 0.05]
[lambda_l2: 3]
[linear_lambda: 0]
[min_gain_to_split: 0]
[drop_rate: 0.1]
[max_drop: 50]
[skip_drop: 0.5]
[xgboost_dart_mode: 0]
[uniform_drop: 0]
[drop_seed: 24511]
[top_rate: 0.2]
[other_rate: 0.1]
[min_data_per_group: 100]
[max_cat_threshold: 32]
[cat_l2: 10]
[cat_smooth: 10]
[max_cat_to_onehot: 4]
[top_k: 20]
[monotone_constraints: ]
[monotone_constraints_method: basic]
[monotone_penalty: 0]
[feature_contri: ]
[forcedsplits_filename: ]
[refit_decay_rate: 0.9]
[cegb_tradeoff: 1]
[cegb_penalty_split: 0]
[cegb_penalty_feature_lazy: ]
[cegb_penalty_feature_coupled: ]
[path_smooth: 0]
[interaction_constraints: ]
[verbosity: -1]
[saved_feature_importance_type: 0]
[use_quantized_grad: 0]
[num_grad_quant_bins: 4]
[quant_train_renew_leaf: 0]
[stochastic_rounding: 1]
[linear_tree: 0]
[max_bin: 255]
[max_bin_by_feature: ]
[min_data_in_bin: 3]
[bin_construct_sample_cnt: 200000]
[data_random_seed: 32058]
[is_enable_sparse: 1]
[enable_bundle: 1]
[use_missing: 1]
[zero_as_missing: 0]
[feature_pre_filter: 1]
[pre_partition: 0]
[two_round: 0]
[header: 0]
[label_column: ]
[weight_column: ]
[group_column: ]
[ignore_column: ]
[categorical_feature: ]
[forcedbins_filename: ]
[precise_float_parser: 0]
[parser_config_file: ]
[objective_seed: 11593]
[num_class: 1]
[is_unbalance: 0]
[scale_pos_weight: 1]
[sigmoid: 1]
[boost_from_average: 1]
[reg_sqrt: 0]
[alpha: 0.9]
[fair_c: 1]
[poisson_max_delta_step: 0.7]
[tweedie_variance_power: 1.5]
[lambdarank_truncation_level: 30]
[lambdarank_norm: 1]
[label_gain: ]
[lambdarank_position_bias_regularization: 0]
[eval_at: ]
[multi_error_top_k: 1]
[auc_mu_weights: ]
[num_machines: 1]
[local_listen_port: 12400]
[time_out: 120]
[machine_list_filename: ]
[machines: ]
[gpu_platform_id: -1]
[gpu_device_id: -1]
[gpu_use_dp: 0]
[num_gpu: 1]

end of parameters

pandas_categorical:[]
