tree
version=v4
num_class=1
num_tree_per_iteration=1
label_index=0
max_feature_idx=48
objective=quantile
feature_names=source_log_return_1 source_log_return_5 source_log_return_20 source_log_return_60 source_log_return_126 source_log_return_252 source_intraday_log_range source_close_to_open_log_return source_realized_volatility_20 source_realized_volatility_60 source_downside_volatility_20 source_downside_volatility_60 source_drawdown_from_60_session_peak source_drawdown_from_252_session_peak cross_section_momentum_20_percentile cross_section_positive_return_breadth cross_section_return_dispersion source_momentum_12_1 source_ma5_ma20_ratio source_close_ma50_ratio source_close_ma200_ratio source_rsi_14 source_bollinger_pct_b_20 source_bollinger_bandwidth_20 source_adx_14 source_directional_index_spread_14 source_parkinson_volatility_20 source_overnight_gap_1 source_positive_day_ratio_20 source_max_daily_log_return_20 source_return_skewness_60 source_distance_from_252_session_low source_volatility_ratio_20_60 universe58_loo_log_return_1 universe58_loo_log_return_20 universe58_loo_log_return_60 universe58_loo_log_return_126 universe58_loo_realized_volatility_20 universe58_loo_drawdown_252 source_beta_universe58_60 source_beta_universe58_252 source_correlation_universe58_60 source_residual_momentum_20 source_residual_momentum_126 source_idiosyncratic_volatility_60 cross_section_momentum_126_percentile cross_section_momentum_252_percentile cross_section_volatility_60_percentile cross_section_beta_60_percentile
feature_infos=[-0.10537159442901611:0.095442883670330048] [-0.54819971323013306:0.44636186957359314] [-1.1351611614227295:1.077221155166626] [-1.1748896837234497:1.5560240745544434] [-1.0489567518234253:2.3170430660247803] [-0.89605218172073364:2.9264204502105713] [0:0.27988538146018982] [-0.16868740320205688:0.25632256269454956] [0.0056120613589882851:0.11531444638967514] [0.0079651456326246262:0.088721774518489838] [0.00095409812638536096:0.092050075531005859] [0.0056960904039442539:0.063900329172611237] [-0.71968960762023926:0] [-0.71968960762023926:0] [0.017241379246115685:1] [0.017241379246115685:1] [0.0096504408866167068:0.043657612055540085] [-0.84071391820907593:2.8910765647888184] [-0.47595494985580444:0.57290768623352051] [-0.62940984964370728:1.5476077795028687] [-0.57781422138214111:3.874976634979248] [0:100] [-0.36075755953788757:1.4438486099243164] [0.024132920429110527:1.7820020914077759] [6.9016203880310059:84.119827270507812] [-54.177944183349609:77.140235900878906] [0.0063288267701864243:0.099167443811893463] [-0.22113896906375885:0.095378585159778595] [0.10000000149011612:0.89999997615814209] [0.005115102045238018:0.18252909183502197] [-2.965186595916748:2.5798490047454834] [0:18.523586273193359] [0.28278514742851257:1.6446642875671387] [-0.092919811606407166:0.057573974132537842] [-0.39400303363800049:0.26549568772315979] [-0.32455301284790039:0.55794161558151245] [-0.14465788006782532:0.86915600299835205] [0.005578002892434597:0.041373930871486664] [-0.35748890042304993:0] [-0.96327811479568481:2.3354122638702393] [0.20776782929897308:1.5706025362014771] [-0.25081929564476013:0.94294917583465576] [-1.1516678333282471:1.0071370601654053] [-1.3436253070831299:1.9539748430252075] [0.0059593440964818001:0.072794802486896515] [0.017241379246115685:1] [0.017241379246115685:1] [0.017241379246115685:1] [0.017241379246115685:1]
tree_sizes=1115 1434 1167 1350 1451 1348 1351 1164 1249 985 1170 1169 1254 1442 1244 976 1444 1352 1260

Tree=0
num_leaves=11
num_cat=0
split_feature=4 35 44 17 37 44 45 35 15 35
split_gain=28.7465 13.7186 9.30618 8.02577 9.3715 7.22508 6.79576 3.18528 2.86942 1.98051
threshold=0.93157479166984569 0.065743308514356627 0.029123852029442791 1.1352547407150271 0.017837238498032097 0.026726363226771358 0.80080705881118786 -0.13409533351659772 0.077586207538843169 0.31156206130981451
decision_type=2 2 2 2 2 2 2 2 2 2
left_child=1 5 -2 4 -3 8 -5 -7 -1 -4
right_child=2 3 9 6 -6 7 -8 -9 -10 -11
leaf_value=-0.17038441965861825 -0.16979919636996271 -0.16991679414105604 -0.17466158216874259 -0.17326469622336704 -0.16739082013330542 -0.16592905418657131 -0.16955841589246914 -0.17029818637194516 -0.16707527424350285 -0.17598723830748242
leaf_weight=150 124 4209 183 213 1863 191 182 743 4320 120
leaf_count=150 124 4209 183 213 1863 191 182 743 4320 120
internal_value=-0.169135 -0.168904 -0.175469 -0.16968 -0.169453 -0.167975 -0.173112 -0.169967 -0.167557 -0.177799
internal_weight=12298 11871 427 6467 6072 5404 395 934 4470 303
internal_count=12298 11871 427 6467 6072 5404 395 934 4470 303
is_linear=0
shrinkage=1


Tree=1
num_leaves=14
num_cat=0
split_feature=31 35 10 37 16 47 4 41 9 11 31 15 35
split_gain=27.9832 11.0735 8.78512 7.79246 13.2032 5.27164 4.5727 3.55253 3.6815 2.55592 3.04927 2.5387 1.61038
threshold=2.4112100601196294 0.063966359943151488 0.021532245911657814 0.018030988052487377 0.019480520859360698 0.71515038609504711 0.72795656323432933 0.60868605971336376 0.027908897027373317 0.029099776409566406 3.1599744558334355 0.077586207538843169 -0.13409533351659772
decision_type=2 2 2 2 2 2 2 2 2 2 2 2 2
left_child=1 5 7 4 -3 11 -5 8 -2 10 -4 -1 -7
right_child=2 3 9 6 -6 12 -8 -9 -10 -11 -12 -13 -14
leaf_value=-0.0012001382360889582 9.716867654733301e-05 -0.0022542147750666138 -0.0026316944634883063 0.0020533013643625835 -9.9099105414486582e-05 0.0027469240112680312 -0.0018538592049421243 0.0010719863848858105 -0.0041137800840416981 -0.0026240110850416251 -0.0058757444462484961 0.0022307462085814794 -0.00023743687133447931
leaf_weight=123 168 914 181 1610 3190 233 167 206 378 131 175 3595 1197
leaf_count=123 168 914 181 1610 3190 233 167 206 378 131 175 3595 1197
internal_value=6.01932e-05 0.000461415 -0.00349377 -0.00027884 -0.000878255 0.00130773 0.00110059 -0.00176849 -0.00281987 -0.0061001 -0.0072126 0.00180332 1.30663e-05
internal_weight=12268 11029 1239 5881 4104 5148 1777 752 546 487 356 3718 1430
internal_count=12268 11029 1239 5881 4104 5148 1777 752 546 487 356 3718 1430
is_linear=0
shrinkage=0.025


Tree=2
num_leaves=11
num_cat=0
split_feature=4 35 17 34 45 47 9 35 34 8
split_gain=24.8878 12.5059 8.37154 6.30743 6.09199 5.8251 4.74017 2.20203 2.13971 1.47949
threshold=0.93157479166984569 0.065743308514356627 1.1242683529853823 0.052993569523096092 0.76228907704353344 0.62931033968925487 0.033326959237456329 0.32199856638908392 -0.018923780880868431 0.042440569028258331
decision_type=2 2 2 2 2 2 2 2 2 2
left_child=1 5 3 -3 -4 9 -2 -8 -7 -1
right_child=6 2 4 -5 -6 8 7 -9 -10 -11
leaf_value=0.0021045489378726263 -0.0027130477093000897 -0.00097236748690793034 -0.0042021890151088381 0.00044435679450126678 -0.00066833309403166875 -0.00063104479425081387 -0.0039443104901490866 -0.0064711022925152076 0.00083416458384176343 -0.00055754121151976768
leaf_weight=3238 122 2371 226 3666 220 876 184 129 1093 124
leaf_count=3238 122 2371 226 3666 220 876 184 129 1093 124
internal_value=2.78481e-05 0.000245685 -0.000491099 -0.000244331 -0.00377772 0.00114248 -0.00580966 -0.00742531 5.88907e-05 0.00177421
internal_weight=12249 11814 6483 6037 446 5331 435 313 1969 3362
internal_count=12249 11814 6483 6037 446 5331 435 313 1969 3362
is_linear=0
shrinkage=0.025


Tree=3
num_leaves=13
num_cat=0
split_feature=44 4 35 17 26 39 30 17 35 15 15 26
split_gain=24.6881 18.0948 11.1386 5.26691 5.23195 7.23457 3.31641 3.01676 2.41915 3.32219 2.25591 0.825932
threshold=0.026923173107206825 0.86565423011779796 0.063966359943151488 1.2765384316444399 0.020288388244807724 1.2696360945701601 -0.010972998104989527 0.98722732067108165 0.32199856638908392 0.49137930572032934 0.077586207538843169 0.020288388244807724
decision_type=2 2 2 2 2 2 2 2 2 2 2 2
left_child=2 3 10 6 5 -4 -2 -6 9 -3 -1 -12
right_child=1 8 4 -5 7 -7 -8 -9 -10 -11 11 -13
leaf_value=-0.001169221766791354 0.00066075969213442651 -0.0044893245652977342 -0.00069054763673484249 -0.0035416168347556067 0.0006615077657543398 -0.0033062372858560559 -0.0014131473884864004 -0.0012552905893871771 -0.0057574741128368981 -0.0019004524900507625 0.0020586586859351443 0.0017772826141943089
leaf_weight=149 766 146 1460 137 3156 120 1248 531 181 129 1875 2445
leaf_count=149 766 146 1460 137 3156 120 1248 531 181 129 1875 2445
internal_value=3.24952e-05 -0.00212529 0.000611719 -0.0011555 -0.000166208 -0.0013683 -0.00082157 0.000348388 -0.00662419 -0.00493304 0.00152911 0.00163439
internal_weight=12343 2607 9736 2151 5267 1580 2014 3687 456 275 4469 4320
internal_count=12343 2607 9736 2151 5267 1580 2014 3687 456 275 4469 4320
is_linear=0
shrinkage=0.025


Tree=4
num_leaves=14
num_cat=0
split_feature=31 44 35 36 34 36 36 34 47 43 35 27 27
split_gain=25.6338 11.1853 9.04936 6.88483 8.12417 7.70385 4.40459 6.39683 4.0835 2.35716 1.79696 1.43215 0.799688
threshold=2.4408549070358281 0.026493513025343422 0.063966359943151488 0.32377842068672186 0.054538650438189513 -0.024989489465951916 0.59709987044334423 0.04916586913168431 0.71515038609504711 0.14910732954740527 -0.13409533351659772 -0.0090987952426075918 0.0012591570848599078
decision_type=2 2 2 2 2 2 2 2 2 2 2 2 2
left_child=2 9 8 5 -5 -4 7 -3 11 -2 -10 -1 -11
right_child=1 6 3 4 -6 -7 -8 -9 10 12 -12 -13 -14
leaf_value=-0.00025303291004830227 -0.0023848139594218787 -0.0035202153633376366 -0.0016736145435204031 -0.0018911845189539705 -4.4652608805373497e-05 0.0010266743419378901 -0.0065552766235745553 -0.0022407268098428002 0.0028781156306661934 -0.00052159572494870851 -0.00022131332802623682 0.0019639769717015305 0.0010648949255214206
leaf_weight=179 120 301 253 1062 1874 2744 166 266 225 167 1242 3557 186
leaf_count=179 120 301 253 1062 1874 2744 166 266 225 167 1242 3557 186
internal_value=4.44441e-05 -0.00340937 0.000420407 -0.000246084 -0.00110634 0.00059502 -0.00533367 -0.00419799 0.00118112 -0.000389644 5.85938e-05 0.00161955 0.000631983
internal_weight=12342 1206 11136 5933 2936 2997 733 567 5203 473 1467 3736 353
internal_count=12342 1206 11136 5933 2936 2997 733 567 5203 473 1467 3736 353
is_linear=0
shrinkage=0.025


Tree=5
num_leaves=13
num_cat=0
split_feature=31 44 36 34 38 37 35 36 3 45 47 34
split_gain=26.183 10.9792 10.8307 5.53297 9.02761 4.99827 5.93709 4.60749 6.40201 2.92879 2.79822 0.445259
threshold=2.4408549070358281 0.026493513025343422 0.31423437595367437 -0.095037426799535737 -0.077686972916126237 0.012652349192649128 0.063966359943151488 0.5848309099674226 0.55243498086929332 0.74303007125854503 0.95286133885383617 0.12029659003019334
decision_type=2 2 2 2 2 2 2 2 2 2 2 2
left_child=2 9 5 -4 -5 6 -1 8 -3 -2 -7 -11
right_child=1 7 3 4 -6 10 -8 -9 -10 11 -12 -13
leaf_value=0.0010830270964862609 -0.0023251936053836279 -0.0036761049931561653 -0.0025958442531747298 0.0019163953430480487 -0.00088283401840904608 0.0022694189742411843 -0.00076891027470252021 -0.0060102735579224617 -0.00047471549421974332 8.6581702656252115e-05 -0.0011114540800492435 0.0018647340610632801
leaf_weight=1737 140 360 185 961 3006 3779 1201 175 202 198 153 127
leaf_count=1737 140 360 185 961 3006 3779 1201 175 202 198 153 127
internal_value=2.48386e-05 -0.00347038 0.000407976 -0.000598689 -0.00039684 0.00101727 0.00023403 -0.00535883 -0.00416887 -0.00043883 0.00159989 0.000852273
internal_weight=12224 1202 11022 4152 3967 6870 2938 737 562 465 3932 325
internal_count=12224 1202 11022 4152 3967 6870 2938 737 562 465 3932 325
is_linear=0
shrinkage=0.025


Tree=6
num_leaves=13
num_cat=0
split_feature=31 44 36 36 38 34 34 39 34 37 29 36
split_gain=23.8929 10.6811 8.13621 7.04923 5.62604 16.3911 5.61903 5.23755 4.54426 3.31182 2.59939 0.785165
threshold=2.2067070007324223 0.026923173107206825 0.6113431751728059 0.31306576728820806 -0.032811803743243211 0.046271238476037986 -0.095037426799535737 1.5524577498435976 0.052993569523096092 0.012554851826280357 0.052660267800092704 0.24369265139102939
decision_type=2 2 2 2 2 2 2 2 2 2 2 2
left_child=3 10 8 7 6 -6 -5 9 -3 -1 -2 -12
right_child=1 2 -4 4 5 -7 -8 -9 -10 -11 11 -13
leaf_value=0.00039990122230537949 -0.0022501097290487078 -0.0033939960656342847 -0.005927022156449563 -0.0020927509807550167 -0.0026516232461404653 -1.6337723616246665e-05 0.0011256299588389622 -0.0013959423449411562 -0.0019026029985496165 0.0020437509091305503 0.0022353602003884372 -0.00024234989627204627
leaf_weight=2715 181 361 182 169 472 1686 1670 163 322 3819 149 385
leaf_count=2715 181 361 182 169 472 1686 1670 163 322 3819 149 385
internal_value=9.19253e-05 -0.00277208 -0.00463362 0.000516754 -0.000312656 -0.00117834 0.000700244 0.00101257 -0.00332304 0.0011246 -0.000494792 0.000378015
internal_weight=12274 1580 865 10694 3997 2158 1839 6697 683 6534 715 534
internal_count=12274 1580 865 10694 3997 2158 1839 6697 683 6534 715 534
is_linear=0
shrinkage=0.025


Tree=7
num_leaves=11
num_cat=0
split_feature=17 36 36 33 47 36 41 17 47 41
split_gain=23.366 12.3449 6.80098 8.98541 5.14365 4.82992 2.88234 2.87607 2.72678 2.50838
threshold=1.2765384316444399 0.32234269380569464 0.72732818126678478 0.0051373359747231015 0.71515038609504711 0.49460774660110479 0.57507252693176281 0.53923410177230846 0.76228907704353344 0.53334704041481029
decision_type=2 2 2 2 2 2 2 2 2 2
left_child=1 4 3 -3 9 8 -4 -6 -2 -1
right_child=5 2 6 -5 7 -7 -8 -9 -10 -11
leaf_value=0.00033289418677918996 -0.0006178934876518384 -0.0012287899569668323 -0.0051249884731609336 0.0010769352770468418 -0.00063868973115423656 -0.005362207823335156 -0.0010997472504395206 0.0014428583483864089 -0.0032901026090347871 0.0016531492456848822
leaf_weight=1429 160 2269 124 1787 1112 158 122 982 208 4010
leaf_count=1429 160 2269 124 1787 1112 158 122 982 208 4010
internal_value=3.81086e-05 0.000268687 -0.000798409 -0.000548818 0.000879046 -0.00509181 -0.00479582 -0.000170915 -0.00341488 0.00128421
internal_weight=12361 11835 4302 4056 7533 526 246 2094 368 5439
internal_count=12361 11835 4302 4056 7533 526 246 2094 368 5439
is_linear=0
shrinkage=0.025


Tree=8
num_leaves=12
num_cat=0
split_feature=17 35 37 16 4 4 44 45 10 15 35
split_gain=23.4086 10.3037 7.91965 10.292 5.92685 4.6775 4.1602 2.78473 3.41104 2.31506 1.55657
threshold=1.1352547407150271 0.065743308514356627 0.018030988052487377 0.019480520859360698 1.0761718153953554 0.72795656323432933 0.026923173107206825 0.61023476719856273 0.022691534832119945 0.077586207538843169 -0.11321489885449408
decision_type=2 2 2 2 2 2 2 2 2 2 2
left_child=1 6 3 -3 7 -4 9 -2 -9 -1 -8
right_child=4 2 5 -5 -6 -7 10 8 -10 -11 -12
leaf_value=-0.0012609624419651034 -0.0033868368786491646 -0.0021577813201522802 0.0020574207872876833 -0.00015788028100857137 -0.0071716358726570386 -0.0023556909150917581 0.0016164642923508479 -0.00059754302250010754 -0.0022581046162730638 0.001787329931989604 -0.0009416262204885109
leaf_weight=144 184 932 1619 3458 127 179 202 334 277 4261 549
leaf_count=144 184 932 1619 3458 127 179 202 334 277 4261 549
internal_value=5.57209e-05 0.000368204 -0.000318707 -0.000891638 -0.00376348 0.00107529 0.00119333 -0.00291406 -0.0020556 0.00148668 -0.000517526
internal_weight=12266 11344 6188 4390 922 1798 5156 795 611 4405 751
internal_count=12266 11344 6188 4390 922 1798 5156 795 611 4405 751
is_linear=0
shrinkage=0.025


Tree=9
num_leaves=9
num_cat=0
split_feature=4 17 35 37 47 17 29 46
split_gain=22.1307 11.3704 7.44087 7.59172 3.95185 3.67305 3.01883 2.87338
threshold=1.0761718153953554 0.97135633230209362 0.063966359943151488 0.018030988052487377 0.71515038609504711 1.2765384316444399 0.094452098011970534 0.67663240432739269
decision_type=2 2 2 2 2 2 2 2
left_child=1 2 4 -4 -1 7 -7 -3
right_child=-2 5 3 -5 -6 6 -8 -9
leaf_value=0.0017320181623509366 -0.0064044218520128695 -0.0025320451476426916 -0.00049972922677469123 0.0019535212982308764 1.7877401366544572e-05 -0.0030414819909522764 -0.00090567316066378204 -0.00052198011519537972
leaf_weight=3569 194 217 4037 1563 1229 271 143 974
leaf_count=3569 194 217 4037 1563 1229 271 143 974
internal_value=5.82897e-05 0.000195807 0.000498774 -0.000119313 0.00122085 -0.00175854 -0.00377983 -0.00103783
internal_weight=12197 12003 10398 5600 4798 1605 414 1191
internal_count=12197 12003 10398 5600 4798 1605 414 1191
is_linear=0
shrinkage=0.025


Tree=10
num_leaves=11
num_cat=0
split_feature=31 35 47 37 34 47 31 47 37 35
split_gain=21.6608 10.2372 6.90687 6.12388 12.9687 4.96811 3.83497 3.51282 2.27486 1.52328
threshold=3.2468886375427251 0.065743308514356627 0.76228907704353344 0.018697906285524372 0.052993569523096092 0.71515038609504711 1.5036496520042422 0.95286133885383617 0.009246233385056259 -0.01820381078869104
decision_type=2 2 2 2 2 2 2 2 2 2
left_child=1 5 -2 4 -3 9 -5 -4 -7 -1
right_child=2 3 7 6 -6 8 -8 -9 -10 -11
leaf_value=0.001904847526003264 -0.0015302249169417696 -0.0017291782374199425 -0.0059080837646044854 0.0027758635856039008 2.5798911322269183e-05 0.0026726923269189858 -0.00085755392485153395 -0.0052266798873606959 -0.00039212583240355229 0.0010558483844503481
leaf_weight=2237 233 1547 160 1071 3173 289 588 129 1229 1589
leaf_count=2237 233 1547 160 1071 3173 289 588 129 1229 1589
internal_value=4.54083e-05 0.000268695 -0.00491224 -0.000406681 -0.000866402 0.00107567 0.000896184 -0.00747024 -0.000130499 0.0015554
internal_weight=12245 11723 522 6379 4720 5344 1659 289 1518 3826
internal_count=12245 11723 522 6379 4720 5344 1659 289 1518 3826
is_linear=0
shrinkage=0.025


Tree=11
num_leaves=11
num_cat=0
split_feature=17 38 34 15 37 47 41 23 15 30
split_gain=18.6783 9.13593 12.833 5.21741 5.06948 4.92511 3.04621 3.46071 2.62878 2.53664
threshold=1.2765384316444399 -0.032811803743243211 0.046271238476037986 0.4741379320621491 0.013722104951739313 0.71515038609504711 0.64369365572929393 0.24990713596343997 0.060344828292727477 0.0043780186679214248
decision_type=2 2 2 2 2 2 2 2 2 2
left_child=1 5 4 -4 -3 8 7 -2 -1 -7
right_child=6 2 3 -5 -6 9 -8 -9 -10 -11
leaf_value=-0.0014393304211635053 -0.0045110976405582431 -0.0037584156934969424 -0.0010595621197727087 0.00097945169452645382 -0.0013658042799104605 0.00066627872971800018 -0.0008323857268236651 -0.002052349776832647 0.0013636939511826309 -0.00074418579271425965
leaf_weight=128 217 205 1051 2202 526 1045 131 180 5500 1114
leaf_count=128 217 205 1051 2202 526 1045 131 180 5500 1114
internal_value=0.000123232 0.000330864 -0.000641451 3.10774e-05 -0.00362262 0.000829216 -0.00445356 -0.00553794 0.00121849 -0.00018311
internal_weight=12299 11771 3984 3253 731 7787 528 397 5628 2159
internal_count=12299 11771 3984 3253 731 7787 528 397 5628 2159
is_linear=0
shrinkage=0.025


Tree=12
num_leaves=12
num_cat=0
split_feature=31 36 36 39 11 35 16 37 41 37 43
split_gain=20.3834 10.2646 7.99416 6.34948 4.68788 4.40483 8.52075 4.48413 4.14236 3.69176 0.916348
threshold=2.4112100601196294 0.6113431751728059 0.31306576728820806 1.5798492431640627 0.018647948279976848 0.092183325439691557 0.019515772350132469 0.033375989645719535 0.6049708127975465 0.012652349192649128 0.21536789834499362
decision_type=2 2 2 2 2 2 2 2 2 2 2
left_child=2 4 3 9 10 7 -7 -4 -6 -1 -2
right_child=1 -3 5 -5 8 6 -8 -9 -10 -11 -12
leaf_value=0.00034044775699152113 -0.0022091811286839933 -0.0049484578487279246 0.0029820034402761046 -0.0016450937991890756 -0.003324291048364575 -0.0024400410852804689 -0.00033473828738764082 -0.0022818118186754919 -0.00023736701133279499 0.0019723763101719533 0.00045831556729192735
leaf_weight=2827 134 215 803 136 375 343 2922 160 180 3860 319
leaf_count=2827 134 215 803 136 375 343 2922 160 180 3860 319
internal_value=9.39613e-05 -0.00296112 0.000433814 0.00096313 -0.00187438 -0.000419029 -0.00085818 0.00106018 -0.00340402 0.00107386 2.72935e-06
internal_weight=12274 1223 11051 6823 1008 4228 3265 963 555 6687 453
internal_count=12274 1223 11051 6823 1008 4228 3265 963 555 6687 453
is_linear=0
shrinkage=0.025


Tree=13
num_leaves=14
num_cat=0
split_feature=44 4 38 34 36 30 45 32 37 37 36 36 31
split_gain=17.9313 10.3376 6.25133 11.7807 5.90651 4.46615 5.05982 3.76627 2.76442 6.22245 3.55502 1.7473 0.999202
threshold=0.026923173107206825 0.93157479166984569 -0.032811803743243211 0.046271238476037986 0.31757825613021856 -0.051897687837481492 0.76228907704353344 0.72165381908416759 0.012607676442712547 0.0090836221352219599 0.42551463842391973 0.60497850179672252 1.4869368672370913
decision_type=2 2 2 2 2 2 2 2 2 2 2 2 2
left_child=2 5 8 4 -4 12 -7 -5 9 -1 -10 -3 -2
right_child=1 11 3 7 -6 6 -8 -9 10 -11 -12 -13 -14
leaf_value=0.0026969571754633273 0.0017474775794648829 -0.0032765026661045007 0.0025512559985412203 -0.0017549425005486997 -0.0021974940838166046 -0.0023960347925076116 -6.8016146958662871e-05 0.00087081007652997926 0.0021141315045058711 -0.00043645159853550873 -0.0003771202254315925 -0.004675768065517413 -0.00056782449397265681
leaf_weight=791 454 229 120 358 459 871 608 2195 3679 1477 593 125 310
leaf_count=791 454 229 120 358 459 871 608 2195 3679 1477 593 125 310
internal_value=0.000121497 -0.00172031 0.000617314 -0.000299251 -0.00350385 -0.00108374 -0.00188427 0.000430512 0.0010571 0.000347008 0.00143179 -0.00566504 0.000460013
internal_weight=12269 2597 9672 3132 579 2243 1479 2553 6540 2268 4272 354 764
internal_count=12269 2597 9672 3132 579 2243 1479 2553 6540 2268 4272 354 764
is_linear=0
shrinkage=0.025


Tree=14
num_leaves=12
num_cat=0
split_feature=31 3 44 20 48 44 40 4 32 9 41
split_gain=15.6132 7.66176 4.9496 4.67289 6.96177 3.44686 3.21046 2.67 2.47298 2.53355 2.27291
threshold=2.9903094768524174 0.11719889566302301 0.025609805248677734 0.10327429324388505 0.73275861144065868 0.022587356157600883 1.2795456647872927 0.93157479166984569 1.1721101403236391 0.041723832488060004 0.6012745499610902
decision_type=2 2 2 2 2 2 2 2 2 2 2
left_child=1 5 -2 4 -3 6 -1 -5 9 -4 -7
right_child=2 3 8 7 -6 10 -8 -9 -10 -11 -12
leaf_value=0.0012197076300783083 1.8399620252076521e-05 -0.00036250374477222449 -0.0044775101259271416 -5.5928860961608576e-05 -0.0026247213935276185 -0.0006958178288249729 -0.0012475316166147229 -0.0019070507910309399 -0.0016666553837866326 -0.0033460884635518624 0.00097418437221588562
leaf_weight=4635 183 317 204 4610 137 903 122 137 122 155 816
leaf_count=4635 183 317 204 4610 137 903 122 137 122 155 816
internal_value=0.000113093 0.00032625 -0.00360052 -0.000387293 -0.00279684 0.000900131 0.00124659 -0.00015283 -0.00492027 -0.00596497 -5.58294e-05
internal_weight=12341 11677 664 5201 454 6476 4757 4747 481 359 1719
internal_count=12341 11677 664 5201 454 6476 4757 4747 481 359 1719
is_linear=0
shrinkage=0.025


Tree=15
num_leaves=9
num_cat=0
split_feature=4 17 36 37 44 17 45 30
split_gain=17.0267 10.7017 6.6556 5.04238 4.56758 2.33257 3.33971 2.34038
threshold=1.0761718153953554 1.0121099948883059 0.32102133333683019 0.012652349192649128 0.023240092210471634 1.2765384316444399 0.71515038609504711 0.33332908153533941
decision_type=2 2 2 2 2 2 2 2
left_child=1 2 3 -1 -4 7 -7 -3
right_child=-2 5 4 -5 -6 6 -8 -9
leaf_value=0.00016523123753196247 -0.0060449912029706711 -0.0015037469698892516 0.00047110132949916556 0.001816665480287501 -0.0012719824873062302 -0.0030463501818794726 -0.0017822392588312801 0.00034310919875379172
leaf_weight=2994 192 661 2104 4077 1594 122 300 321
leaf_count=2994 192 661 2104 4077 1594 122 300 321
internal_value=0.000113682 0.000232078 0.000500395 0.000949866 -0.00035748 -0.001816 -0.00336944 -0.00112842
internal_weight=12365 12173 10769 7071 3698 1404 422 982
internal_count=12365 12173 10769 7071 3698 1404 422 982
is_linear=0
shrinkage=0.025


Tree=16
num_leaves=14
num_cat=0
split_feature=31 35 37 36 34 36 10 47 8 41 37 43 15
split_gain=15.527 7.3498 6.22416 14.3284 10.6273 5.62288 5.59561 4.23949 3.94675 2.72982 2.52963 2.10171 1.68755
threshold=2.4408549070358281 0.063966359943151488 0.012554851826280357 0.35199701786041265 0.022433805279433731 0.5848309099674226 0.023387352935969833 0.71515038609504711 0.044710764661431319 0.50255796313285839 0.0099813602864742296 0.14231333881616595 0.15205428749322894
decision_type=2 2 2 2 2 2 2 2 2 2 2 2 2
left_child=1 7 4 -4 -3 6 11 12 -8 -7 -9 -2 -1
right_child=5 2 3 -5 -6 9 8 10 -10 -11 -12 -13 -14
leaf_value=7.6116368874763608e-05 -0.0035196904836067161 -0.0020073930863981808 0.0029515114683934182 -0.00090091448858196216 -0.00027248385626633807 -0.0055755926305731587 -0.002978842033708766 0.002532559151387209 -0.0011224566109221646 -0.0016684958979910705 -0.00043017371743250024 0.00021494762853466792 0.0016757933540425486
leaf_weight=452 123 495 1902 1926 1619 134 163 323 156 121 1120 517 3256
leaf_count=452 123 495 1902 1926 1619 134 163 323 156 121 1120 517 3256
internal_value=6.58911e-05 0.000360538 -0.000237725 0.000362314 -0.00132551 -0.00261177 -0.00170773 0.00105144 -0.00438657 -0.00588942 -9.40952e-05 -0.000339147 0.00149845
internal_weight=12307 11093 5942 3828 2114 1214 959 5151 319 255 1443 640 3708
internal_count=12307 11093 5942 3828 2114 1214 959 5151 319 255 1443 640 3708
is_linear=0
shrinkage=0.025


Tree=17
num_leaves=13
num_cat=0
split_feature=44 36 38 34 31 36 15 3 36 30 40 3
split_gain=14.9732 7.90328 5.74046 10.3391 5.6879 5.05227 4.28253 2.97676 4.31178 2.48737 1.87211 1.77663
threshold=0.026923173107206825 0.71271035075187694 -0.032811803743243211 0.046271238476037986 2.9903094768524174 0.31862281262874609 0.4741379320621491 0.029223996214568618 1.0000000180025095e-35 -0.051897687837481492 1.2795456647872927 0.55243498086929332
decision_type=2 2 2 2 2 2 2 2 2 2 2 2
left_child=2 4 7 5 9 -4 -5 10 -9 -2 -1 -6
right_child=1 -3 3 6 11 -7 -8 8 -10 -11 -12 -13
leaf_value=0.0013853446070818882 0.00072566025909294853 -0.0044480706366812313 0.0015486880960723128 -0.00067700881096120563 -0.0034466958222523891 -0.0019779516784358526 0.0013676054309472465 -0.00072724734363323351 0.001298963490481639 -0.00099809975889478589 -0.0010359845789589233 -0.0022680794285362591
leaf_weight=3446 727 165 125 804 215 443 1784 772 2194 1319 121 176
leaf_count=3446 727 165 125 804 215 443 1784 772 2194 1319 121 176
internal_value=0.000103387 -0.00157796 0.000556143 -0.000317542 -0.00120854 -0.00335733 0.000352391 0.000979084 0.00039002 -0.000672233 0.00146592 -0.00395518
internal_weight=12291 2602 9689 3156 2437 568 2588 6533 2966 2046 3567 391
internal_count=12291 2602 9689 3156 2437 568 2588 6533 2966 2046 3567 391
is_linear=0
shrinkage=0.025


Tree=18
num_leaves=12
num_cat=0
split_feature=44 4 35 16 37 32 17 26 45 40 35
split_gain=15.2185 9.75685 6.96135 7.50565 11.7532 5.89633 3.78083 2.8672 1.94318 1.86645 1.27062
threshold=0.026923173107206825 0.93157479166984569 0.065743308514356627 0.020040947012603286 0.015617741737514736 0.72826883196830761 1.2765384316444399 0.041183445602655418 0.59097579121589672 1.3088533878326418 -0.019848996773362156
decision_type=2 2 2 2 2 2 2 2 2 2 2
left_child=2 6 9 4 -4 -5 8 -3 -2 10 -1
right_child=1 7 3 5 -6 -7 -8 -9 -10 -11 -12
leaf_value=0.0016033159580382051 -0.0013897721441467016 -0.0032890356328631118 -0.0016388091753274604 -0.0019269239033523657 0.0023343304700978755 0.00086134234166457063 -0.0022740186394354578 -0.0044565883821931608 -2.3373782500924755e-05 -0.0010022779363920019 0.00090852804113381665
leaf_weight=2499 841 204 956 398 555 3305 176 140 1244 122 1891
leaf_count=2499 841 204 956 398 555 3305 176 140 1244 122 1891
internal_value=0.000121291 -0.00157328 0.00057638 -4.47882e-05 -0.00152787 0.000559938 -0.000967012 -0.0054692 -0.000660885 0.00129483 0.00138083
internal_weight=12331 2605 9726 5214 1511 3703 2261 344 2085 4512 4390
internal_count=12331 2605 9726 5214 1511 3703 2261 344 2085 4512 4390
is_linear=0
shrinkage=0.025


end of trees

feature_importances:
universe58_loo_log_return_126=22
universe58_loo_log_return_60=21
universe58_loo_realized_volatility_20=17
universe58_loo_log_return_20=14
source_momentum_12_1=13
source_idiosyncratic_volatility_60=13
source_distance_from_252_session_low=12
cross_section_volatility_60_percentile=12
source_log_return_126=11
cross_section_positive_return_breadth=9
source_correlation_universe58_60=7
cross_section_momentum_126_percentile=7
source_return_skewness_60=5
universe58_loo_drawdown_252=5
source_log_return_60=4
cross_section_return_dispersion=4
source_realized_volatility_60=3
source_downside_volatility_20=3
source_parkinson_volatility_20=3
source_volatility_ratio_20_60=3
source_beta_universe58_60=3
source_beta_universe58_252=3
source_residual_momentum_126=3
source_realized_volatility_20=2
source_downside_volatility_60=2
source_overnight_gap_1=2
source_max_daily_log_return_20=2
source_close_ma200_ratio=1
source_bollinger_bandwidth_20=1
universe58_loo_log_return_1=1
cross_section_momentum_252_percentile=1
cross_section_beta_60_percentile=1

parameters:
[boosting: gbdt]
[objective: quantile]
[metric: quantile]
[tree_learner: serial]
[device_type: cpu]
[data_sample_strategy: bagging]
[data: ]
[valid: ]
[num_iterations: 19]
[learning_rate: 0.025]
[num_leaves: 15]
[num_threads: 12]
[seed: 32008]
[deterministic: 1]
[force_col_wise: 1]
[force_row_wise: 0]
[histogram_pool_size: -1]
[max_depth: 4]
[min_data_in_leaf: 120]
[min_sum_hessian_in_leaf: 0.001]
[bagging_fraction: 0.85]
[pos_bagging_fraction: 1]
[neg_bagging_fraction: 1]
[bagging_freq: 1]
[bagging_seed: 32008]
[bagging_by_query: 0]
[feature_fraction: 0.75]
[feature_fraction_bynode: 1]
[feature_fraction_seed: 32008]
[extra_trees: 0]
[extra_seed: 519]
[early_stopping_round: 0]
[early_stopping_min_delta: 0]
[first_metric_only: 0]
[max_delta_step: 0]
[lambda_l1: 0.25]
[lambda_l2: 5]
[linear_lambda: 0]
[min_gain_to_split: 0]
[drop_rate: 0.1]
[max_drop: 50]
[skip_drop: 0.5]
[xgboost_dart_mode: 0]
[uniform_drop: 0]
[drop_seed: 16038]
[top_rate: 0.2]
[other_rate: 0.1]
[min_data_per_group: 100]
[max_cat_threshold: 32]
[cat_l2: 10]
[cat_smooth: 10]
[max_cat_to_onehot: 4]
[top_k: 20]
[monotone_constraints: ]
[monotone_constraints_method: basic]
[monotone_penalty: 0]
[feature_contri: ]
[forcedsplits_filename: ]
[refit_decay_rate: 0.9]
[cegb_tradeoff: 1]
[cegb_penalty_split: 0]
[cegb_penalty_feature_lazy: ]
[cegb_penalty_feature_coupled: ]
[path_smooth: 0]
[interaction_constraints: ]
[verbosity: -1]
[saved_feature_importance_type: 0]
[use_quantized_grad: 0]
[num_grad_quant_bins: 4]
[quant_train_renew_leaf: 0]
[stochastic_rounding: 1]
[linear_tree: 0]
[max_bin: 255]
[max_bin_by_feature: ]
[min_data_in_bin: 3]
[bin_construct_sample_cnt: 200000]
[data_random_seed: 32008]
[is_enable_sparse: 1]
[enable_bundle: 1]
[use_missing: 1]
[zero_as_missing: 0]
[feature_pre_filter: 1]
[pre_partition: 0]
[two_round: 0]
[header: 0]
[label_column: ]
[weight_column: ]
[group_column: ]
[ignore_column: ]
[categorical_feature: ]
[forcedbins_filename: ]
[precise_float_parser: 0]
[parser_config_file: ]
[objective_seed: 20153]
[num_class: 1]
[is_unbalance: 0]
[scale_pos_weight: 1]
[sigmoid: 1]
[boost_from_average: 1]
[reg_sqrt: 0]
[alpha: 0.1]
[fair_c: 1]
[poisson_max_delta_step: 0.7]
[tweedie_variance_power: 1.5]
[lambdarank_truncation_level: 30]
[lambdarank_norm: 1]
[label_gain: ]
[lambdarank_position_bias_regularization: 0]
[eval_at: ]
[multi_error_top_k: 1]
[auc_mu_weights: ]
[num_machines: 1]
[local_listen_port: 12400]
[time_out: 120]
[machine_list_filename: ]
[machines: ]
[gpu_platform_id: -1]
[gpu_device_id: -1]
[gpu_use_dp: 0]
[num_gpu: 1]

end of parameters

pandas_categorical:[]
