tree
version=v4
num_class=1
num_tree_per_iteration=1
label_index=0
max_feature_idx=48
objective=quantile
feature_names=source_log_return_1 source_log_return_5 source_log_return_20 source_log_return_60 source_log_return_126 source_log_return_252 source_intraday_log_range source_close_to_open_log_return source_realized_volatility_20 source_realized_volatility_60 source_downside_volatility_20 source_downside_volatility_60 source_drawdown_from_60_session_peak source_drawdown_from_252_session_peak cross_section_momentum_20_percentile cross_section_positive_return_breadth cross_section_return_dispersion source_momentum_12_1 source_ma5_ma20_ratio source_close_ma50_ratio source_close_ma200_ratio source_rsi_14 source_bollinger_pct_b_20 source_bollinger_bandwidth_20 source_adx_14 source_directional_index_spread_14 source_parkinson_volatility_20 source_overnight_gap_1 source_positive_day_ratio_20 source_max_daily_log_return_20 source_return_skewness_60 source_distance_from_252_session_low source_volatility_ratio_20_60 universe58_loo_log_return_1 universe58_loo_log_return_20 universe58_loo_log_return_60 universe58_loo_log_return_126 universe58_loo_realized_volatility_20 universe58_loo_drawdown_252 source_beta_universe58_60 source_beta_universe58_252 source_correlation_universe58_60 source_residual_momentum_20 source_residual_momentum_126 source_idiosyncratic_volatility_60 cross_section_momentum_126_percentile cross_section_momentum_252_percentile cross_section_volatility_60_percentile cross_section_beta_60_percentile
feature_infos=[-0.10536076873540878:0.095312163233757019] [-0.52438312768936157:0.44636186957359314] [-1.1351611614227295:1.077221155166626] [-1.0610049962997437:1.5560240745544434] [-1.0489567518234253:2.3170430660247803] [-0.89605218172073364:2.9264204502105713] [0:0.19999955594539642] [-0.12566383183002472:0.19697383046150208] [0.0089856777340173721:0.083459392189979553] [0.012027040123939514:0.063424810767173767] [0.00095409812638536096:0.078742377460002899] [0.007057304959744215:0.048307757824659348] [-0.71968960762023926:0] [-0.71968960762023926:0] [0.017241379246115685:1] [0.017241379246115685:1] [0.012731988914310932:0.041878215968608856] [-0.84071391820907593:2.8910765647888184] [-0.47595494985580444:0.57290768623352051] [-0.62940984964370728:1.5476077795028687] [-0.4873068630695343:3.874976634979248] [0:100] [-0.27581372857093811:1.4438486099243164] [0.027125930413603783:1.7820020914077759] [7.327979564666748:83.650077819824219] [-54.177944183349609:77.140235900878906] [0.0081431083381175995:0.06641879677772522] [-0.10510788112878799:0.095250405371189117] [0.10000000149011612:0.89999997615814209] [0.005115102045238018:0.095630437135696411] [-2.965186595916748:1.7833932638168335] [0:18.523586273193359] [0.34140607714653015:1.5712734460830688] [-0.092919811606407166:0.054154831916093826] [-0.14326675236225128:0.26549568772315979] [-0.2251364141702652:0.55794161558151245] [-0.1335725337266922:0.86915600299835205] [0.0072068045847117901:0.037458643317222595] [-0.26247727870941162:0] [-0.5984683632850647:2.2586460113525391] [0.30918329954147339:1.4070049524307251] [-0.15451675653457642:0.94065767526626587] [-1.1516678333282471:0.84016847610473633] [-1.3436253070831299:1.9539748430252075] [0.0074497964233160019:0.059544753283262253] [0.017241379246115685:1] [0.017241379246115685:1] [0.017241379246115685:1] [0.017241379246115685:1]
tree_sizes=1346 975 973 978 1340 889 1066 889 982 982 891 889

Tree=0
num_leaves=14
num_cat=0
split_feature=37 36 16 16 37 41 36 24 35 37 36 17 39
split_gain=14.6728 37.4198 15.9067 8.20367 9.04149 6.75576 6.58824 5.89086 2.31528 4.17764 2.1343 1.68394 0.251856
threshold=0.01988108549267054 0.18712130934000018 0.031523328274488456 0.021790594793856147 0.010506472550332548 0.49601802229881292 0.2457975968718529 21.04138278961182 0.02279707416892052 0.013364989310503008 0.50894457101821911 0.68575504422187816 0.62108588218688976
decision_type=2 2 2 2 2 2 2 2 2 2 2 2 2
left_child=3 7 10 8 5 -5 -6 -2 12 -10 -3 -9 -1
right_child=1 2 -4 4 6 -7 -8 11 9 -11 -12 -13 -14
leaf_value=0.47841190295533587 0.48907751288831208 0.48240247854688934 0.48925733987470038 0.48796438527733843 0.48538339431076627 0.48477526326875198 0.48119936416881115 0.4866889261736283 0.4788245793283778 0.48420520463686445 0.477328066295582 0.49253778739191373 0.47762152415274362
leaf_weight=120 121 551 144 133 543 250 1561 127 965 586 491 120 1346
leaf_count=120 121 551 144 133 543 250 1561 127 965 586 491 120 1346
internal_value=0.483032 0.485172 0.483005 0.482425 0.483485 0.486993 0.482842 0.492078 0.481549 0.482233 0.481912 0.489586 0.480835
internal_weight=7058 1554 1186 5504 2487 383 2104 368 3017 1551 1042 247 1466
internal_count=7058 1554 1186 5504 2487 383 2104 368 3017 1551 1042 247 1466
is_linear=0
shrinkage=1


Tree=1
num_leaves=9
num_cat=0
split_feature=38 16 37 37 38 37 41 5
split_gain=27.0357 11.8922 8.16733 12.3873 6.99769 5.03401 4.28584 0.805098
threshold=-0.21169903129339215 0.02408415358513594 0.010506472550332548 0.018691217526793483 -0.079206261783838258 0.013364989310503008 0.54016038775444042 1.0794420242309573
decision_type=2 2 2 2 2 2 2 2
left_child=-1 4 6 -4 7 -6 -3 -2
right_child=1 2 3 -5 5 -7 -8 -9
leaf_value=0.0055739432213722396 -0.0049243482591878607 0.0060777322219656678 -0.0018196609068673016 0.0037435045775882515 -0.0036298762544066283 0.0011501034022920603 0.0012522898639815512 -0.0013610845904208099
leaf_weight=228 2195 173 1273 856 720 1383 174 122
leaf_count=228 2195 173 1273 856 720 1383 174 122
internal_value=-1.1047e-05 -0.000294704 0.00108978 0.000501991 -0.00107203 -2.43127e-05 0.00462003 -0.0020182
internal_weight=7124 6896 2476 2129 4420 2103 347 2317
internal_count=7124 6896 2476 2129 4420 2103 347 2317
is_linear=0
shrinkage=0.025


Tree=2
num_leaves=9
num_cat=0
split_feature=38 16 37 37 38 37 41 39
split_gain=24.344 12.9729 7.60312 12.5217 5.71757 5.1305 4.99531 1.26105
threshold=-0.21529643982648847 0.02408415358513594 0.010506472550332548 0.018691217526793483 -0.079206261783838258 0.013426736462861301 0.54016038775444042 0.57278600335121166
decision_type=2 2 2 2 2 2 2 2
left_child=-1 4 6 -4 7 -6 -3 -2
right_child=1 2 3 -5 5 -7 -8 -9
leaf_value=0.0065468004383781048 0.0010135955188413954 0.0056722020617238486 -0.001654043005091627 0.0036179826165051556 -0.0036293029093163198 0.00099803489872063249 0.001220982609201178 -0.004502014131264968
leaf_weight=194 125 162 1291 864 720 1377 184 2190
leaf_count=194 125 162 1291 864 720 1377 184 2190
internal_value=-3.32191e-05 -0.000282055 0.00115373 0.000593171 -0.00109775 -0.000148074 0.00456909 -0.00195313
internal_weight=7107 6913 2501 2155 4412 2097 346 2315
internal_count=7107 6913 2501 2155 4412 2097 346 2315
is_linear=0
shrinkage=0.025


Tree=3
num_leaves=9
num_cat=0
split_feature=38 16 36 36 37 38 36 45
split_gain=27.3081 12.067 11.2118 9.44727 7.6537 5.74271 5.52246 1.42201
threshold=-0.20065812021493909 0.02408415358513594 0.089174073189497008 0.10953285917639734 0.010506472550332548 -0.079206261783838258 0.037194192409515388 0.86720469594001781
decision_type=2 2 2 2 2 2 2 2
left_child=2 5 -1 -3 -5 7 -7 -2
right_child=1 3 -4 4 -6 6 -8 -9
leaf_value=0.0072061455770569037 -0.0047937135062552042 0.0054171704058102619 0.0026977830486478145 0.0035891410804169315 0.00013338366132030377 0.0047244970710756274 -0.00090936114834141632 -0.00056979694335523043
leaf_weight=122 1996 135 125 340 2014 126 1955 329
leaf_count=122 1996 135 125 340 2014 126 1955 329
internal_value=-4.18014e-05 -0.000337863 0.00804067 0.00105102 0.000671364 -0.00112418 -0.000165988 -0.00197693
internal_weight=7142 6895 247 2489 2354 4406 2081 2325
internal_count=7142 6895 247 2489 2354 4406 2081 2325
is_linear=0
shrinkage=0.025


Tree=4
num_leaves=13
num_cat=0
split_feature=37 36 16 16 37 41 36 24 36 35 37 39
split_gain=15.2894 34.8514 14.0685 6.37772 5.65046 6.74143 5.1311 4.81695 2.8678 2.16011 3.96554 0.597606
threshold=0.01988108549267054 0.11363328248262407 0.031523328274488456 0.021790594793856147 0.010506472550332548 0.54787123203277599 0.2457975968718529 21.517457962036136 0.50894457101821911 0.02279707416892052 0.013364989310503008 0.62108588218688976
decision_type=2 2 2 2 2 2 2 2 2 2 2 2
left_child=3 7 8 9 5 -5 -6 -2 -3 11 -11 -1
right_child=1 2 -4 4 6 -7 -8 -9 -10 10 -12 -13
leaf_value=-0.0038064739189465784 0.0054280883171764138 0.00076647532031496777 0.0053169897879915108 0.0049945459332402693 0.002068912919146031 -5.2293814788122174e-05 -0.0017022867000561057 0.0066291824253224031 -0.0055258667988124571 -0.0040469771730106728 0.0010295939727307079 -0.0049911954270053811
leaf_weight=123 126 575 148 184 532 197 1576 221 493 992 598 1356
leaf_count=123 126 575 148 184 532 197 1576 221 493 992 598 1356
internal_value=-8.36731e-05 0.00209582 8.49707e-05 -0.000699039 0.000239073 0.00302137 -0.000266801 0.00902344 -0.000921482 -0.00146104 -0.000811129 -0.00215044
internal_weight=7121 1563 1216 5558 2489 381 2108 347 1068 3069 1590 1479
internal_count=7121 1563 1216 5558 2489 381 2108 347 1068 3069 1590 1479
is_linear=0
shrinkage=0.025


Tree=5
num_leaves=8
num_cat=0
split_feature=38 16 32 38 36 36 31
split_gain=17.8475 9.35804 6.64828 5.50288 5.13192 3.92803 1.08413
threshold=-0.21169903129339215 0.023678648285567764 1.3043463826179507 -0.080670718103647218 0.10953285917639734 0.36497543752193456 2.1403889656066899
decision_type=2 2 2 2 2 2 2
left_child=-1 3 4 6 -3 -5 -2
right_child=1 2 -4 5 -6 -7 -8
leaf_value=0.0051011638766356561 -0.0042159931550470424 0.0045568782763881653 0.0046396071210681299 0.00066176325289539039 0.00027385867154605469 -0.0038018692760506153 0.00017550169225057937
leaf_weight=228 2200 198 123 1356 2341 585 122
leaf_count=228 2200 198 123 1356 2341 585 122
internal_value=-0.000157342 -0.000386905 0.000773809 -0.00111323 0.000489878 -0.000126542 -0.00193328
internal_weight=7153 6925 2662 4263 2539 1941 2322
internal_count=7153 6925 2662 4263 2539 1941 2322
is_linear=0
shrinkage=0.025


Tree=6
num_leaves=10
num_cat=0
split_feature=38 16 36 37 37 38 41 37 39
split_gain=18.6274 9.4065 8.30807 7.21105 12.0647 6.16259 5.4448 4.64516 1.24443
threshold=-0.20065812021493909 0.02408415358513594 0.093577094376087203 0.010506472550332548 0.018691217526793483 -0.079206261783838258 0.49352683126926428 0.013364989310503008 0.59251281619071972
decision_type=2 2 2 2 2 2 2 2 2
left_child=2 5 -1 6 -5 8 -3 -7 -2
right_child=1 3 -4 4 -6 7 -8 -9 -10
leaf_value=0.0067348722490769347 0.00014597950411556238 0.0045000177272827629 0.0025059565176772849 -0.0020973712897509808 0.0032533043405702359 -0.0032699034782946684 0.0022094950548410919 0.0010463359575850282 -0.0040199866462105483
leaf_weight=134 154 131 120 1257 847 707 193 1349 2140
leaf_count=134 154 131 120 1257 847 707 193 1349 2140
internal_value=-7.79813e-05 -0.000330054 0.00650096 0.000913994 0.000371621 -0.00102612 0.0043579 -2.85062e-05 -0.00191551
internal_weight=7032 6778 254 2428 2104 4350 324 2056 2294
internal_count=7032 6778 254 2428 2104 4350 324 2056 2294
is_linear=0
shrinkage=0.025


Tree=7
num_leaves=8
num_cat=0
split_feature=38 16 32 37 38 37 39
split_gain=13.6441 10.6507 7.2083 6.63676 5.32999 4.04339 1.08996
threshold=-0.21529643982648847 0.02408415358513594 1.3043463826179507 0.010506472550332548 -0.079206261783838258 0.013364989310503008 0.59251281619071972
decision_type=2 2 2 2 2 2 2
left_child=-1 4 3 -3 6 -6 -2
right_child=1 2 -4 -5 5 -7 -8
leaf_value=0.0047142102383738839 2.5871861350104361e-05 0.0036093242430625702 0.0043864409077390681 0.00023298661526362273 -0.0032662427741865195 0.00085024821417380354 -0.0039087506521116745
leaf_weight=195 152 339 131 2057 719 1363 2146
leaf_count=195 152 339 131 2057 719 1363 2146
internal_value=-0.000154602 -0.000341617 0.00094836 0.000626301 -0.00108751 -0.000167106 -0.00191652
internal_weight=7102 6907 2527 2396 4380 2082 2298
internal_count=7102 6907 2527 2396 4380 2082 2298
is_linear=0
shrinkage=0.025


Tree=8
num_leaves=9
num_cat=0
split_feature=38 16 37 37 41 38 37 41
split_gain=15.5177 10.2128 6.63185 9.63543 5.63304 4.86829 4.98591 0.947142
threshold=-0.20065812021493909 0.023678648285567764 0.010506472550332548 0.018691217526793483 0.54016038775444042 -0.080670718103647218 0.013426736462861301 0.36022318899631506
decision_type=2 2 2 2 2 2 2 2
left_child=-1 5 4 -4 -3 7 -7 -2
right_child=1 2 3 -5 -6 6 -8 -9
leaf_value=0.0052091355706465883 -0.00015034060226374742 0.0055681472315204129 -0.0017242523336722119 0.0028443964878644432 0.00084599407437837356 -0.0034002101577426378 0.00095478273861530547 -0.0039150626180234124
leaf_weight=236 154 168 1341 948 178 709 1218 2143
leaf_count=236 154 168 1341 948 178 709 1218 2143
internal_value=-0.000201585 -0.00042122 0.000797821 0.000303509 0.00399929 -0.0011832 -0.000251683 -0.00195971
internal_weight=7095 6859 2635 2289 346 4224 1927 2297
internal_count=7095 6859 2635 2289 346 4224 1927 2297
is_linear=0
shrinkage=0.025


Tree=9
num_leaves=9
num_cat=0
split_feature=38 16 37 37 37 38 37 45
split_gain=14.3758 9.24114 5.77648 17.143 8.74803 5.32205 4.74459 1.39699
threshold=-0.21169903129339215 0.023678648285567764 0.018691217526793483 0.029054563492536548 0.010437757708132269 -0.079206261783838258 0.013364989310503008 0.86720469594001781
decision_type=2 2 2 2 2 2 2 2
left_child=-1 5 4 -4 -3 7 -7 -2
right_child=1 2 3 -5 -6 6 -8 -9
leaf_value=0.0045892603159555598 -0.0040412547184708993 0.003565675542523539 0.0044182928337967364 -0.0078066528989855491 -0.0015942936573742968 -0.0031012667648718183 0.0010680809777292909 -0.00037650614671432274
leaf_weight=220 1973 325 632 339 1353 721 1196 344
leaf_count=220 1973 325 632 339 1353 721 1196 344
internal_value=-0.000133829 -0.000337726 0.000818104 0.00234759 -6.75882e-05 -0.00106246 -8.38976e-05 -0.00186746
internal_weight=7103 6883 2649 971 1678 4234 1917 2317
internal_count=7103 6883 2649 971 1678 4234 1917 2317
is_linear=0
shrinkage=0.025


Tree=10
num_leaves=8
num_cat=0
split_feature=38 16 36 16 38 36 31
split_gain=16.2048 9.85872 7.72866 5.19973 4.63714 4.47303 0.884133
threshold=-0.21169903129339215 0.02408415358513594 0.10953285917639734 0.035514006391167648 -0.079206261783838258 0.037194192409515388 2.0609356164932255
decision_type=2 2 2 2 2 2 2
left_child=-1 4 -3 -4 6 -6 -2
right_child=1 2 3 -5 5 -7 -8
leaf_value=0.004604300782281928 -0.0039568220089428131 0.0048872175143381113 0.00031100038361712789 0.0043787592973323899 0.0047427245474465987 -0.00093664581429265387 -0.00033228087740709458
leaf_weight=221 2202 150 2158 142 121 1940 137
leaf_count=221 2202 150 2158 142 121 1940 137
internal_value=-0.000207922 -0.000425785 0.000842667 0.000474511 -0.00113366 -0.0002644 -0.00189473
internal_weight=7071 6850 2450 2300 4400 2061 2339
internal_count=7071 6850 2450 2300 4400 2061 2339
is_linear=0
shrinkage=0.025


Tree=11
num_leaves=8
num_cat=0
split_feature=38 16 32 37 38 37 39
split_gain=11.9084 8.5013 6.49237 6.48127 4.69545 4.28126 1.47053
threshold=-0.21169903129339215 0.02408415358513594 1.3043463826179507 0.010437757708132269 -0.077177584171295152 0.013426736462861301 0.59251281619071972
decision_type=2 2 2 2 2 2 2
left_child=-1 4 3 -3 6 -6 -2
right_child=1 2 -4 -5 5 -7 -8
leaf_value=0.0050790917370850293 0.00091569843967140806 0.0039249939371430809 0.004385460019386749 -2.994087034810893e-05 -0.0030186732814043047 0.00093583242425224504 -0.0036170509901408466
leaf_weight=222 154 329 124 2050 733 1372 2184
leaf_count=222 154 329 124 2050 733 1372 2184
internal_value=-0.000176182 -0.00036092 0.000801933 0.000501782 -0.00101759 -0.000156991 -0.00178777
internal_weight=7168 6946 2503 2379 4443 2105 2338
internal_count=7168 6946 2503 2379 4443 2105 2338
is_linear=0
shrinkage=0.025


end of trees

feature_importances:
universe58_loo_realized_volatility_20=27
universe58_loo_drawdown_252=20
cross_section_return_dispersion=15
universe58_loo_log_return_126=14
source_correlation_universe58_60=7
source_beta_universe58_60=6
source_volatility_ratio_20_60=3
source_adx_14=2
source_distance_from_252_session_low=2
universe58_loo_log_return_60=2
cross_section_momentum_126_percentile=2
source_log_return_252=1
source_momentum_12_1=1

parameters:
[boosting: gbdt]
[objective: quantile]
[metric: quantile]
[tree_learner: serial]
[device_type: cpu]
[data_sample_strategy: bagging]
[data: ]
[valid: ]
[num_iterations: 12]
[learning_rate: 0.025]
[num_leaves: 15]
[num_threads: 12]
[seed: 32111]
[deterministic: 1]
[force_col_wise: 1]
[force_row_wise: 0]
[histogram_pool_size: -1]
[max_depth: 4]
[min_data_in_leaf: 120]
[min_sum_hessian_in_leaf: 0.001]
[bagging_fraction: 0.85]
[pos_bagging_fraction: 1]
[neg_bagging_fraction: 1]
[bagging_freq: 1]
[bagging_seed: 32111]
[bagging_by_query: 0]
[feature_fraction: 0.75]
[feature_fraction_bynode: 1]
[feature_fraction_seed: 32111]
[extra_trees: 0]
[extra_seed: 11756]
[early_stopping_round: 0]
[early_stopping_min_delta: 0]
[first_metric_only: 0]
[max_delta_step: 0]
[lambda_l1: 0.25]
[lambda_l2: 5]
[linear_lambda: 0]
[min_gain_to_split: 0]
[drop_rate: 0.1]
[max_drop: 50]
[skip_drop: 0.5]
[xgboost_dart_mode: 0]
[uniform_drop: 0]
[drop_seed: 21040]
[top_rate: 0.2]
[other_rate: 0.1]
[min_data_per_group: 100]
[max_cat_threshold: 32]
[cat_l2: 10]
[cat_smooth: 10]
[max_cat_to_onehot: 4]
[top_k: 20]
[monotone_constraints: ]
[monotone_constraints_method: basic]
[monotone_penalty: 0]
[feature_contri: ]
[forcedsplits_filename: ]
[refit_decay_rate: 0.9]
[cegb_tradeoff: 1]
[cegb_penalty_split: 0]
[cegb_penalty_feature_lazy: ]
[cegb_penalty_feature_coupled: ]
[path_smooth: 0]
[interaction_constraints: ]
[verbosity: -1]
[saved_feature_importance_type: 0]
[use_quantized_grad: 0]
[num_grad_quant_bins: 4]
[quant_train_renew_leaf: 0]
[stochastic_rounding: 1]
[linear_tree: 0]
[max_bin: 255]
[max_bin_by_feature: ]
[min_data_in_bin: 3]
[bin_construct_sample_cnt: 200000]
[data_random_seed: 32111]
[is_enable_sparse: 1]
[enable_bundle: 1]
[use_missing: 1]
[zero_as_missing: 0]
[feature_pre_filter: 1]
[pre_partition: 0]
[two_round: 0]
[header: 0]
[label_column: ]
[weight_column: ]
[group_column: ]
[ignore_column: ]
[categorical_feature: ]
[forcedbins_filename: ]
[precise_float_parser: 0]
[parser_config_file: ]
[objective_seed: 1210]
[num_class: 1]
[is_unbalance: 0]
[scale_pos_weight: 1]
[sigmoid: 1]
[boost_from_average: 1]
[reg_sqrt: 0]
[alpha: 0.9]
[fair_c: 1]
[poisson_max_delta_step: 0.7]
[tweedie_variance_power: 1.5]
[lambdarank_truncation_level: 30]
[lambdarank_norm: 1]
[label_gain: ]
[lambdarank_position_bias_regularization: 0]
[eval_at: ]
[multi_error_top_k: 1]
[auc_mu_weights: ]
[num_machines: 1]
[local_listen_port: 12400]
[time_out: 120]
[machine_list_filename: ]
[machines: ]
[gpu_platform_id: -1]
[gpu_device_id: -1]
[gpu_use_dp: 0]
[num_gpu: 1]

end of parameters

pandas_categorical:[]
