tree
version=v4
num_class=1
num_tree_per_iteration=1
label_index=0
max_feature_idx=48
objective=quantile
feature_names=source_log_return_1 source_log_return_5 source_log_return_20 source_log_return_60 source_log_return_126 source_log_return_252 source_intraday_log_range source_close_to_open_log_return source_realized_volatility_20 source_realized_volatility_60 source_downside_volatility_20 source_downside_volatility_60 source_drawdown_from_60_session_peak source_drawdown_from_252_session_peak cross_section_momentum_20_percentile cross_section_positive_return_breadth cross_section_return_dispersion source_momentum_12_1 source_ma5_ma20_ratio source_close_ma50_ratio source_close_ma200_ratio source_rsi_14 source_bollinger_pct_b_20 source_bollinger_bandwidth_20 source_adx_14 source_directional_index_spread_14 source_parkinson_volatility_20 source_overnight_gap_1 source_positive_day_ratio_20 source_max_daily_log_return_20 source_return_skewness_60 source_distance_from_252_session_low source_volatility_ratio_20_60 universe58_loo_log_return_1 universe58_loo_log_return_20 universe58_loo_log_return_60 universe58_loo_log_return_126 universe58_loo_realized_volatility_20 universe58_loo_drawdown_252 source_beta_universe58_60 source_beta_universe58_252 source_correlation_universe58_60 source_residual_momentum_20 source_residual_momentum_126 source_idiosyncratic_volatility_60 cross_section_momentum_126_percentile cross_section_momentum_252_percentile cross_section_volatility_60_percentile cross_section_beta_60_percentile
feature_infos=[-0.10536076873540878:0.095312163233757019] [-0.52438312768936157:0.44636186957359314] [-1.1351611614227295:1.077221155166626] [-1.0610049962997437:1.5560240745544434] [-1.0489567518234253:2.3170430660247803] [-0.89605218172073364:2.9264204502105713] [0:0.19999955594539642] [-0.12566383183002472:0.19697383046150208] [0.0089856777340173721:0.083459392189979553] [0.012027040123939514:0.063424810767173767] [0.00095409812638536096:0.078742377460002899] [0.007057304959744215:0.048307757824659348] [-0.71968960762023926:0] [-0.71968960762023926:0] [0.017241379246115685:1] [0.017241379246115685:1] [0.012731988914310932:0.041878215968608856] [-0.84071391820907593:2.8910765647888184] [-0.47595494985580444:0.57290768623352051] [-0.62940984964370728:1.5476077795028687] [-0.4873068630695343:3.874976634979248] [0:100] [-0.27581372857093811:1.4438486099243164] [0.027125930413603783:1.7820020914077759] [7.327979564666748:83.650077819824219] [-54.177944183349609:77.140235900878906] [0.0081431083381175995:0.06641879677772522] [-0.10510788112878799:0.095250405371189117] [0.10000000149011612:0.89999997615814209] [0.005115102045238018:0.095630437135696411] [-2.965186595916748:1.7833932638168335] [0:18.523586273193359] [0.34140607714653015:1.5712734460830688] [-0.092919811606407166:0.054154831916093826] [-0.14326675236225128:0.26549568772315979] [-0.2251364141702652:0.55794161558151245] [-0.1335725337266922:0.86915600299835205] [0.0072068045847117901:0.037458643317222595] [-0.26247727870941162:0] [-0.5984683632850647:2.2586460113525391] [0.30918329954147339:1.4070049524307251] [-0.15451675653457642:0.94065767526626587] [-1.1516678333282471:0.84016847610473633] [-1.3436253070831299:1.9539748430252075] [0.0074497964233160019:0.059544753283262253] [0.017241379246115685:1] [0.017241379246115685:1] [0.017241379246115685:1] [0.017241379246115685:1]
tree_sizes=851 973 875 884 976 873 888 980 1432 884 705 974 1428 873 1338 1250 1442 886 704

Tree=0
num_leaves=8
num_cat=0
split_feature=17 36 37 38 36 36 26
split_gain=20.1069 7.54899 8.59271 6.29792 5.54661 4.26225 2.78474
threshold=1.330220699310303 0.72353196144104015 0.012564435601234438 -0.0015394399524666367 0.35295963287353521 0.50894457101821911 0.031941609457135207
decision_type=2 2 2 2 2 2 2
left_child=1 2 3 -1 -4 -2 -3
right_child=5 6 4 -5 -6 -7 -8
leaf_value=-0.18977741412525717 -0.19230824253536702 -0.18978657338381796 -0.18588849476391198 -0.18736485759609106 -0.18853258092815547 -0.19418443640514638 -0.19332349288478848
leaf_weight=1103 196 120 2728 607 2067 122 139
leaf_count=1103 196 120 2728 607 2067 122 139
internal_value=-0.188557 -0.188267 -0.188099 -0.189616 -0.187556 -0.194652 -0.19241
internal_weight=7082 6764 6505 1710 4795 318 259
internal_count=7082 6764 6505 1710 4795 318 259
is_linear=0
shrinkage=1


Tree=1
num_leaves=9
num_cat=0
split_feature=4 31 16 35 44 45 41 44
split_gain=20.9658 8.09937 7.05385 11.8111 6.43444 5.85158 4.50057 2.07465
threshold=1.0470704436302187 2.3254270553588872 0.020029208622872833 0.064041174948215498 0.023231307044625286 0.76228907704353344 0.66294640302658092 0.026237063109874729
decision_type=2 2 2 2 2 2 2 2
left_child=1 2 3 -1 -4 6 -3 -7
right_child=-2 5 4 -5 -6 7 -8 -9
leaf_value=0.00070327968640081196 -0.0075033466853466181 -0.0041589864753289558 0.002791269032309104 -0.0017196964705895306 -0.00010352310629486342 0.0013299210526683252 -0.00067117827009383069 -0.0020778760185199284
leaf_weight=1328 162 218 2370 842 1594 274 123 217
leaf_count=1328 162 218 2370 842 1594 274 123 217
internal_value=-1.03392e-05 0.000198501 0.000513724 -0.00062931 0.00114103 -0.00210723 -0.00459899 -0.000335181
internal_weight=7128 6966 6134 2170 3964 832 341 491
internal_count=7128 6966 6134 2170 3964 832 341 491
is_linear=0
shrinkage=0.025


Tree=2
num_leaves=8
num_cat=0
split_feature=17 36 37 34 37 36 43
split_gain=15.04 7.98091 8.11877 8.27154 5.5443 5.17394 4.12748
threshold=1.330220699310303 0.72353196144104015 0.012596841435879471 0.02269590646028519 0.03135239705443383 0.49564366042613989 -0.040758203715085976
decision_type=2 2 2 2 2 2 2
left_child=1 2 3 -1 -4 -2 -3
right_child=5 6 4 -5 -6 -7 -8
leaf_value=-0.001355287767358713 -0.003117596970831442 -0.00050141084114324228 0.0014895944250183971 0.00054084669200592174 -0.0017783436368036664 -0.0061943913699232141 -0.0053109818075072254
leaf_weight=816 192 124 4544 935 257 130 132
leaf_count=816 192 124 4544 935 257 130 132
internal_value=-2.6278e-06 0.000247872 0.000419209 -0.00103431 0.000951155 -0.00524083 -0.00403736
internal_weight=7130 6808 6552 1751 4801 322 256
internal_count=7130 6808 6552 1751 4801 322 256
is_linear=0
shrinkage=0.025


Tree=3
num_leaves=8
num_cat=0
split_feature=4 17 16 37 44 34 41
split_gain=20.6233 9.32319 5.52067 7.70433 6.69267 2.9771 4.23337
threshold=1.0845075249671938 1.011788070201874 0.020029208622872833 0.015662523917853836 0.023451565764844421 -0.092387992888689027 0.65633451938629161
decision_type=2 2 2 2 2 2 2
left_child=1 2 3 -1 -4 -3 -7
right_child=-2 5 4 -5 -6 6 -8
leaf_value=-0.00092371172207227807 -0.0079721195976857895 -0.002169006266625154 0.0029642180361149142 0.0026151212249813775 -0.00026337923248976534 -0.0026797506499952328 0.0015313162530488826
leaf_weight=1438 138 127 2357 682 1443 638 332
leaf_count=1438 138 127 2357 682 1443 638 332
internal_value=-3.22974e-05 0.000158253 0.000551688 -0.000467647 0.00112188 -0.00195213 -0.00145513
internal_weight=7155 7017 5920 2120 3800 1097 970
internal_count=7155 7017 5920 2120 3800 1097 970
is_linear=0
shrinkage=0.025


Tree=4
num_leaves=9
num_cat=0
split_feature=4 17 16 37 44 37 34 4
split_gain=15.5516 8.11419 5.51526 8.14103 6.45089 3.08648 4.27342 2.3036
threshold=1.0845075249671938 0.99156355857849132 0.020029208622872833 0.015662523917853836 0.023289544507861141 0.013364989310503008 -0.089532893151044832 0.58596691489219677
decision_type=2 2 2 2 2 2 2 2
left_child=1 2 3 -1 -4 7 -7 -3
right_child=-2 5 4 -5 -6 6 -8 -9
leaf_value=-0.0009189927758955854 -0.0069068489188701928 -0.0030401336449442564 0.0028906377467997958 0.0027358337564491811 -0.00031011483177526488 -0.0020978912007017683 -0.00038555698279071015 -0.0014356735167188057
leaf_weight=1387 134 129 2318 675 1398 143 776 129
leaf_count=1387 134 129 2318 675 1398 143 776 129
internal_value=-5.5857e-05 0.000108657 0.000495202 -0.000538824 0.00107061 -0.00177771 -0.00107819 -0.00417776
internal_weight=7089 6955 5778 2062 3716 1177 919 258
internal_count=7089 6955 5778 2062 3716 1177 919 258
is_linear=0
shrinkage=0.025


Tree=5
num_leaves=8
num_cat=0
split_feature=17 36 37 34 37 9 36
split_gain=14.5335 8.08374 7.91334 8.40862 5.23277 3.34213 3.05084
threshold=1.330220699310303 0.72353196144104015 0.013236914761364462 0.034920513629913337 0.030344524420797828 0.032273747026920326 0.50894457101821911
decision_type=2 2 2 2 2 2 2
left_child=1 2 3 -1 -4 -3 -2
right_child=6 5 4 -5 -6 -7 -8
leaf_value=-0.001355023571204981 -0.0032521565253100745 -0.00098723580310559433 0.0018087369825480011 0.00072847550309664867 -0.0015116299008538043 -0.0037107070980273065 -0.0051050509224046811
leaf_weight=1041 202 126 4054 1139 342 134 121
leaf_count=1041 202 126 4054 1139 342 134 121
internal_value=0 0.000246126 0.000419199 -0.000809496 0.00103016 -0.00403302 -0.00514101
internal_weight=7159 6836 6576 2180 4396 260 323
internal_count=7159 6836 6576 2180 4396 260 323
is_linear=0
shrinkage=0.025


Tree=6
num_leaves=8
num_cat=0
split_feature=4 35 38 37 47 30 37
split_gain=15.9149 6.76544 5.02122 4.86452 1.57325 1.20703 0.140092
threshold=1.0845075249671938 -0.022131456062197682 -0.15566316246986386 0.013364989310503008 0.63811445236206066 -0.0088046225719153864 0.013236914761364462
decision_type=2 2 2 2 2 2 2
left_child=1 4 -3 -4 6 -6 -1
right_child=-2 2 3 -5 5 -7 -8
leaf_value=0.0019875092452009946 -0.0072749259206416591 -0.0023047007074181395 -0.00075210654985534463 0.00078176952679182845 0.0021250690693019811 -0.00077959357107445354 0.003060523852598483
leaf_weight=128 135 161 2092 3022 275 333 949
leaf_count=128 135 161 2092 3022 275 333 949
internal_value=8.53874e-05 0.000253948 -0.000185843 -4.56631e-05 0.00163092 0.000593393 0.00220541
internal_weight=7095 6960 5275 5114 1685 608 1077
internal_count=7095 6960 5275 5114 1685 608 1077
is_linear=0
shrinkage=0.025


Tree=7
num_leaves=9
num_cat=0
split_feature=4 35 16 34 38 47 30 41
split_gain=13.4349 6.98855 6.36378 10.2233 7.16281 1.94927 1.50704 0.278167
threshold=1.0845075249671938 -0.022131456062197682 0.020040947012603286 -0.095803286880254732 -0.025541820563375946 0.71515038609504711 -0.0088046225719153864 0.65492922067642223
decision_type=2 2 2 2 2 2 2 2
left_child=1 5 4 -4 -3 7 -7 -1
right_child=-2 2 3 -5 -6 6 -8 -9
leaf_value=0.0020386802241011324 -0.0064010392242654758 -0.00032223980006241691 -0.0023165310634589899 0.0006568679061858991 -0.0027967655202192094 0.0020416690624818503 -0.0011196902449380631 0.0032225697027694054
leaf_weight=361 128 1191 162 3507 445 202 275 828
leaf_count=361 128 1191 162 3507 445 202 275 828
internal_value=-1.35486e-05 0.000135644 -0.000307203 0.000269801 -0.00160192 0.00154623 0.000178942 0.00208647
internal_weight=7099 6971 5305 3669 1636 1666 477 1189
internal_count=7099 6971 5305 3669 1636 1666 477 1189
is_linear=0
shrinkage=0.025


Tree=8
num_leaves=14
num_cat=0
split_feature=31 44 36 16 35 15 44 37 9 47 17 2 38
split_gain=14.1924 8.26937 4.97387 4.86728 8.60237 7.20126 5.65603 3.78959 3.27321 2.19095 1.32963 1.09193 1.05424
threshold=2.4194529056549077 0.02684231381863356 0.59309965372085582 0.020029208622872833 0.064041174948215498 0.61206895112991344 0.023289544507861141 0.027630368247628215 0.040249295532703407 0.74303007125854503 1.0436841249465945 0.20135433971881869 -0.016770485788583752
decision_type=2 2 2 2 2 2 2 2 2 2 2 2 2
left_child=3 11 8 4 9 -6 10 -8 -3 -1 -5 12 -2
right_child=1 2 -4 6 5 -7 7 -9 -10 -11 -12 -13 -14
leaf_value=0.0013236467448319723 4.5019017340158874e-05 -0.0037054093451086068 -0.0057383437775037228 0.0028614768079315445 -0.0021460939761257375 -8.3211600789851377e-06 0.00048840812353379177 -0.0018372491805479275 -0.00016419996367823201 -0.00080088051904691213 -0.00067577124405271405 0.0016302887896584982 -0.0026266234161808639
leaf_weight=997 174 142 155 2345 443 415 1365 248 122 321 120 145 132
leaf_count=997 174 142 155 2345 443 415 1365 248 122 321 120 145 132
internal_value=7.4169e-05 -0.00290714 -0.00541568 0.000491892 -0.000460225 -0.00240295 0.00100141 -0.000146014 -0.00319238 0.000804044 0.00175354 -0.000529057 -0.00137862
internal_weight=7124 870 419 6254 2176 858 4078 1613 264 1318 2465 451 306
internal_count=7124 870 419 6254 2176 858 4078 1613 264 1318 2465 451 306
is_linear=0
shrinkage=0.025


Tree=9
num_leaves=8
num_cat=0
split_feature=4 44 16 3 36 34 31
split_gain=15.9124 6.55478 5.85061 7.24789 4.66197 4.6881 1.96814
threshold=1.0845075249671938 0.023173874244093898 0.020029208622872833 0.0028918876778334384 0.72353196144104015 -0.097538646310567842 2.0609356164932255
decision_type=2 2 2 2 2 2 2
left_child=1 2 3 -1 5 -3 -4
right_child=-2 4 6 -5 -6 -7 -8
leaf_value=0.0012850472251661575 -0.0066524413343368978 -0.0018335266271450373 0.0026527772290705792 -0.001225721175619832 -0.003158447556711973 -7.4152743282557889e-05 -0.0002920845040623277
leaf_weight=770 138 224 2248 935 199 2229 329
leaf_count=770 138 224 2248 935 199 2229 329
internal_value=4.57469e-05 0.00021671 0.000821962 -0.000310672 -0.000757904 -0.000452095 0.00157291
internal_weight=7072 6934 4282 1705 2652 2453 2577
internal_count=7072 6934 4282 1705 2652 2453 2577
is_linear=0
shrinkage=0.025


Tree=10
num_leaves=6
num_cat=0
split_feature=4 36 37 34 37
split_gain=14.6656 7.72971 6.28928 7.49426 7.10056
threshold=1.0845075249671938 0.77135005593299877 0.013364989310503008 0.037888618186116226 0.030344524420797828
decision_type=2 2 2 2 2
left_child=1 2 3 -1 -4
right_child=-2 -3 4 -5 -6
leaf_value=-0.0012463467305897141 -0.0068693337582077579 -0.0037906192891669732 0.001598989987317482 0.00060446084161263356 -0.001355566082857724
leaf_weight=1089 129 163 4039 1239 412
leaf_count=1089 129 163 4039 1239 412
internal_value=1.00693e-05 0.000168958 0.000300892 -0.000749571 0.000851941
internal_weight=7071 6942 6779 2328 4451
internal_count=7071 6942 6779 2328 4451
is_linear=0
shrinkage=0.025


Tree=11
num_leaves=9
num_cat=0
split_feature=4 44 16 3 31 45 26 17
split_gain=13.0351 6.67467 5.56312 6.74573 3.32345 4.86249 3.12245 2.72527
threshold=1.0845075249671938 0.023173874244093898 0.020029208622872833 0.0028918876778334384 2.4194529056549077 0.71515038609504711 0.040860213339328773 1.1181669235229494
decision_type=2 2 2 2 2 2 2 2
left_child=1 2 3 -1 6 -6 -3 -4
right_child=-2 4 7 -5 5 -7 -8 -9
leaf_value=0.0011965798615020317 -0.006021273222595532 -1.6151168114514202e-06 0.0025455050448313903 -0.0010781084597103316 -0.0036379546403092983 -0.0010426348471263187 -0.0017327552019797045 -0.00097154384773817301
leaf_weight=797 136 1926 2419 958 157 350 242 165
leaf_count=797 136 1926 2419 958 157 350 242 165
internal_value=5.15375e-05 0.000203555 0.00080945 -0.000273437 -0.000776586 -0.00259033 -0.00034457 0.00154645
internal_weight=7150 7014 4339 1755 2675 507 2168 2584
internal_count=7150 7014 4339 1755 2675 507 2168 2584
is_linear=0
shrinkage=0.025


Tree=12
num_leaves=14
num_cat=0
split_feature=41 31 37 37 34 37 9 34 29 34 20 33 41
split_gain=10.611 9.06749 5.82009 5.5882 5.21537 3.65627 3.59704 3.40515 2.87307 2.60125 1.97709 1.41229 1.09338
threshold=0.58523473143577587 2.4194529056549077 0.027630368247628215 0.012365397531539203 0.02269590646028519 0.01576853729784489 0.033581735566258437 0.13485223799943927 0.062251411378383643 -0.097538646310567842 0.65312436223030101 0.00063214614056050788 0.71336260437965404
decision_type=2 2 2 2 2 2 2 2 2 2 2 2 2
left_child=1 5 3 4 -2 7 8 -1 -3 -4 -7 -11 -5
right_child=2 6 9 12 -6 10 -8 -9 -10 11 -12 -13 -14
leaf_value=-0.0011600405367814661 -0.001221650468431012 -0.0034104170067551006 -0.0017013197286683006 0.0014078672518150447 0.0011210348779751211 0.0013837598016960152 -0.0043653948423363325 0.0016640447431649577 1.4120602697859309e-05 0.0015165140960205371 -0.0012040778460132868 -0.0012973356173009989 0.0030761837580283499
leaf_weight=1134 347 120 201 1496 493 764 236 328 165 136 123 140 1391
leaf_count=1134 347 120 201 1496 493 764 236 328 165 136 123 140 1391
internal_value=6.76297e-05 -0.00110217 0.00086808 0.0012021 -0.000584319 -0.000433836 -0.00407082 -0.00120228 -0.00209052 -0.00171421 0.000825392 -0.000102313 0.00172415
internal_weight=7074 2870 4204 3727 840 2349 521 1462 285 477 887 276 2887
internal_count=7074 2870 4204 3727 840 2349 521 1462 285 477 887 276 2887
is_linear=0
shrinkage=0.025


Tree=13
num_leaves=8
num_cat=0
split_feature=4 41 16 36 36 26 11
split_gain=11.2302 7.47627 5.87809 13.8914 7.10688 4.61297 3.88421
threshold=1.0845075249671938 0.58523473143577587 0.020029208622872833 0.26562629640102392 0.7036130726337434 0.040860213339328773 0.012398879975080492
decision_type=2 2 2 2 2 2 2
left_child=1 2 3 -1 -4 6 -3
right_child=-2 5 4 -5 -6 -7 -8
leaf_value=-0.00040617243117156075 -0.0055997392744975274 -0.00065749565077948761 0.00053532310600056389 -0.003839459292191847 -0.0032978466308934968 -0.0016257387626460989 0.0014691220318200976
leaf_weight=665 136 312 1657 262 171 198 3713
leaf_count=665 136 312 1657 262 171 198 3713
internal_value=4.26676e-05 0.000184555 -0.00082654 -0.00244233 0 0.000845849 0.00103133
internal_weight=7114 6978 2755 927 1828 4223 4025
internal_count=7114 6978 2755 927 1828 4223 4025
is_linear=0
shrinkage=0.025


Tree=14
num_leaves=13
num_cat=0
split_feature=31 44 37 36 38 34 3 36 29 47 16 43
split_gain=10.2953 6.50055 5.15813 5.91747 5.37659 5.06968 6.19346 4.84033 3.07035 2.381 1.72928 0.560654
threshold=2.4194529056549077 0.027408479712903503 0.012564435601234438 0.35295963287353521 -0.0042493466753512612 0.016081676818430427 0.076473224908113493 0.52522680163383495 0.056136013939976699 0.91434335708618175 0.021583040244877342 0.31716674566268926
decision_type=2 2 2 2 2 2 2 2 2 2 2 2
left_child=2 8 5 9 -5 6 -1 -3 -2 -4 -7 -10
right_child=1 7 3 4 -6 10 -8 -9 11 -11 -12 -13
leaf_value=-0.00018358903501428542 -0.0024371846305705175 -0.0021255111715963487 0.0025160552390436595 0.00072968333226149399 -0.0013262283037994804 -0.00036239298813731634 -0.00185259318728408 -0.0048347286517065255 -8.5441198250775643e-05 -0.0010852377641226295 0.0030626275705338867 0.0021059478537627518
leaf_weight=391 131 224 2389 1453 564 480 315 177 197 178 418 138
leaf_count=391 131 224 2389 1453 564 480 315 177 197 178 418 138
internal_value=7.5248e-05 -0.00246703 0.00043416 0.000861571 -0.000148986 -0.000782318 -0.00236111 -0.0047814 -0.00043259 0.00165678 0.000458195 0.000827206
internal_weight=7055 867 6188 4584 2017 1604 706 401 466 2567 898 335
internal_count=7055 867 6188 4584 2017 1604 706 401 466 2567 898 335
is_linear=0
shrinkage=0.025


Tree=15
num_leaves=12
num_cat=0
split_feature=44 36 37 36 38 16 5 3 37 35 41
split_gain=10.6263 6.83494 5.42764 5.99264 6.8967 3.87646 3.75435 3.191 2.11336 1.59551 0.680155
threshold=0.026921130716800693 0.7036130726337434 0.012564435601234438 0.35417005419731146 -0.0042493466753512612 0.019424235448241237 1.5306547880172732 0.076473224908113493 0.03135239705443383 0.22421298921108249 0.58339446783065807
decision_type=2 2 2 2 2 2 2 2 2 2 2
left_child=2 6 5 10 -5 7 8 -1 -2 -7 -4
right_child=1 -3 3 4 -6 9 -8 -9 -10 -11 -12
leaf_value=-0.00019969266302203231 -0.00037349890928904916 -0.0037768154186035813 0.0012849006523801831 0.0010548496396802403 -0.0015349295961860126 -6.5418381159757649e-05 -0.0070192857981096774 -0.0017675147019471293 -0.001629700575790579 0.0089418153770192185 0.0029695256278388059
leaf_weight=398 1089 180 677 1168 462 587 121 373 129 203 1744
leaf_count=398 1089 180 677 1168 462 587 121 373 129 203 1744
internal_value=4.85217e-05 -0.001802 0.000551674 0.00103458 -0.000133792 -0.000696839 -0.00116908 -0.00195393 -0.000734873 0.00052673 0.00182244
internal_weight=7131 1519 5612 4051 1630 1561 1339 771 1218 790 2421
internal_count=7131 1519 5612 4051 1630 1561 1339 771 1218 790 2421
is_linear=0
shrinkage=0.025


Tree=16
num_leaves=14
num_cat=0
split_feature=17 37 34 3 41 37 16 37 33 11 34 33 33
split_gain=9.62163 4.22347 4.81379 5.71553 4.45582 4.15987 3.86159 3.47584 2.74689 2.55595 2.21852 0.821946 0.725984
threshold=0.97108754515647899 0.01243073493242264 0.02269590646028519 0.076473224908113493 0.5793866515159608 0.013463767711073162 0.020029208622872833 0.030344524420797828 -0.0010637433733791111 0.018638771958649162 0.13363897800445559 -0.0126772029325366 0.0093334680423140543
decision_type=2 2 2 2 2 2 2 2 2 2 2 2 2
left_child=1 2 3 -1 6 10 -3 -6 11 -10 -2 -7 -4
right_child=5 4 12 -5 7 8 -8 -9 9 -11 -12 -13 -14
leaf_value=-0.00011075329934147611 -0.0026224378178728545 -0.0012989930944838442 0.0015110701084326008 -0.0017625242424348067 0.0022499296558998396 -0.00038490198281881759 0.00064587210074395747 -0.0013153995408410242 -0.00028337379727341906 -0.0024107331583464999 -0.0038112723115404702 0.0022495876962935371 -0.00014155193688261043
leaf_weight=405 159 420 553 310 2581 154 1051 198 331 385 134 188 242
leaf_count=405 159 420 553 310 2581 154 1051 198 331 385 134 188 242
internal_value=0.000111896 0.000558326 -0.000573432 -0.00205729 0.000962103 -0.0017819 -0.000146511 0.00155038 -0.00103363 -0.00191227 -0.00440017 0.000788905 0.000757813
internal_weight=7111 5760 1510 715 4250 1351 1471 2779 1058 716 293 342 795
internal_count=7111 5760 1510 715 4250 1351 1471 2779 1058 716 293 342 795
is_linear=0
shrinkage=0.025


Tree=17
num_leaves=8
num_cat=0
split_feature=4 44 37 38 16 37 38
split_gain=10.615 6.06966 4.25064 4.48486 4.28129 2.58019 3.20498
threshold=1.0845075249671938 0.024213519878685478 0.0131940427236259 -0.0036980825243517752 0.019424235448241237 0.03135239705443383 -0.012355423066765068
decision_type=2 2 2 2 2 2 2
left_child=1 2 4 -4 -1 6 -3
right_child=-2 5 3 -5 -6 -7 -8
leaf_value=-0.00080720951613789515 -0.0060795417251781076 0.00029500726581387115 0.0021645791736880763 -0.0005346297751399608 0.0010871216790408697 -0.00149605023200789 -0.0015077232286499812
leaf_weight=852 137 1249 2481 539 888 215 804
leaf_count=852 137 1249 2481 539 888 215 804
internal_value=6.712e-05 0.000204571 0.000712225 0.00127893 -0.000268625 -0.000857347 -0.000576409
internal_weight=7165 7028 4760 3020 1740 2268 2053
internal_count=7165 7028 4760 3020 1740 2268 2053
is_linear=0
shrinkage=0.025


Tree=18
num_leaves=6
num_cat=0
split_feature=4 36 37 34 34
split_gain=10.3995 6.50859 6.27065 6.9211 4.7027
threshold=1.0845075249671938 0.73070544004440319 0.013364989310503008 0.037888618186116226 -0.10948737710714339
decision_type=2 2 2 2 2
left_child=1 2 3 -1 -4
right_child=-2 -3 4 -5 -6
leaf_value=-0.0011388259962163074 -0.0065529473740598837 -0.0030447974576759376 -0.001356458995671676 0.00075111959107807848 0.0014448616885919629
leaf_weight=1075 132 236 251 1203 4201
leaf_count=1075 132 236 251 1203 4201
internal_value=0.000149761 0.000284572 0.000429659 -0.000634582 0.000975712
internal_weight=7098 6966 6730 2278 4452
internal_count=7098 6966 6730 2278 4452
is_linear=0
shrinkage=0.025


end of trees

feature_importances:
universe58_loo_realized_volatility_20=25
universe58_loo_log_return_126=17
universe58_loo_log_return_20=15
source_log_return_126=12
cross_section_return_dispersion=12
source_idiosyncratic_volatility_60=11
source_momentum_12_1=8
universe58_loo_drawdown_252=8
source_correlation_universe58_60=8
source_distance_from_252_session_low=6
source_log_return_60=5
universe58_loo_log_return_60=5
universe58_loo_log_return_1=4
cross_section_volatility_60_percentile=4
source_realized_volatility_60=3
source_parkinson_volatility_20=3
source_downside_volatility_60=2
source_max_daily_log_return_20=2
source_return_skewness_60=2
source_residual_momentum_126=2
cross_section_momentum_126_percentile=2
source_log_return_20=1
source_log_return_252=1
cross_section_positive_return_breadth=1
source_close_ma200_ratio=1

parameters:
[boosting: gbdt]
[objective: quantile]
[metric: quantile]
[tree_learner: serial]
[device_type: cpu]
[data_sample_strategy: bagging]
[data: ]
[valid: ]
[num_iterations: 19]
[learning_rate: 0.025]
[num_leaves: 15]
[num_threads: 12]
[seed: 32109]
[deterministic: 1]
[force_col_wise: 1]
[force_row_wise: 0]
[histogram_pool_size: -1]
[max_depth: 4]
[min_data_in_leaf: 120]
[min_sum_hessian_in_leaf: 0.001]
[bagging_fraction: 0.85]
[pos_bagging_fraction: 1]
[neg_bagging_fraction: 1]
[bagging_freq: 1]
[bagging_seed: 32109]
[bagging_by_query: 0]
[feature_fraction: 0.75]
[feature_fraction_bynode: 1]
[feature_fraction_seed: 32109]
[extra_trees: 0]
[extra_seed: 3902]
[early_stopping_round: 0]
[early_stopping_min_delta: 0]
[first_metric_only: 0]
[max_delta_step: 0]
[lambda_l1: 0.25]
[lambda_l2: 5]
[linear_lambda: 0]
[min_gain_to_split: 0]
[drop_rate: 0.1]
[max_drop: 50]
[skip_drop: 0.5]
[xgboost_dart_mode: 0]
[uniform_drop: 0]
[drop_seed: 18079]
[top_rate: 0.2]
[other_rate: 0.1]
[min_data_per_group: 100]
[max_cat_threshold: 32]
[cat_l2: 10]
[cat_smooth: 10]
[max_cat_to_onehot: 4]
[top_k: 20]
[monotone_constraints: ]
[monotone_constraints_method: basic]
[monotone_penalty: 0]
[feature_contri: ]
[forcedsplits_filename: ]
[refit_decay_rate: 0.9]
[cegb_tradeoff: 1]
[cegb_penalty_split: 0]
[cegb_penalty_feature_lazy: ]
[cegb_penalty_feature_coupled: ]
[path_smooth: 0]
[interaction_constraints: ]
[verbosity: -1]
[saved_feature_importance_type: 0]
[use_quantized_grad: 0]
[num_grad_quant_bins: 4]
[quant_train_renew_leaf: 0]
[stochastic_rounding: 1]
[linear_tree: 0]
[max_bin: 255]
[max_bin_by_feature: ]
[min_data_in_bin: 3]
[bin_construct_sample_cnt: 200000]
[data_random_seed: 32109]
[is_enable_sparse: 1]
[enable_bundle: 1]
[use_missing: 1]
[zero_as_missing: 0]
[feature_pre_filter: 1]
[pre_partition: 0]
[two_round: 0]
[header: 0]
[label_column: ]
[weight_column: ]
[group_column: ]
[ignore_column: ]
[categorical_feature: ]
[forcedbins_filename: ]
[precise_float_parser: 0]
[parser_config_file: ]
[objective_seed: 13349]
[num_class: 1]
[is_unbalance: 0]
[scale_pos_weight: 1]
[sigmoid: 1]
[boost_from_average: 1]
[reg_sqrt: 0]
[alpha: 0.1]
[fair_c: 1]
[poisson_max_delta_step: 0.7]
[tweedie_variance_power: 1.5]
[lambdarank_truncation_level: 30]
[lambdarank_norm: 1]
[label_gain: ]
[lambdarank_position_bias_regularization: 0]
[eval_at: ]
[multi_error_top_k: 1]
[auc_mu_weights: ]
[num_machines: 1]
[local_listen_port: 12400]
[time_out: 120]
[machine_list_filename: ]
[machines: ]
[gpu_platform_id: -1]
[gpu_device_id: -1]
[gpu_use_dp: 0]
[num_gpu: 1]

end of parameters

pandas_categorical:[]
