tree
version=v4
num_class=1
num_tree_per_iteration=1
label_index=0
max_feature_idx=48
objective=quantile
feature_names=source_log_return_1 source_log_return_5 source_log_return_20 source_log_return_60 source_log_return_126 source_log_return_252 source_intraday_log_range source_close_to_open_log_return source_realized_volatility_20 source_realized_volatility_60 source_downside_volatility_20 source_downside_volatility_60 source_drawdown_from_60_session_peak source_drawdown_from_252_session_peak cross_section_momentum_20_percentile cross_section_positive_return_breadth cross_section_return_dispersion source_momentum_12_1 source_ma5_ma20_ratio source_close_ma50_ratio source_close_ma200_ratio source_rsi_14 source_bollinger_pct_b_20 source_bollinger_bandwidth_20 source_adx_14 source_directional_index_spread_14 source_parkinson_volatility_20 source_overnight_gap_1 source_positive_day_ratio_20 source_max_daily_log_return_20 source_return_skewness_60 source_distance_from_252_session_low source_volatility_ratio_20_60 universe58_loo_log_return_1 universe58_loo_log_return_20 universe58_loo_log_return_60 universe58_loo_log_return_126 universe58_loo_realized_volatility_20 universe58_loo_drawdown_252 source_beta_universe58_60 source_beta_universe58_252 source_correlation_universe58_60 source_residual_momentum_20 source_residual_momentum_126 source_idiosyncratic_volatility_60 cross_section_momentum_126_percentile cross_section_momentum_252_percentile cross_section_volatility_60_percentile cross_section_beta_60_percentile
feature_infos=[-0.10536076873540878:0.095312163233757019] [-0.52438312768936157:0.44636186957359314] [-1.1351611614227295:1.077221155166626] [-1.0610049962997437:1.5560240745544434] [-1.0489567518234253:2.3170430660247803] [-0.89605218172073364:2.9264204502105713] [0:0.19999955594539642] [-0.12566383183002472:0.19697383046150208] [0.0089856777340173721:0.083459392189979553] [0.012027040123939514:0.063424810767173767] [0.00095409812638536096:0.078742377460002899] [0.007057304959744215:0.048307757824659348] [-0.71968960762023926:0] [-0.71968960762023926:0] [0.017241379246115685:1] [0.017241379246115685:1] [0.012731988914310932:0.041878215968608856] [-0.84071391820907593:2.8910765647888184] [-0.47595494985580444:0.57290768623352051] [-0.62940984964370728:1.5476077795028687] [-0.4873068630695343:3.874976634979248] [0:100] [-0.27581372857093811:1.4438486099243164] [0.027125930413603783:1.7820020914077759] [7.327979564666748:83.650077819824219] [-54.177944183349609:77.140235900878906] [0.0081431083381175995:0.06641879677772522] [-0.10510788112878799:0.095250405371189117] [0.10000000149011612:0.89999997615814209] [0.005115102045238018:0.095630437135696411] [-2.965186595916748:1.7833932638168335] [0:18.523586273193359] [0.34140607714653015:1.5712734460830688] [-0.092919811606407166:0.054154831916093826] [-0.14326675236225128:0.26549568772315979] [-0.2251364141702652:0.55794161558151245] [-0.1335725337266922:0.86915600299835205] [0.0072068045847117901:0.037458643317222595] [-0.26247727870941162:0] [-0.5984683632850647:2.2586460113525391] [0.30918329954147339:1.4070049524307251] [-0.15451675653457642:0.94065767526626587] [-1.1516678333282471:0.84016847610473633] [-1.3436253070831299:1.9539748430252075] [0.0074497964233160019:0.059544753283262253] [0.017241379246115685:1] [0.017241379246115685:1] [0.017241379246115685:1] [0.017241379246115685:1]
tree_sizes=1352 1243 1238 1152 1241 1147 1248 1331 1337 1427 1153 1337 1431 1426 1334 1343 1331 1418 1425 1238 1149 1322 1338 1328 1335 1506 1328 1337

Tree=0
num_leaves=14
num_cat=0
split_feature=16 37 35 37 37 16 26 31 34 3 4 44 32
split_gain=66.371 53.9821 53.7085 49.1484 29.2291 19.2769 8.88737 4.77363 4.27073 3.75789 2.49881 0.818215 0.13463
threshold=0.017916504293680195 0.027630368247628215 0.43678109347820288 0.018778485246002678 0.013557007536292078 0.017279217019677166 0.031941609457135207 0.42419725656509405 -0.00414941064082086 0.057361796498298652 0.68258318305015575 0.023988557979464534 0.98978823423385631
decision_type=2 2 2 2 2 2 2 2 2 2 2 2 2
left_child=4 2 3 -2 7 8 -3 12 -6 -9 -4 -8 -1
right_child=1 6 10 -5 5 -7 11 9 -10 -11 -12 -13 -14
leaf_value=0.10094631928950548 0.10622729286551476 0.10528317969292403 0.10289069135906175 0.11118423715233802 0.10954508669674397 0.10314220460131765 0.10306421802379191 0.1038671936839819 0.10590176321566105 0.099840188398957253 0.10052258307114244 0.10050479657948017 0.10157767916098237
leaf_weight=298 3681 121 242 1047 144 227 129 139 202 249 150 316 127
leaf_count=298 3681 121 242 1047 144 227 129 139 202 249 150 316 127
internal_value=0.105337 0.106532 0.107345 0.108085 0.100441 0.104788 0.0992419 0.0974067 0.108477 0.0995877 0.0985124 0.0976245 0.0955205
internal_weight=7072 5686 5120 4728 1386 573 566 813 346 388 392 445 425
internal_count=7072 5686 5120 4728 1386 573 566 813 346 388 392 445 425
is_linear=0
shrinkage=1


Tree=1
num_leaves=12
num_cat=0
split_feature=36 37 35 37 37 31 36 48 12 44 40
split_gain=62.5437 52.5032 46.8169 42.1116 18.7146 8.89703 6.73509 6.44633 5.82278 2.58276 0.446653
threshold=1.0000000180025095e-35 0.027630368247628215 0.40690660476684576 0.01988108549267054 0.015913696959614757 0.40384297072887426 0.49343538284301763 0.20983126014471057 -0.093254741281270967 0.023912801407277588 0.83239322900772106
decision_type=2 2 2 2 2 2 2 2 2 2 2
left_child=4 2 3 -2 5 10 -4 -3 -7 -9 -1
right_child=1 7 6 -5 -6 8 -8 9 -10 -11 -12
leaf_value=-0.0034878841834142804 0.0009696185775101185 -0.0011500774277374149 -0.00085696166381239898 0.0054105148278176789 0.0019377213530242445 -9.8856026306748396e-05 -0.0040717495282297025 -0.0021772590326145295 -0.0038594459649175408 -0.0044834396196529276 -0.0044260467344429347
leaf_weight=125 4165 128 199 887 153 133 287 187 289 265 314
leaf_count=125 4165 128 199 887 153 133 287 187 289 265 314
internal_value=2.36444e-05 0.000978891 0.00173079 0.00244587 -0.00571026 -0.0071377 -0.005639 -0.00614316 -0.00443501 -0.00753556 -0.00964245
internal_weight=7132 6118 5538 5052 1014 861 486 580 422 452 439
internal_count=7132 6118 5538 5052 1014 861 486 580 422 452 439
is_linear=0
shrinkage=0.025


Tree=2
num_leaves=12
num_cat=0
split_feature=36 37 37 36 31 37 26 36 30 25 3
split_gain=66.2984 47.3252 41.357 26.179 17.1634 13.9833 9.01679 7.19457 4.11869 1.42029 0.864434
threshold=1.0000000180025095e-35 0.027630368247628215 0.021983424201607708 0.67882245779037487 0.40384297072887426 0.014898962806910278 0.031812530010938651 0.27177120745182043 -0.028714942745864388 -4.3249886035919181 0.22347868233919146
decision_type=2 2 2 2 2 2 2 2 2 2 2
left_child=4 2 3 -2 9 8 -3 -4 -6 -1 -8
right_child=1 6 7 -5 5 -7 10 -9 -10 -11 -12
leaf_value=-0.0028621584702341351 0.0009532991978339852 0.000125186891760677 0.0081522951447404925 -0.003342091104357678 -0.00026058661867864444 0.0023836023253388707 -0.0033574409635039049 0.0032163626127876344 -0.004203136656433344 -0.0042163330480980222 -0.0054325309620471673
leaf_weight=206 4716 120 285 304 122 123 301 240 250 307 152
leaf_count=206 4716 120 285 304 122 123 301 240 250 307 152
internal_value=-6.57341e-05 0.000913564 0.00162275 0.000919154 -0.00599087 -0.0026125 -0.00589317 0.00826651 -0.00502321 -0.00918195 -0.00749181
internal_weight=7126 6118 5545 5020 1008 495 573 525 372 513 453
internal_count=7126 6118 5545 5020 1008 495 573 525 372 513 453
is_linear=0
shrinkage=0.025


Tree=3
num_leaves=11
num_cat=0
split_feature=36 37 37 35 36 37 26 45 17 10
split_gain=62.6949 48.6077 44.4466 30.0276 18.8259 16.0883 7.70737 5.52175 3.08558 1.75675
threshold=-0.0024296854389831419 0.027630368247628215 0.020188762806355957 0.43678109347820288 0.52070298790931713 0.015913696959614757 0.031941609457135207 0.86720469594001781 0.086051210761070265 0.030914220027625564
decision_type=2 2 2 2 2 2 2 2 2 2
left_child=5 2 3 -2 -4 7 -3 8 -1 -8
right_child=1 6 4 -5 -6 -7 9 -9 -10 -11
leaf_value=-0.004096254965257686 0.0009243939900887198 -0.00024321167069720138 0.0065119893122813667 -0.0027750848363932165 -0.00042174206112977134 0.0017198260779587146 -0.0029712187573517437 -0.0013507856482174248 -0.0033626488600530138 -0.0045287531628477153
leaf_weight=304 4305 126 707 430 140 143 194 123 423 259
leaf_count=304 4305 126 707 430 140 143 194 123 423 259
internal_value=4.45244e-05 0.000986255 0.00170373 0.000755538 0.00696156 -0.00576779 -0.00587543 -0.00706871 -0.00789788 -0.00738264
internal_weight=7154 6161 5582 4735 847 993 579 850 727 453
internal_count=7154 6161 5582 4735 847 993 579 850 727 453
is_linear=0
shrinkage=0.025


Tree=4
num_leaves=12
num_cat=0
split_feature=36 37 37 35 36 37 31 26 37 48 42
split_gain=62.7825 43.6423 41.2402 28.7068 17.909 15.6299 8.00903 7.72857 4.76714 1.85718 0.385552
threshold=-0.0024296854389831419 0.027630368247628215 0.020188762806355957 0.43678109347820288 0.52070298790931713 0.015913696959614757 0.40384297072887426 0.03169334493577481 0.011776004917919638 0.29548789560794836 -0.04051710478961467
decision_type=2 2 2 2 2 2 2 2 2 2 2
left_child=5 2 3 -2 -4 6 10 -3 -8 -9 -1
right_child=1 7 4 -5 -6 -7 8 9 -10 -11 -12
leaf_value=-0.0037240260739782568 0.00094050463921128535 6.3998724250413812e-05 0.0066447712480896736 -0.0029101235032683872 -0.0006825624599243749 0.0016847019555057158 -0.0042361640327036182 -0.0024899974615802782 -0.00049804696203291333 -0.0039301820838262211 -0.0041923446900910674
leaf_weight=165 4271 120 675 428 142 142 243 122 164 345 282
leaf_count=165 4271 120 675 428 142 142 243 122 164 345 282
internal_value=3.95904e-05 0.000991528 0.00168335 0.000777264 0.00685067 -0.00576299 -0.0070358 -0.00545819 -0.0043841 -0.00689883 -0.00936117
internal_weight=7099 6103 5516 4699 817 996 854 587 407 467 447
internal_count=7099 6103 5516 4699 817 996 854 587 407 467 447
is_linear=0
shrinkage=0.025


Tree=5
num_leaves=11
num_cat=0
split_feature=36 37 35 37 37 8 5 12 39 10
split_gain=55.103 44.8129 40.9458 40.423 20.5455 7.08695 7.0766 5.41317 4.07378 1.16209
threshold=1.0000000180025095e-35 0.027630368247628215 0.43678109347820288 0.01988108549267054 0.015913696959614757 0.034211942926049239 0.10807690024375917 -0.076653551310300813 0.96763271093368541 0.030914220027625564
decision_type=2 2 2 2 2 2 2 2 2 2
left_child=4 2 3 -2 6 -3 -1 -8 -4 -7
right_child=1 5 8 -5 -6 9 7 -9 -10 -11
leaf_value=-0.0039160424834563832 0.00084670539723477123 -0.00058600893924025876 -0.001644689358723394 0.0047885644994554097 0.0020170159333150087 -0.0029107156069181055 -0.00086775971634393302 -0.0039422037166607672 -0.0036909530163712814 -0.0042404056098315273
leaf_weight=344 4250 122 212 893 146 185 187 316 225 262
leaf_count=344 4250 122 212 893 146 185 187 316 225 262
internal_value=6.12145e-06 0.000890681 0.00157453 0.0022011 -0.00544213 -0.00576002 -0.00693222 -0.00493356 -0.00572681 -0.00720409
internal_weight=7142 6149 5580 5143 993 569 847 503 437 447
internal_count=7142 6149 5580 5143 993 569 847 503 437 447
is_linear=0
shrinkage=0.025


Tree=6
num_leaves=12
num_cat=0
split_feature=36 36 34 38 31 30 34 3 17 43 19
split_gain=53.381 40.3665 35.4252 26.5654 20.113 13.7475 5.08428 2.80522 1.66388 1.66334 0.330236
threshold=1.0000000180025095e-35 0.69696828722953807 -0.10588036105036734 -0.20065812021493909 0.42419725656509405 -0.028714942745864388 0.02161214500665665 0.42742790281772619 0.086051210761070265 -0.034351186826825135 -0.029493949376046654
decision_type=2 2 2 2 2 2 2 2 2 2 2
left_child=4 2 9 -4 8 -6 -7 -3 10 -2 -1
right_child=1 7 3 -5 5 6 -8 -9 -10 -11 -12
leaf_value=-0.0026789916918622974 -0.0031095920850736369 -0.0027768571424396475 0.0093539211903579788 0.00096499484973268553 0.0012878924639084821 -0.0043322567660292769 -0.00042844638764217208 -0.0052016159133001991 -0.0029950442893323472 -0.0042440452331890628 -0.0048717574602273727
leaf_weight=166 124 183 171 5230 188 177 124 191 162 157 198
leaf_count=166 124 183 171 5230 188 177 124 191 162 157 198
internal_value=-3.26809e-05 0.000856913 0.00138364 0.00183708 -0.00532475 -0.00163209 -0.00492239 -0.00704156 -0.00869821 -0.00718969 -0.00973916
internal_weight=7071 6056 5682 5401 1015 489 301 374 526 281 364
internal_count=7071 6056 5682 5401 1015 489 301 374 526 281 364
is_linear=0
shrinkage=0.025


Tree=7
num_leaves=13
num_cat=0
split_feature=16 36 34 38 36 35 33 34 46 3 30 28
split_gain=54.942 46.9231 28.5933 26.8887 24.8447 13.2138 8.45817 4.07369 4.81212 3.84328 1.67866 0.977644
threshold=0.017916504293680195 0.67882245779037487 -0.10588036105036734 -0.20065812021493909 0.12864481657743457 0.052972920238971717 -0.0043051359243690959 0.010464076884090902 0.50531914830207836 0.42742790281772619 0.13919082283973697 0.42499999701976782
decision_type=2 2 2 2 2 2 2 2 2 2 2 2
left_child=4 2 11 -4 7 6 -6 10 -9 -3 -1 -2
right_child=1 9 3 -5 5 -7 -8 8 -10 -11 -12 -13
leaf_value=-0.0027969720371313635 -0.0035854810567675201 -0.0024238315670724862 0.0091878451318247664 0.0011553071006735489 -0.000595121542527801 -0.0050012477585817637 0.0033776095670039401 -0.0030311469258704942 -0.00012138271605335003 -0.0050715755154676946 -0.0039795489542361999 -0.0040378944244280025
leaf_weight=308 128 214 179 4869 177 157 177 130 128 195 323 123
leaf_count=308 128 214 179 4869 177 157 177 130 128 195 323 123
internal_value=5.53564e-05 0.00114541 0.00177814 0.00219053 -0.00437278 1.21124e-05 0.00269847 -0.00688619 -0.00406369 -0.00695954 -0.00798939 -0.00637207
internal_weight=7108 5708 5299 5048 1400 511 354 889 258 409 631 251
internal_count=7108 5708 5299 5048 1400 511 354 889 258 409 631 251
is_linear=0
shrinkage=0.025


Tree=8
num_leaves=13
num_cat=0
split_feature=36 36 37 37 31 37 30 37 47 17 19 31
split_gain=52.2336 39.834 37.8591 36.2445 18.7557 12.0464 5.03863 4.51153 2.61435 1.79753 0.792276 0.609576
threshold=1.0000000180025095e-35 0.67882245779037487 0.030344524420797828 0.01988108549267054 0.42419725656509405 0.014922944363206627 -0.028714942745864388 0.016920478083193306 0.40040352940559393 0.086051210761070265 -0.046691026538610451 2.2690349817276005
decision_type=2 2 2 2 2 2 2 2 2 2 2 2
left_child=4 2 3 -2 9 6 -6 -3 -4 10 -1 -9
right_child=1 7 8 -5 5 -7 -8 11 -10 -11 -12 -13
leaf_value=-0.0022387289218838906 0.00073944665546116543 -0.0014779648253238351 -0.001632364571844379 0.0039665251666156486 6.1491778159446234e-05 0.0023237076279921079 -0.0035602229774257979 -0.0034353455844979616 -0.0041073936514945952 -0.0027352640406216309 -0.0043883088350642804 -0.0058010241070509715
leaf_weight=125 4324 145 146 978 122 123 244 130 233 160 232 131
leaf_count=125 4324 145 146 978 122 123 244 130 233 160 232 131
internal_value=2.55354e-05 0.000899746 0.00144324 0.00199147 -0.00523615 -0.00168269 -0.00395889 -0.00661496 -0.00613607 -0.00853688 -0.00961671 -0.00857613
internal_weight=7093 6087 5681 5302 1006 489 366 406 379 517 357 261
internal_count=7093 6087 5681 5302 1006 489 366 406 379 517 357 261
is_linear=0
shrinkage=0.025


Tree=9
num_leaves=14
num_cat=0
split_feature=16 37 37 35 37 15 37 26 31 33 16 3 1
split_gain=49.5446 42.6562 45.6012 30.6996 26.0741 16.1372 8.74421 6.58938 3.03022 2.47263 2.07821 1.15827 0.35574
threshold=0.017916504293680195 0.027630368247628215 0.021983424201607708 0.43678109347820288 0.013154509477317335 0.49137930572032934 0.016086507588624958 0.031941609457135207 0.42419725656509405 0.0077098361216485509 0.023678648285567764 0.15424604713916781 -0.024365963414311406
decision_type=2 2 2 2 2 2 2 2 2 2 2 2 2
left_child=4 2 3 -2 8 6 -6 -3 12 -10 -4 -9 -1
right_child=1 7 10 -5 5 -7 -8 11 9 -11 -12 -13 -14
leaf_value=-0.0032807019789015562 0.0010662150100821874 -8.9731075041983233e-05 0.0043129256783249184 -0.0027236197688547074 -0.0027192536931666296 0.0026622880637833845 8.0808552893809826e-05 -0.0029490007161411484 -0.0044213347043434844 -0.0020633688661345728 0.0070656903231245032 -0.0043634403193606262 -0.0040043645093985952
leaf_weight=134 4268 122 250 377 236 215 221 255 202 128 244 207 230
leaf_count=134 4268 122 250 377 236 215 221 255 202 128 244 207 230
internal_value=-2.90739e-05 0.000991838 0.00172167 0.000947581 -0.00429887 -0.000766248 -0.00342262 -0.00537988 -0.00768062 -0.00572761 0.00890531 -0.0067318 -0.00933266
internal_weight=7089 5723 5139 4645 1366 672 457 584 694 330 494 462 364
internal_count=7089 5723 5139 4645 1366 672 457 584 694 330 494 462 364
is_linear=0
shrinkage=0.025


Tree=10
num_leaves=11
num_cat=0
split_feature=16 36 34 38 36 35 33 45 34 34
split_gain=55.9945 36.6124 26.3294 30.2024 19.8467 13.935 8.82199 4.98896 3.57042 2.73945
threshold=0.017916504293680195 0.67882245779037487 -0.10588036105036734 -0.20065812021493909 0.12864481657743457 0.13489326089620593 -0.0043051359243690959 0.86720469594001781 0.14822065085172656 0.011987467762082817
decision_type=2 2 2 2 2 2 2 2 2 2
left_child=4 2 -2 -4 7 6 -6 9 -3 -1
right_child=1 8 3 -5 5 -7 -8 -9 -10 -11
leaf_value=-0.0033267392526453374 -0.0035403498621496472 -0.0051185054059194393 0.0086625245148594845 0.00099770282081932424 -0.00071611671980537387 -0.0053413112557635272 0.0029613926918988067 -0.0010580194798847536 -0.0021495134004944558 -0.0023653280123516695
leaf_weight=555 238 199 198 4824 174 165 179 125 201 217
leaf_count=555 238 199 198 4824 174 165 179 125 201 217
internal_value=-8.91596e-05 0.00102273 0.00158001 0.00196812 -0.00452905 -0.000609465 0.00218226 -0.00676968 -0.00621914 -0.00752091
internal_weight=7075 5660 5260 5022 1415 518 353 897 400 772
internal_count=7075 5660 5260 5022 1415 518 353 897 400 772
is_linear=0
shrinkage=0.025


Tree=11
num_leaves=13
num_cat=0
split_feature=16 37 37 35 37 16 35 15 8 19 10 19
split_gain=51.0631 44.2782 43.0453 27.0967 23.8739 11.5419 8.7891 11.2913 5.53396 2.95187 1.52841 1.39078
threshold=0.017916504293680195 0.027630368247628215 0.020188762806355957 0.43678109347820288 0.015846795402467254 0.023678648285567764 0.064041174948215498 0.45689655840396887 0.034211942926049239 -0.0094499923288822157 0.031165072694420818 -0.015197366476058958
decision_type=2 2 2 2 2 2 2 2 2 2 2 2
left_child=4 2 3 -2 6 -4 7 -1 -3 -6 -10 -8
right_child=1 8 5 -5 9 -7 11 -9 10 -11 -12 -13
leaf_value=-0.002617759907203086 0.00087809670545391239 -0.00073688415427000567 0.002771505491573829 -0.0027173234966069736 -0.00022750667084997097 0.0067690089347030137 -0.0034219372920560442 -0.00047574847140468976 -0.0025921170124964255 0.0021659928517628428 -0.0041737353547680782 -0.00517435380159623
leaf_weight=383 4014 121 391 382 181 390 130 285 206 149 256 278
leaf_count=383 4014 121 391 382 181 390 130 285 206 149 256 278
internal_value=-3.74773e-05 0.00100499 0.00174281 0.000776812 -0.00430103 0.00713263 -0.00609968 -0.00426263 -0.00549532 0.00154851 -0.0067318 -0.00900424
internal_weight=7166 5760 5177 4396 1406 781 1076 668 583 330 462 408
internal_count=7166 5760 5177 4396 1406 781 1076 668 583 330 462 408
is_linear=0
shrinkage=0.025


Tree=12
num_leaves=14
num_cat=0
split_feature=16 35 34 38 38 31 35 33 30 13 15 39 35
split_gain=49.2774 34.4365 25.0421 23.7192 14.7699 12.8634 9.35014 6.07097 3.8742 3.89493 3.77698 3.67621 0.200801
threshold=0.017916504293680195 0.40690660476684576 0.12594669312238696 -0.19603385776281354 -0.034945391118526452 0.537012279033661 0.06136452034115792 0.0014706283109262588 0.088029913604259505 -0.24683935940265653 0.69827586412429821 0.96763271093368541 0.012882397044450046
decision_type=2 2 2 2 2 2 2 2 2 2 2 2 2
left_child=5 2 3 -2 -4 8 7 -7 9 -1 -8 -3 -10
right_child=1 11 4 -5 -6 6 10 -9 12 -11 -12 -13 -14
leaf_value=-0.0029536524153244066 0.0062309363958109338 -0.0020548987722164695 0.006898313075751273 -0.00010160856953969899 0.0017950087126422792 -0.00087364128696105527 -0.0065839236503476761 0.0015446249129916199 -0.0025442156476707892 -0.00053887567248549813 -0.0015326036010440795 -0.0035387827561909123 -0.0040881601716700033
leaf_weight=203 291 225 249 3472 1211 320 123 181 145 122 127 234 179
leaf_count=203 291 225 249 3472 1211 320 123 181 145 122 127 234 179
internal_value=-0.000126111 0.000908871 0.00148838 0.000406383 0.00426195 -0.0043194 -0.00205853 -6.17589e-05 -0.00689029 -0.00479167 -0.00595588 -0.00561692 -0.00887158
internal_weight=7082 5682 5223 3763 1460 1400 751 501 649 325 250 459 324
internal_count=7082 5682 5223 3763 1460 1400 751 501 649 325 250 459 324
is_linear=0
shrinkage=0.025


Tree=13
num_leaves=14
num_cat=0
split_feature=16 37 37 35 37 15 37 26 4 13 12 39 23
split_gain=42.8849 38.7141 41.1346 27.223 23.6818 12.0066 9.41054 4.94219 4.34735 2.37864 2.64023 1.51878 0.775323
threshold=0.017916504293680195 0.027630368247628215 0.021983424201607708 0.43678109347820288 0.013154509477317335 0.49137930572032934 0.016358570195734504 0.031941609457135207 0.40030618011951452 -0.26361516118049616 -0.080428205430507646 0.90047284960746776 0.11398411542177202
decision_type=2 2 2 2 2 2 2 2 2 2 2 2 2
left_child=4 2 3 -2 9 6 -6 -3 -4 12 -11 -9 -1
right_child=1 7 8 -5 5 -7 -8 11 -10 10 -12 -13 -14
leaf_value=-0.0036928772401233151 0.00092971461217683038 -0.00042661451919355866 0.0071507458910759873 -0.0025758391564743195 -0.0023143985001374636 0.002062976014896085 0.00072267932845246872 -0.0029252729532383429 0.0029883343558071464 -0.0023456081909953778 -0.0036481161518068261 -0.0035297838698844872 -0.0029498524879706862
leaf_weight=148 4241 124 366 405 288 215 182 130 141 150 277 311 137
leaf_count=148 4241 124 366 405 288 215 182 130 141 150 277 311 137
internal_value=-7.90028e-06 0.000951206 0.0016346 0.000890937 -0.00392743 -0.000588768 -0.00282895 -0.00523026 0.00836182 -0.00710425 -0.00574363 -0.0064602 -0.00898707
internal_weight=7115 5718 5153 4646 1397 685 470 565 507 712 427 441 285
internal_count=7115 5718 5153 4646 1397 685 470 565 507 712 427 441 285
is_linear=0
shrinkage=0.025


Tree=14
num_leaves=13
num_cat=0
split_feature=36 36 37 37 31 37 36 37 48 25 45 3
split_gain=46.1022 33.7941 27.179 33.5951 13.3867 12.0297 4.42201 3.62779 3.27675 1.94392 1.93624 1.27352
threshold=1.0000000180025095e-35 0.67882245779037487 0.029054563492536548 0.01988108549267054 0.42419725656509405 0.011629755143076183 -0.061730016022920602 0.016920478083193306 0.29548789560794836 -4.3249886035919181 0.31474687159061437 0.42742790281772619
decision_type=2 2 2 2 2 2 2 2 2 2 2 2
left_child=4 2 3 -2 9 -6 -7 -3 -4 -1 -11 -9
right_child=1 7 8 -5 5 6 -8 11 -10 10 -12 -13
leaf_value=-0.0020419357265665902 0.00059588976527533773 -0.0015009674012633678 -0.00088505611727646204 0.0039326853225348651 -0.0033679739026379802 -0.00061491824926007482 0.0023165835345614898 -0.0040125052992684013 -0.0027822731169342019 -0.0039130113418100075 -0.0029926159069915848 -0.0048943224194491555
leaf_weight=211 4281 154 128 948 226 135 123 121 274 150 170 140
leaf_count=211 4281 154 128 948 226 135 123 121 274 150 170 140
internal_value=-1.50368e-05 0.000812882 0.00132297 0.0018067 -0.0049326 -0.00187883 0.00178232 -0.00602679 -0.00489865 -0.00766091 -0.00898077 -0.00782425
internal_weight=7061 6046 5631 5229 1015 484 258 415 402 531 320 261
internal_count=7061 6046 5631 5229 1015 484 258 415 402 531 320 261
is_linear=0
shrinkage=0.025


Tree=15
num_leaves=13
num_cat=0
split_feature=36 35 16 26 33 26 13 11 48 40 17 36
split_gain=46.8494 32.8797 18.1008 31.7004 24.5013 12.9812 11.5471 7.04413 5.78198 2.68647 3.63475 1.42309
threshold=1.0000000180025095e-35 0.40690660476684576 0.022036866284906868 0.033791562542319305 0.0011040398967452349 0.020762752741575245 -0.29332254827022547 0.017367839813232425 0.27622890472412115 1.0417771935462954 0.25252580642700201 0.49343538284301763
decision_type=2 2 2 2 2 2 2 2 2 2 2 2
left_child=5 2 4 -4 -2 9 -7 -8 -3 10 -1 -10
right_child=1 8 3 -5 -6 6 7 -9 11 -11 -12 -13
leaf_value=-0.0027555747587068241 -0.0016651404716032507 -0.00032460235247021405 0.0026263993538958074 -0.0013741436231126314 0.0011255175180775166 -0.0030322237245536524 -0.0014031676277376165 0.0016094102485994526 -0.0019916026593604728 -0.0038247259534047139 -0.0017032740019135375 -0.0038067947072090132
leaf_weight=219 1109 144 2177 712 1579 160 129 137 135 223 138 233
leaf_count=219 1109 144 2177 712 1579 160 129 137 135 223 138 233
internal_value=-0.000102993 0.000723047 0.00128202 0.0026542 -0.000192629 -0.00508778 -0.00172564 0.00145295 -0.00530706 -0.00751068 -0.00595649 -0.00695375
internal_weight=7095 6089 5577 2889 2688 1006 426 266 512 580 357 368
internal_count=7095 6089 5577 2889 2688 1006 426 266 512 580 357 368
is_linear=0
shrinkage=0.025


Tree=16
num_leaves=13
num_cat=0
split_feature=36 37 37 35 31 36 30 34 26 32 3 6
split_gain=43.6471 37.4457 32.503 22.4685 14.1044 13.4928 11.2087 6.36777 5.12829 1.85679 1.35935 0.319392
threshold=1.0000000180025095e-35 0.027630368247628215 0.021030586212873462 0.43678109347820288 0.42419725656509405 0.18712130934000018 -0.028714942745864388 0.02461138274520636 0.031941609457135207 1.0115342140197756 0.23617459833621982 0.019696990959346298
decision_type=2 2 2 2 2 2 2 2 2 2 2 2
left_child=4 2 3 -2 9 -4 -6 -8 -3 11 -10 -1
right_child=1 8 5 -5 6 -7 7 -9 10 -11 -12 -13
leaf_value=-0.00295488646479709 0.00080044153331256744 -0.00019568742776048532 0.0077302641347379037 -0.0024069421881263522 0.0010632594830570462 0.0021218783436367178 -0.0039716150132875052 -0.00014735601883346662 -0.0025688809457023133 -0.0022645146470111426 -0.004210623758057596 -0.0032930423537360478
leaf_weight=122 4395 125 267 429 179 409 181 127 311 141 151 256
leaf_count=122 4395 125 267 429 179 409 181 127 311 141 151 256
internal_value=-2.90575e-05 0.000768426 0.00141122 0.000687254 -0.0048405 0.00652533 -0.00174035 -0.00461262 -0.00520481 -0.00769323 -0.0064106 -0.00866514
internal_weight=7093 6087 5500 4824 1006 676 487 308 587 519 462 378
internal_count=7093 6087 5500 4824 1006 676 487 308 587 519 462 378
is_linear=0
shrinkage=0.025


Tree=17
num_leaves=14
num_cat=0
split_feature=16 37 37 37 35 16 36 48 15 31 15 9 32
split_gain=45.3861 38.6324 34.9525 23.3464 20.9822 14.0516 13.4684 5.15706 3.75809 1.97882 2.31153 1.38609 0.733181
threshold=0.017916504293680195 0.027630368247628215 0.020188762806355957 0.013154509477317335 0.43678109347820288 0.017279217019677166 0.18712130934000018 0.26724137365818029 0.49137930572032934 0.57034713029861461 0.4741379320621491 0.03504233434796334 0.91272690892219555
decision_type=2 2 2 2 2 2 2 2 2 2 2 2 2
left_child=3 2 4 9 -2 8 -4 -3 -5 12 -11 -9 -1
right_child=1 7 6 5 -6 -7 -8 11 -10 10 -12 -13 -14
leaf_value=-0.0033754725689736729 0.00083141913829663382 -0.0011462205410586873 0.0074203669648787111 -0.00017654998169713295 -0.00236460683286673 -0.0021636861138727643 0.0024982314380580261 -0.002012689833728514 0.0020306621038354566 -0.0040697788446180496 -0.0021552988288485362 -0.0029276566540310934 -0.0027944403395993933
leaf_weight=250 4001 151 325 230 391 229 459 121 226 130 134 288 201
leaf_count=250 4001 151 325 230 391 229 459 121 226 130 134 288 201
internal_value=9.6275e-06 0.000996124 0.00167318 -0.0040169 0.000800262 -0.000697464 0.00651933 -0.00521018 0.00183026 -0.00716146 -0.00518123 -0.00665761 -0.00823739
internal_weight=7136 5736 5176 1400 4392 685 784 560 456 715 264 409 451
internal_count=7136 5736 5176 1400 4392 685 784 560 456 715 264 409 451
is_linear=0
shrinkage=0.025


Tree=18
num_leaves=14
num_cat=0
split_feature=16 36 34 38 36 35 33 43 34 31 40 3 28
split_gain=37.3303 31.9215 25.8564 29.3496 15.1069 11.5926 6.57098 4.43905 3.96113 4.36633 1.62193 0.820897 0.762101
threshold=0.017916504293680195 0.67882245779037487 -0.10588036105036734 -0.20065812021493909 0.12864481657743457 0.13489326089620593 -0.0043051359243690959 -0.17468173056840894 0.010464076884090902 0.44128201901912695 0.99731978774070751 0.45069435238838201 0.42499999701976782
decision_type=2 2 2 2 2 2 2 2 2 2 2 2 2
left_child=4 2 12 -4 8 6 -6 -3 10 -10 -1 -9 -2
right_child=1 7 3 -5 5 -7 -8 11 9 -11 -12 -13 -14
leaf_value=-0.002142236206941304 -0.0035894696130978122 -0.00093492191953691885 0.0078333284312387657 0.00085314670869447717 -0.0005181597676645087 -0.0048649156431372215 0.002678805753078019 -0.0036522845529581953 -0.0023457289212800211 0.00013196641253293944 -0.0034613096467962542 -0.0046438844775671933 -0.0035965007281781496
leaf_weight=342 122 123 189 4843 188 161 173 127 126 123 274 162 120
leaf_count=342 122 123 189 4843 188 161 173 127 126 123 274 162 120
internal_value=1.85434e-05 0.000917018 0.00144322 0.00183021 -0.00365032 -0.00027277 0.00220287 -0.00574041 -0.0056681 -0.00287894 -0.00675322 -0.00741922 -0.00645243
internal_weight=7073 5686 5274 5032 1387 522 361 412 865 249 616 289 242
internal_count=7073 5686 5274 5032 1387 522 361 412 865 249 616 289 242
is_linear=0
shrinkage=0.025


Tree=19
num_leaves=12
num_cat=0
split_feature=36 36 34 38 37 5 3 41 43 38 36
split_gain=35.6816 32.154 27.2037 27.1709 12.8062 4.83541 5.64825 3.07493 1.49439 1.30839 1.15053
threshold=1.0000000180025095e-35 0.67882245779037487 -0.10588036105036734 -0.20065812021493909 0.015913696959614757 0.17914438992738727 0.013011571019887926 0.63896846771240245 -0.034351186826825135 -0.13273884356021878 0.74070703983306896
decision_type=2 2 2 2 2 2 2 2 2 2 2
left_child=4 2 8 -4 5 9 -7 10 -2 -1 -3
right_child=1 7 3 -5 -6 6 -8 -9 -10 -11 -12
leaf_value=-0.0020844848671723467 -0.002725861410072685 -0.0030457538264205041 0.0076285724851006473 0.00076106167682900511 0.001322411138505908 0.00017762457825588139 -0.003081027760368546 -0.0012366560460505391 -0.0034966071369627125 -0.0035150069024560181 -0.0047926087934867306
leaf_weight=165 122 123 182 5219 149 161 319 122 160 227 164
leaf_count=165 122 123 182 5219 149 161 319 122 160 227 164
internal_value=-5.35614e-05 0.000671437 0.00116144 0.00155961 -0.00436769 -0.00552309 -0.00375 -0.00605374 -0.00633711 -0.0076039 -0.00747003
internal_weight=7113 6092 5683 5401 1021 872 480 409 282 392 287
internal_count=7113 6092 5683 5401 1021 872 480 409 282 392 287
is_linear=0
shrinkage=0.025


Tree=20
num_leaves=11
num_cat=0
split_feature=36 36 34 34 43 40 40 25 34 43
split_gain=37.9391 27.0192 23.3654 14.5886 6.91916 7.77697 7.65152 3.18292 2.41171 1.63332
threshold=-0.017956521362066265 0.7036130726337434 -0.10588036105036734 0.12409454211592676 -0.074506070464849458 1.0980567336082461 0.87767547369003307 -0.3841444849967956 0.15669907629489901 -0.034351186826825135
decision_type=2 2 2 2 2 2 2 2 2 2
left_child=4 2 9 -4 7 6 -6 -1 -3 -2
right_child=1 8 3 -5 5 -7 -8 -9 -10 -11
leaf_value=-0.0017251612921034547 -0.0027003678010624507 -0.004426551720924171 0.00040401960827157843 0.0021933404819991969 -0.0023517082841174493 -0.0038300082824463191 0.00045784684004207543 -0.0035575258328003657 -0.0017974669267108686 -0.0033543745459309396
leaf_weight=154 121 212 4094 1588 168 134 209 146 153 154
leaf_count=154 121 212 4094 1588 168 134 209 146 153 154
internal_value=7.09232e-05 0.000726055 0.00113322 0.00148035 -0.00500153 -0.00316134 -0.00125982 -0.0080123 -0.0058277 -0.00591518
internal_weight=7133 6322 5957 5682 811 511 377 300 365 275
internal_count=7133 6322 5957 5682 811 511 377 300 365 275
is_linear=0
shrinkage=0.025


Tree=21
num_leaves=13
num_cat=0
split_feature=36 37 35 37 31 30 48 26 44 17 36 38
split_gain=36.6706 31.3683 29.3294 27.8149 12.7374 10.9376 7.98619 6.91608 4.95756 2.28581 1.70277 1.67958
threshold=-0.0024296854389831419 0.027630368247628215 0.40690660476684576 0.01988108549267054 0.42419725656509405 -0.028714942745864388 0.26724137365818029 0.031941609457135207 0.017897485755383972 0.086051210761070265 0.437328651547432 -0.13273884356021878
decision_type=2 2 2 2 2 2 2 2 2 2 2 2
left_child=4 2 3 -2 9 -6 -4 -3 -7 11 -9 -1
right_child=1 7 6 -5 5 8 -8 10 -10 -11 -12 -13
leaf_value=-0.0021467492765181602 0.00057589014568419227 6.6491183299519956e-05 0.0004703463114653056 0.003932493984163247 0.0011300189416752727 -0.0037862478303443887 -0.0029408429729350875 -0.0016346452887002932 -0.0010219450609380387 -0.0019003096861115567 -0.0036989149934755039 -0.0038478157527745182
leaf_weight=181 4186 126 125 877 174 130 357 127 170 164 325 172
leaf_count=181 4186 126 125 877 174 130 357 127 170 164 325 172
internal_value=0 0.000723115 0.00130293 0.00186587 -0.00444905 -0.00144833 -0.00455595 -0.00479202 -0.00432377 -0.00714799 -0.00622265 -0.00832751
internal_weight=7114 6123 5545 5063 991 474 482 578 300 517 452 353
internal_count=7114 6123 5545 5063 991 474 482 578 300 517 452 353
is_linear=0
shrinkage=0.025


Tree=22
num_leaves=13
num_cat=0
split_feature=36 37 37 35 31 16 37 30 48 44 38 14
split_gain=39.7501 27.4776 31.1516 20.5846 13.7267 12.2107 9.28048 4.97045 4.66275 2.34215 1.9717 0.253836
threshold=1.0000000180025095e-35 0.027630368247628215 0.021030586212873462 0.43678109347820288 0.42419725656509405 0.023678648285567764 0.014942205976694824 -0.028714942745864388 0.20983126014471057 0.025825887918472294 -0.13273884356021878 0.35326485335826879
decision_type=2 2 2 2 2 2 2 2 2 2 2 2
left_child=4 2 3 -2 10 -4 7 -6 -3 -10 -1 -12
right_child=1 8 5 -5 6 -7 -8 -9 9 -11 11 -13
leaf_value=-0.0019888045037868736 0.00063619127784749353 -5.6671345493092191e-05 0.0016631298575554773 -0.0022163666380794781 0.00013348731925655056 0.0062619779877307272 0.002012540075780033 -0.0027195723616061235 -0.0017593597587770217 -0.0035232256292691529 -0.0026382220572390164 -0.0035752309850465036
leaf_weight=233 4415 126 377 429 131 306 124 258 241 205 139 150
leaf_count=233 4415 126 377 429 131 306 124 258 241 205 139 150
internal_value=-3.06415e-05 0.000738245 0.00128005 0.000570994 -0.00454928 0.00625908 -0.00160473 -0.00350571 -0.00445191 -0.00564024 -0.00738852 -0.0088648
internal_weight=7134 6099 5527 4844 1035 683 513 389 572 446 522 289
internal_count=7134 6099 5527 4844 1035 683 513 389 572 446 522 289
is_linear=0
shrinkage=0.025


Tree=23
num_leaves=13
num_cat=0
split_feature=36 36 35 35 38 26 31 41 40 31 43 31
split_gain=34.2874 23.3144 17.9067 34.1797 22.7309 11.8944 6.83608 4.465 3.68701 3.77229 3.35993 0.969342
threshold=-0.0024296854389831419 0.67882245779037487 0.23045801371335986 0.33518856763839727 -0.19603385776281354 0.02116357441991568 0.42419725656509405 0.6114526391029359 1.0417771935462954 0.50412458181381237 -0.17870713025331494 2.2690349817276005
decision_type=2 2 2 2 2 2 2 2 2 2 2 2
left_child=5 2 4 -4 -2 8 -7 -8 9 -1 -3 -12
right_child=1 10 3 -5 -6 6 7 -9 -10 -11 11 -13
leaf_value=-0.002155586330197746 0.0056270976731813208 -0.00071017944503540546 0.005430766421338949 -0.00011147280577920426 -0.00017436568859304814 -0.0026450994011266707 -0.0010867676705647979 0.0015584017199935685 -0.0033349265341419635 -0.000588825003259887 -0.0026247390083571683 -0.0043923356412702468
leaf_weight=260 308 121 741 786 3889 127 123 121 225 121 129 151
leaf_count=260 308 121 741 786 3889 127 123 121 225 121 129 151
internal_value=2.72619e-05 0.000722879 0.00113349 0.00344729 0.000287066 -0.00430881 -0.000748005 0.00168173 -0.00645458 -0.00480894 -0.00506466 -0.00655702
internal_weight=7102 6125 5724 1527 4197 977 371 244 606 381 401 280
internal_count=7102 6125 5724 1527 4197 977 371 244 606 381 401 280
is_linear=0
shrinkage=0.025


Tree=24
num_leaves=13
num_cat=0
split_feature=16 37 37 37 16 15 38 9 17 45 44 3
split_gain=37.9965 31.2681 33.0751 17.7444 14.0712 10.0529 8.23969 5.44102 3.98979 2.85645 2.16626 1.18834
threshold=0.017916504293680195 0.027630368247628215 0.022092967294156555 0.013154509477317335 0.020040947012603286 0.49137930572032934 -0.16127017885446546 0.035230953246355064 0.37735866010189062 0.82868674397468578 0.015981958247721199 0.21743620187044146
decision_type=2 2 2 2 2 2 2 2 2 2 2 2
left_child=3 2 4 9 -2 6 -5 -3 -4 10 -1 -9
right_child=1 7 8 5 -6 -7 -8 11 -10 -11 -12 -13
leaf_value=-0.0025921581569370573 -0.0013581385269761947 -0.00096023703733504268 0.0017769052289553803 0.0012788466930493182 0.00088289516121140455 0.0018474706941783256 -0.0021584190412420787 -0.0023791649581325195 0.0058644739369285472 -0.0015461930192107506 -0.0034229014070372987 -0.0041891368942645361
leaf_weight=334 829 216 122 123 3827 216 346 230 360 122 267 125
leaf_count=334 829 216 122 123 3827 216 346 230 360 122 267 125
internal_value=-3.94903e-05 0.000867387 0.00148624 -0.00371108 0.000835389 -0.000806159 -0.00286129 -0.00465495 0.00768737 -0.00643029 -0.00714728 -0.00654514
internal_weight=7117 5709 5138 1408 4656 685 469 571 482 723 601 355
internal_count=7117 5709 5138 1408 4656 685 469 571 482 723 601 355
is_linear=0
shrinkage=0.025


Tree=25
num_leaves=15
num_cat=0
split_feature=16 36 16 38 15 38 36 15 38 38 26 30 4 40
split_gain=32.6002 28.4617 19.4387 16.86 14.789 13.9681 12.262 12.478 21.5965 5.03495 4.94524 3.16847 3.29061 1.40688
threshold=0.017916504293680195 0.5189080834388734 0.028688673861324791 -0.20065812021493909 0.5948275923728944 -0.090884618461132036 0.12864481657743457 0.49137930572032934 -0.066268727183341966 -0.077177584171295152 0.030846976675093177 0.16008359938859942 -0.19708114862442014 1.0897591114044192
decision_type=2 2 2 2 2 2 2 2 2 2 2 2 2 2
left_child=6 3 9 10 -4 -5 11 8 -8 -3 -2 12 -1 -13
right_child=1 2 4 5 -6 -7 7 -9 -10 -11 -12 13 -14 -15
leaf_value=-0.0022026088904014778 0.0069741913529036753 -0.00086860536021762011 -0.0027692956768355479 -0.00036936220196942451 0.0032681361933660151 0.0015282279106601235 0.00099294911563830592 0.001881225260898347 -0.0070331704049728079 -0.0041473320160401311 0.004690541753637434 -0.0020241706693259671 -0.0010924863454843459 -0.0041489744989582
leaf_weight=124 122 194 154 1438 292 2883 181 219 123 487 123 289 309 122
leaf_count=124 122 194 154 1438 292 2883 181 219 123 487 123 289 309 122
internal_value=-6.1925e-06 0.000825948 -0.00272195 0.00170504 0.00131652 0.0013364 -0.00346665 -0.000437973 -0.00370146 -0.00536625 0.008025 -0.00532244 -0.00372432 -0.00692608
internal_weight=7060 5693 1127 4566 446 4321 1367 523 304 681 245 844 433 411
internal_count=7060 5693 1127 4566 446 4321 1367 523 304 681 245 844 433 411
is_linear=0
shrinkage=0.025


Tree=26
num_leaves=13
num_cat=0
split_feature=16 35 34 38 36 31 35 36 36 8 41 5
split_gain=35.2193 28.1202 21.4905 25.5594 14.2306 12.0535 7.99312 4.85639 4.72455 3.27872 1.4293 1.18011
threshold=0.017916504293680195 0.40690660476684576 0.12409454211592676 -0.20065812021493909 0.11576263234019281 0.56077289581298839 0.06136452034115792 0.49343538284301763 0.17585011571645739 0.022832933813333515 0.52647876739501964 0.89963212609291088
decision_type=2 2 2 2 2 2 2 2 2 2 2 2
left_child=5 2 3 -2 -4 9 8 -3 -7 10 -1 -9
right_child=1 7 4 -5 -6 6 -8 11 -10 -11 -12 -13
leaf_value=-0.0026335331019676903 0.0061195184668405202 -0.00073115869241167193 0.0062762577636293372 -0.00013120675578825563 0.0015751099475425916 -0.0011171860396740187 -0.0034844821029420166 -0.0025913107867458381 0.0012412913797423505 -0.0013439624417263684 -0.002226630486067241 -0.0033631740288057295
leaf_weight=141 245 160 245 3514 1218 202 233 120 294 165 361 200
leaf_count=141 245 160 245 3514 1218 202 233 120 294 165 361 200
internal_value=-0.00010119 0.000769888 0.00130452 0.000300545 0.00387006 -0.00365364 -0.00140497 -0.00498711 0.000386727 -0.00607329 -0.00708826 -0.00675
internal_weight=7098 5702 5222 3759 1463 1396 729 480 496 667 502 320
internal_count=7098 5702 5222 3759 1463 1396 729 480 496 667 502 320
is_linear=0
shrinkage=0.025


Tree=27
num_leaves=13
num_cat=0
split_feature=16 35 37 37 37 15 37 39 9 36 13 35
split_gain=35.5846 29.3413 32.244 31.5378 15.9708 10.2475 6.29255 4.87483 3.77386 3.19105 3.94271 0.945469
threshold=0.017916504293680195 0.40690660476684576 0.029054563492536548 0.018778485246002678 0.013267625123262407 0.49137930572032934 0.014898962806910278 0.96763271093368541 0.037817107513546951 -0.0024296854389831419 -0.26361516118049616 0.46704804897308355
decision_type=2 2 2 2 2 2 2 2 2 2 2 2
left_child=4 2 3 -2 9 6 -6 -3 -4 10 -1 -9
right_child=1 7 8 -5 5 -7 -8 11 -10 -11 -12 -13
leaf_value=-0.0023628066417410473 0.0004672469515391624 -0.0010631871377698634 -0.0014574366714648155 0.0038472560457034851 -0.002687740792048113 0.0018237234275413486 1.9810544960943007e-06 -0.0036838039477176282 -0.003067374177811675 -0.0052710060642127965 -0.001930089433441189 -0.0019879999817906352
leaf_weight=260 3711 227 225 1143 210 201 229 123 241 124 365 128
leaf_count=260 3711 227 225 1143 210 201 229 123 241 124 365 128
internal_value=-2.17255e-05 0.000839006 0.00137441 0.00197957 -0.00360922 -0.000687984 -0.00282939 -0.00505952 -0.00486996 -0.00607593 -0.00524802 -0.00744629
internal_weight=7187 5798 5320 4854 1389 640 439 478 466 749 625 251
internal_count=7187 5798 5320 4854 1389 640 439 478 466 749 625 251
is_linear=0
shrinkage=0.025


end of trees

feature_importances:
universe58_loo_realized_volatility_20=56
universe58_loo_log_return_126=44
universe58_loo_log_return_60=26
cross_section_return_dispersion=21
source_distance_from_252_session_low=19
universe58_loo_log_return_20=17
universe58_loo_drawdown_252=17
source_parkinson_volatility_20=12
source_log_return_60=10
cross_section_positive_return_breadth=10
source_return_skewness_60=9
source_beta_universe58_252=7
cross_section_beta_60_percentile=7
source_momentum_12_1=6
universe58_loo_log_return_1=6
source_residual_momentum_126=6
source_idiosyncratic_volatility_60=5
source_drawdown_from_252_session_peak=4
source_close_ma50_ratio=4
source_beta_universe58_60=4
cross_section_momentum_126_percentile=4
source_log_return_126=3
source_log_return_252=3
source_realized_volatility_20=3
source_realized_volatility_60=3
source_downside_volatility_20=3
source_drawdown_from_60_session_peak=3
source_directional_index_spread_14=3
source_volatility_ratio_20_60=3
source_correlation_universe58_60=3
source_positive_day_ratio_20=2
source_log_return_5=1
source_intraday_log_range=1
source_downside_volatility_60=1
cross_section_momentum_20_percentile=1
source_bollinger_bandwidth_20=1
source_residual_momentum_20=1
cross_section_momentum_252_percentile=1
cross_section_volatility_60_percentile=1

parameters:
[boosting: gbdt]
[objective: quantile]
[metric: quantile]
[tree_learner: serial]
[device_type: cpu]
[data_sample_strategy: bagging]
[data: ]
[valid: ]
[num_iterations: 28]
[learning_rate: 0.025]
[num_leaves: 15]
[num_threads: 12]
[seed: 32110]
[deterministic: 1]
[force_col_wise: 1]
[force_row_wise: 0]
[histogram_pool_size: -1]
[max_depth: 4]
[min_data_in_leaf: 120]
[min_sum_hessian_in_leaf: 0.001]
[bagging_fraction: 0.85]
[pos_bagging_fraction: 1]
[neg_bagging_fraction: 1]
[bagging_freq: 1]
[bagging_seed: 32110]
[bagging_by_query: 0]
[feature_fraction: 0.75]
[feature_fraction_bynode: 1]
[feature_fraction_seed: 32110]
[extra_trees: 0]
[extra_seed: 7829]
[early_stopping_round: 0]
[early_stopping_min_delta: 0]
[first_metric_only: 0]
[max_delta_step: 0]
[lambda_l1: 0.25]
[lambda_l2: 5]
[linear_lambda: 0]
[min_gain_to_split: 0]
[drop_rate: 0.1]
[max_drop: 50]
[skip_drop: 0.5]
[xgboost_dart_mode: 0]
[uniform_drop: 0]
[drop_seed: 3176]
[top_rate: 0.2]
[other_rate: 0.1]
[min_data_per_group: 100]
[max_cat_threshold: 32]
[cat_l2: 10]
[cat_smooth: 10]
[max_cat_to_onehot: 4]
[top_k: 20]
[monotone_constraints: ]
[monotone_constraints_method: basic]
[monotone_penalty: 0]
[feature_contri: ]
[forcedsplits_filename: ]
[refit_decay_rate: 0.9]
[cegb_tradeoff: 1]
[cegb_penalty_split: 0]
[cegb_penalty_feature_lazy: ]
[cegb_penalty_feature_coupled: ]
[path_smooth: 0]
[interaction_constraints: ]
[verbosity: -1]
[saved_feature_importance_type: 0]
[use_quantized_grad: 0]
[num_grad_quant_bins: 4]
[quant_train_renew_leaf: 0]
[stochastic_rounding: 1]
[linear_tree: 0]
[max_bin: 255]
[max_bin_by_feature: ]
[min_data_in_bin: 3]
[bin_construct_sample_cnt: 200000]
[data_random_seed: 32110]
[is_enable_sparse: 1]
[enable_bundle: 1]
[use_missing: 1]
[zero_as_missing: 0]
[feature_pre_filter: 1]
[pre_partition: 0]
[two_round: 0]
[header: 0]
[label_column: ]
[weight_column: ]
[group_column: ]
[ignore_column: ]
[categorical_feature: ]
[forcedbins_filename: ]
[precise_float_parser: 0]
[parser_config_file: ]
[objective_seed: 23663]
[num_class: 1]
[is_unbalance: 0]
[scale_pos_weight: 1]
[sigmoid: 1]
[boost_from_average: 1]
[reg_sqrt: 0]
[alpha: 0.5]
[fair_c: 1]
[poisson_max_delta_step: 0.7]
[tweedie_variance_power: 1.5]
[lambdarank_truncation_level: 30]
[lambdarank_norm: 1]
[label_gain: ]
[lambdarank_position_bias_regularization: 0]
[eval_at: ]
[multi_error_top_k: 1]
[auc_mu_weights: ]
[num_machines: 1]
[local_listen_port: 12400]
[time_out: 120]
[machine_list_filename: ]
[machines: ]
[gpu_platform_id: -1]
[gpu_device_id: -1]
[gpu_use_dp: 0]
[num_gpu: 1]

end of parameters

pandas_categorical:[]
