tree
version=v4
num_class=1
num_tree_per_iteration=1
label_index=0
max_feature_idx=48
objective=huber
feature_names=source_log_return_1 source_log_return_5 source_log_return_20 source_log_return_60 source_log_return_126 source_log_return_252 source_intraday_log_range source_close_to_open_log_return source_realized_volatility_20 source_realized_volatility_60 source_downside_volatility_20 source_downside_volatility_60 source_drawdown_from_60_session_peak source_drawdown_from_252_session_peak cross_section_momentum_20_percentile cross_section_positive_return_breadth cross_section_return_dispersion source_momentum_12_1 source_ma5_ma20_ratio source_close_ma50_ratio source_close_ma200_ratio source_rsi_14 source_bollinger_pct_b_20 source_bollinger_bandwidth_20 source_adx_14 source_directional_index_spread_14 source_parkinson_volatility_20 source_overnight_gap_1 source_positive_day_ratio_20 source_max_daily_log_return_20 source_return_skewness_60 source_distance_from_252_session_low source_volatility_ratio_20_60 universe58_loo_log_return_1 universe58_loo_log_return_20 universe58_loo_log_return_60 universe58_loo_log_return_126 universe58_loo_realized_volatility_20 universe58_loo_drawdown_252 source_beta_universe58_60 source_beta_universe58_252 source_correlation_universe58_60 source_residual_momentum_20 source_residual_momentum_126 source_idiosyncratic_volatility_60 cross_section_momentum_126_percentile cross_section_momentum_252_percentile cross_section_volatility_60_percentile cross_section_beta_60_percentile
feature_infos=[-0.10536076873540878:0.095312163233757019] [-0.52438312768936157:0.44636186957359314] [-1.1351611614227295:1.077221155166626] [-1.0610049962997437:1.5560240745544434] [-1.0489567518234253:2.3170430660247803] [-0.89605218172073364:2.9264204502105713] [0:0.19999955594539642] [-0.12566383183002472:0.19697383046150208] [0.0089856777340173721:0.083459392189979553] [0.012027040123939514:0.063424810767173767] [0.00095409812638536096:0.078742377460002899] [0.007057304959744215:0.048307757824659348] [-0.71968960762023926:0] [-0.71968960762023926:0] [0.017241379246115685:1] [0.017241379246115685:1] [0.012731988914310932:0.041878215968608856] [-0.84071391820907593:2.8910765647888184] [-0.47595494985580444:0.57290768623352051] [-0.62940984964370728:1.5476077795028687] [-0.4873068630695343:3.874976634979248] [0:100] [-0.27581372857093811:1.4438486099243164] [0.027125930413603783:1.7820020914077759] [7.327979564666748:83.650077819824219] [-54.177944183349609:77.140235900878906] [0.0081431083381175995:0.06641879677772522] [-0.10510788112878799:0.095250405371189117] [0.10000000149011612:0.89999997615814209] [0.005115102045238018:0.095630437135696411] [-2.965186595916748:1.7833932638168335] [0:18.523586273193359] [0.34140607714653015:1.5712734460830688] [-0.092919811606407166:0.054154831916093826] [-0.14326675236225128:0.26549568772315979] [-0.2251364141702652:0.55794161558151245] [-0.1335725337266922:0.86915600299835205] [0.0072068045847117901:0.037458643317222595] [-0.26247727870941162:0] [-0.5984683632850647:2.2586460113525391] [0.30918329954147339:1.4070049524307251] [-0.15451675653457642:0.94065767526626587] [-1.1516678333282471:0.84016847610473633] [-1.3436253070831299:1.9539748430252075] [0.0074497964233160019:0.059544753283262253] [0.017241379246115685:1] [0.017241379246115685:1] [0.017241379246115685:1] [0.017241379246115685:1]
tree_sizes=1936 2051 2585 2763 2594 2580 2320 2922 2602 2954

Tree=0
num_leaves=21
num_cat=0
split_feature=38 36 36 34 37 37 33 34 37 38 45 26 38 3 31 47 4 37 36 23
split_gain=18.7706 16.9516 17.754 13.2114 10.7371 14.2207 8.66023 7.19086 6.30918 2.40453 1.85565 1.27402 1.0069 0.865808 0.857388 0.455671 0.355635 0.326304 0.268076 0.148286
threshold=-0.19822253286838529 0.0049688615836203107 0.72353196144104015 -0.095803286880254732 0.018691217526793483 0.027791162021458152 -0.037768550217151635 0.16894055157899859 0.017281853593885902 -0.16681731492280957 0.86720469594001781 0.031941609457135207 -0.21529643982648847 0.12746930122375491 1.5256399512290957 0.57171678543090831 -0.095544360578060136 0.019669662229716781 0.78950026631355297 0.22768399119377139
decision_type=2 2 2 2 2 2 2 2 2 2 2 2 2 2 2 2 2 2 2 2
left_child=6 8 3 11 7 -6 -1 -5 9 16 13 17 -8 -11 -4 18 -2 -3 -16 -13
right_child=1 2 14 4 5 -7 12 -9 -10 10 -12 19 -14 -15 15 -17 -18 -19 -20 -21
leaf_value=0.12675917068627882 0.12675377855337025 0.12564250848986591 0.12621565742860147 0.12809605056661827 0.13142750211592316 0.12624491155629403 0.13620855993295156 0.13032329278220672 0.13169833005092341 0.12504901489577758 0.12753790092880488 0.12503212122114613 0.13272687102497682 0.12317382375535617 0.12552932721729107 0.12232680093401067 0.12873057233357385 0.127353356044734 0.12341604622915164 0.12326931571531022
leaf_weight=60 61 132 60 3373 1170 256 151 697 66 658 109 62 63 131 67 115 81 77 71 106
leaf_count=60 61 132 60 3373 1170 256 151 697 66 658 109 62 63 131 67 115 81 77 71 106
internal_value=0.128291 0.128097 0.128505 0.128753 0.129003 0.130494 0.133401 0.128478 0.12582 0.125437 0.125056 0.125147 0.135264 0.124718 0.123887 0.12337 0.127874 0.126246 0.124354 0.123845
internal_weight=7566 7292 6186 5873 5496 1426 274 4070 1106 1040 898 377 214 789 313 253 142 209 138 168
internal_count=7566 7292 6186 5873 5496 1426 274 4070 1106 1040 898 377 214 789 313 253 142 209 138 168
is_linear=0
shrinkage=1


Tree=1
num_leaves=21
num_cat=0
split_feature=38 36 36 37 37 16 16 33 37 38 37 26 45 40 38 3 41 3 32 33
split_gain=19.6803 15.2577 18.3963 12.3587 21.3473 9.30075 9.25608 8.01346 6.1199 1.94846 1.88927 1.52579 1.49836 0.977348 0.85439 0.850864 0.640856 0.57576 0.329936 0.039632
threshold=-0.19822253286838529 0.0023052900796756153 0.67882245779037487 0.028676279820501808 0.01988108549267054 0.020040947012603286 0.023678648285567764 -0.037768550217151635 0.017281853593885902 -0.16681731492280957 0.017100033350288871 0.031257444992661483 0.86720469594001781 1.1034663915634157 -0.21529643982648847 0.12746930122375491 0.58729252219200145 0.24643583595752719 0.9943549931049348 0.009884640574455263
decision_type=2 2 2 2 2 2 2 2 2 2 2 2 2 2 2 2 2 2 2 2
left_child=7 8 3 4 5 -3 -6 -1 9 18 13 -5 15 -4 -9 -11 19 -13 -2 -12
right_child=1 2 10 11 6 -7 -8 14 -10 12 16 17 -14 -15 -16 -17 -18 -19 -20 -21
leaf_value=-0.0011169035041098004 -0.0014125847582673204 -0.0013018516560381183 -0.003193636768415832 2.6659321133131693e-06 0.001592876564763427 0.00073791058064645869 0.0058032220501582476 0.007776031453681144 0.0034130685142145546 -0.0031460776412033449 -0.0065288237235796298 -0.0027602544470141412 -0.0009402869633488816 -3.8368963811080902e-05 0.0045449926650206396 -0.0050659549893180443 -0.0035316674446002538 -0.0047167767830628982 0.00048722699840390496 -0.004725891132468147
leaf_weight=63 84 1236 111 66 435 3209 406 155 65 641 78 275 111 61 65 121 114 91 60 71
leaf_count=63 84 1236 111 66 435 3209 406 155 65 641 78 275 111 61 65 121 114 91 60 71
internal_value=-2.68657e-05 -0.000230314 0.000155059 0.000457582 0.000724026 0.000170003 0.00364004 0.00511873 -0.0024171 -0.00279965 -0.00379517 -0.00278286 -0.00315462 -0.00210017 0.00689988 -0.00347092 -0.00486374 -0.00328382 -0.000620405 -0.00578652
internal_weight=7518 7235 6153 5718 5286 4445 841 283 1082 1017 435 432 873 172 220 762 263 366 144 149
internal_count=7518 7235 6153 5718 5286 4445 841 283 1082 1017 435 432 873 172 220 762 263 366 144 149
is_linear=0
shrinkage=0.02


Tree=2
num_leaves=27
num_cat=0
split_feature=38 34 37 36 36 34 36 36 36 16 9 36 41 30 44 38 39 34 31 6 40 48 17 20 40 11
split_gain=19.3975 16.5057 20.1411 16.2022 13.8578 10.333 9.70115 8.65937 7.65523 5.94196 7.72268 4.20487 1.82 1.78827 1.65633 1.5938 1.14281 1.07716 0.858732 0.770171 0.740377 0.73581 0.723014 0.319593 0.195372 0.0305197
threshold=-0.19822253286838529 0.12409454211592676 0.012516919057816269 0.14733921736478808 0.60786667466163646 -0.095803286880254732 0.67882245779037487 0.096872381865978255 0.15370678156614306 0.024560993537306789 0.027646343223750595 0.37227880954742437 0.64349496364593517 -0.18943904340267179 0.022563273087143901 -0.077177584171295152 0.53318327665328991 0.02461138274520636 2.7407934665679936 0.045275907963514335 0.95544710755348217 0.59097579121589672 0.65812408924102794 0.65992090106010448 0.95686092972755443 0.019961059093475345
decision_type=2 2 2 2 2 2 2 2 2 2 2 2 2 2 2 2 2 2 2 2 2 2 2 2 2 2
left_child=8 2 11 13 5 14 9 -7 22 20 -11 16 18 -3 -4 19 -2 -18 -8 -6 -5 25 -1 -17 -24 -15
right_child=1 3 4 6 15 7 12 -9 -10 10 -12 -13 -14 21 -16 23 17 -19 -20 -21 -22 -23 24 -25 -26 -27
leaf_value=0.0048111190206868801 -0.00086582022545755746 0.0088081991802901032 -0.001902344027013879 0.00037865492017389728 -0.00022363482783770275 -0.0013341818603617704 -0.0027892658119919164 0.0010938927341760066 -0.00087944524503076702 0.0046931773240274904 0.00078331388544981666 0.0010416970956639978 1.0543569843743888e-05 0.006689474736354244 -0.0048234535681525572 -0.0039833125922974057 -0.0039536968759356587 -0.0023238455219950745 -0.0057753220826742193 -0.0032069668154405474 -0.0011761811096706648 0.0033960523152103028 0.0090056773943728539 -0.005884329297150789 0.0063226031661033633 0.0047357866484671832
leaf_weight=70 69 61 206 229 60 743 143 2762 64 332 515 90 68 64 131 151 777 230 60 83 256 111 73 86 73 61
leaf_count=70 69 61 206 229 60 743 143 2762 64 332 515 90 68 64 131 151 777 230 60 83 256 111 73 86 73 61
internal_value=1.5297e-05 -0.000183984 -0.000749294 0.00141725 -0.000105714 0.000255496 0.000616973 0.000578197 0.00515279 0.00131999 0.0023282 -0.00307254 -0.00281142 0.00568387 -0.00307333 -0.00373374 -0.00341954 -0.00359044 -0.00374795 -0.00199238 -0.000442178 0.0047717 0.00693224 -0.00474223 0.00782516 0.00587723
internal_weight=7568 7288 5388 1900 4222 3842 1603 3505 280 1332 847 1166 271 297 337 380 1076 1007 203 143 485 236 216 237 146 125
internal_count=7568 7288 5388 1900 4222 3842 1603 3505 280 1332 847 1166 271 297 337 380 1076 1007 203 143 485 236 216 237 146 125
is_linear=0
shrinkage=0.02


Tree=3
num_leaves=29
num_cat=0
split_feature=38 16 36 35 35 36 33 36 11 9 15 4 16 1 16 36 38 41 15 38 36 33 38 47 39 38 17 40
split_gain=18.4785 14.3097 18.7314 8.73916 16.8053 11.0085 8.07152 7.25932 7.0373 6.37969 4.28164 4.16495 3.68805 3.20096 2.89136 2.84251 4.09314 2.75704 2.5681 2.37348 2.00825 1.69265 1.42777 1.34479 1.25542 1.22629 0.96166 0.407103
threshold=-0.19822253286838529 0.020040947012603286 0.60210028290748607 0.23045801371335986 0.43176925182342535 0.36933761835098272 -0.037768550217151635 0.52070298790931713 0.017698502168059353 0.024685972370207313 0.80172413587570202 1.0845075249671938 0.026574428193271164 0.091983560472726836 0.018375191837549213 0.26562629640102392 -0.055892068892717355 0.58164441585540783 0.68103447556495678 -0.079206261783838258 0.15931290388107303 0.010148875415325167 -0.051545532420277589 0.14343360066413882 0.94322067499160778 -0.042720591649413102 0.65812408924102794 0.95686092972755443
decision_type=2 2 2 2 2 2 2 2 2 2 2 2 2 2 2 2 2 2 2 2 2 2 2 2 2 2 2 2
left_child=6 8 3 5 7 13 -1 -5 10 -4 15 18 -7 -3 -12 16 -2 21 -11 20 -19 22 -10 -17 -6 -21 -8 -28
right_child=1 2 9 4 24 12 26 -9 17 11 14 -13 -14 -15 -16 23 -18 19 -20 25 -22 -23 -24 -25 -26 -27 27 -29
leaf_value=-0.0012828964166568988 -0.002754916550265133 0.00096632524763355556 0.0032315873821060375 0.00462227711840807 -0.0001350709112042463 -0.00075439483067055364 0.0045655508380848912 0.00025245626517213314 -0.0015099236020508615 -0.0032385539760314253 0.0030729525176431522 -0.0076954180291065799 -0.0038941528040426065 0.0035857412223284845 -0.0017096529972349475 -0.0022379733257823519 0.0015647944427494493 -0.00158551307943801 -0.00066134707704821423 0.0045472539929110158 0.00096691849167980721 0.00080112060706349127 -0.0049834169343350426 -0.0059831527311015077 -0.002867767019122839 0.00085981929260683628 0.0091352683660623282 0.0060879597311670128
leaf_weight=63 896 1694 74 744 111 670 77 192 218 451 86 62 191 208 114 60 95 200 239 76 311 91 60 145 172 71 73 74
leaf_count=63 896 1694 74 744 111 670 77 192 218 451 86 62 191 208 114 60 95 200 239 76 311 91 60 145 172 71 73 74
internal_value=3.11003e-05 -0.000167227 0.000464221 0.00103315 0.00244175 0.000409354 0.00498147 0.00373064 -0.00141966 -0.00227107 -0.00234264 -0.00282457 -0.00146316 0.0012585 0.000356962 -0.00279468 -0.00233634 -0.000160903 -0.00235404 0.000613635 -3.3554e-05 -0.00153856 -0.00230836 -0.0049399 -0.00181209 0.00282573 0.0067414 0.00776036
internal_weight=7518 7231 4808 3982 1219 2763 287 936 2423 826 1396 752 861 1902 200 1196 991 1027 690 658 511 369 278 205 283 147 224 147
internal_count=7518 7231 4808 3982 1219 2763 287 936 2423 826 1396 752 861 1902 200 1196 991 1027 690 658 511 369 278 205 283 147 224 147
is_linear=0
shrinkage=0.02


Tree=4
num_leaves=27
num_cat=0
split_feature=38 16 36 37 37 37 16 36 34 34 34 35 37 37 34 43 16 34 17 47 41 30 29 9 47 40
split_gain=17.2956 14.1846 19.5917 14.6574 13.7576 13.7206 9.64305 7.52257 5.83365 5.71519 3.31174 2.30904 3.83707 7.09988 2.28734 1.69732 1.07025 1.04226 0.747504 0.6707 0.607273 0.539028 0.493739 0.464903 0.439206 0.176853
threshold=-0.19822253286838529 0.020029208622872833 0.67882245779037487 0.028676279820501808 0.019986685365438465 0.015846795402467254 0.023678648285567764 0.15370678156614306 0.16894055157899859 -0.079020615667104707 0.18515297770500186 0.16018325835466388 0.012660061009228231 0.014534609857946636 0.11110642552375795 -0.052983788773417466 0.026574428193271164 0.14737718552351001 0.65812408924102794 0.57171678543090831 0.57361164689064037 -0.0040651320014148942 0.0723262093961239 0.03534634783864022 0.48606015741825109 0.94015842676162731
decision_type=2 2 2 2 2 2 2 2 2 2 2 2 2 2 2 2 2 2 2 2 2 2 2 2 2 2
left_child=7 5 3 4 8 11 -6 18 -3 20 21 12 14 -14 -2 17 23 -4 -1 22 -7 -11 -17 -5 -18 -20
right_child=1 2 15 16 6 9 -8 -9 -10 10 -12 -13 13 -15 -16 19 24 -19 25 -21 -22 -23 -24 -25 -26 -27
leaf_value=0.0046220469354210716 -0.0034517291188853666 0.00026844028330571347 -0.0036878750820540721 -0.00023376413264572071 0.00080956644910712547 -0.0034211316983703347 0.0057429907287908271 -0.0010715735596118134 0.0023328019406609994 0.0018886477440356504 0.0054894224782252596 -0.0053938208191404834 0.00098663891457167834 -0.0035417688598756276 -0.00060662763058819754 -0.0048028439480199744 -0.002652750267744774 -0.00067359782101166453 0.0088120468917866832 -0.00591695288479583 -0.0011305013641191661 0.00052843486316951703 -0.0021079896078539826 -0.0023199547246648068 -0.0046985079385001554 0.0061722181680563251
leaf_weight=73 809 2680 87 65 261 81 407 64 686 219 81 101 321 239 134 64 102 99 68 114 118 258 63 133 107 73
leaf_count=73 809 2680 87 65 261 81 407 64 686 219 81 101 321 239 134 64 102 99 68 114 118 258 63 133 107 73
internal_value=2.57444e-05 -0.000163286 0.000453557 0.000847906 0.00121349 -0.0014345 0.00382914 0.00489404 0.000691162 0.000781772 0.00181874 -0.00248059 -0.0022738 -0.000952819 -0.0030517 -0.00362283 -0.00275557 -0.00212495 0.0066729 -0.00473443 -0.00210478 0.00116292 -0.00355321 -0.00165378 -0.00375648 0.00760933
internal_weight=7507 7229 4868 4441 4034 2361 668 278 3366 757 558 1604 1503 560 943 427 407 186 214 241 199 477 127 198 209 141
internal_count=7507 7229 4868 4441 4034 2361 668 278 3366 757 558 1604 1503 560 943 427 407 186 214 241 199 477 127 198 209 141
is_linear=0
shrinkage=0.02


Tree=5
num_leaves=27
num_cat=0
split_feature=38 34 37 37 36 35 35 36 36 33 16 16 9 36 36 41 36 16 30 3 26 35 31 41 30 40
split_gain=17.0649 14.1107 17.237 15.5533 13.722 12.6814 9.75794 9.00578 8.99943 7.31686 5.2839 5.23948 7.11886 3.88193 1.44487 1.4266 1.41251 2.80567 1.09958 0.933557 0.814573 0.719401 0.459681 0.413099 0.303986 0.300075
threshold=-0.19822253286838529 0.12594669312238696 0.012516919057816269 0.01988108549267054 0.52070298790931713 0.23768498748540881 0.44800274074077612 0.36659815907478338 0.67882245779037487 -0.037768550217151635 0.021916245110332969 0.024560993537306789 0.027646343223750595 0.37227880954742437 0.17585011571645739 0.64349496364593517 0.23259427398443225 0.02061730902642012 -0.048640938475728028 0.55894371867179882 0.030638622120022777 -0.11087203770875929 2.6673935651779179 0.75420129299163829 0.36235740780830389 0.84391742944717418
decision_type=2 2 2 2 2 2 2 2 2 2 2 2 2 2 2 2 2 2 2 2 2 2 2 2 2 2
left_child=9 2 13 8 5 7 -7 -4 11 -1 20 14 -13 16 -3 22 17 -2 -5 -12 -6 -11 -10 -20 -23 -18
right_child=1 3 4 18 10 6 -8 -9 15 21 19 12 -14 -15 -16 -17 25 -19 23 -21 -22 24 -24 -25 -26 -27
leaf_value=-0.001253611624470124 -0.003088593783377413 0.001328874056995217 0.00049791982629230789 0.0079597436533006567 0.00088364663260333514 0.0050526026981365345 -0.0014955519799718525 -0.0020867031740450376 -0.002782835724997987 0.0041406095447166572 -0.003490106990592047 0.0045892262101237839 0.00075007246904300079 0.00090443255070268239 -0.001014130404969974 -0.00014993444339239171 -0.0029070619778880234 0.00091554068606346847 0.005782411696436833 -0.0062645870996639128 -0.0016832242913377019 0.0081482113824047232 -0.0050300227127969268 0.0034246783940050794 0.0054989767225725305 -0.0045497037341127649
leaf_weight=62 626 145 2356 80 132 357 120 696 144 60 408 315 498 99 361 67 84 77 95 61 75 96 62 76 67 291
leaf_count=62 626 145 2356 80 132 357 120 696 144 60 408 315 498 99 361 67 84 77 95 61 75 96 62 76 67 291
internal_value=-1.02658e-05 -0.000200623 -0.000717949 0.00130826 -0.000118202 0.000382212 0.00340413 -9.26392e-05 0.000573145 0.0047638 -0.00272219 0.00125846 0.0022502 -0.00285403 -0.000336876 -0.00271204 -0.00320167 -0.00264658 0.00590506 -0.00389061 -5.23771e-05 0.00643566 -0.00352645 0.00481739 0.00718435 -0.00421039
internal_weight=7510 7225 5382 1843 4205 3529 477 3052 1592 285 676 1319 813 1177 506 273 1078 703 251 469 207 223 206 171 163 375
internal_count=7510 7225 5382 1843 4205 3529 477 3052 1592 285 676 1319 813 1177 506 273 1078 703 251 469 207 223 206 171 163 375
is_linear=0
shrinkage=0.02


Tree=6
num_leaves=24
num_cat=0
split_feature=38 36 36 34 37 37 35 34 37 34 43 40 45 26 34 11 30 36 9 30 37 47 23
split_gain=15.7162 12.7731 14.7267 11.3083 9.31217 12.0241 7.41733 7.22431 5.1793 1.66856 1.59683 1.52217 2.08221 0.937554 0.876325 0.87248 0.659826 0.615983 0.481468 0.386617 0.286815 0.260556 0.181665
threshold=-0.20065812021493909 0.0023052900796756153 0.67882245779037487 -0.095803286880254732 0.018691217526793483 0.028676279820501808 -0.03263034671545028 0.16894055157899859 0.015913696959614757 -0.079020615667104707 -0.11314525455236434 1.1034663915634157 0.86720469594001781 0.031941609457135207 0.14737718552351001 0.015321556478738787 0.096169348806142821 0.77819713950157177 0.034248052164912231 0.34924988448619848 0.018161409534513954 0.74303007125854503 0.24019251018762591
decision_type=2 2 2 2 2 2 2 2 2 2 2 2 2 2 2 2 2 2 2 2 2 2 2
left_child=6 8 3 13 7 -6 19 -5 11 -10 14 12 15 20 -4 -2 -13 18 -12 -1 -3 -18 -15
right_child=1 2 10 4 5 -7 -8 -9 9 -11 17 16 -14 22 -16 -17 21 -19 -20 -21 -22 -23 -24
leaf_value=0.0076072907467042254 -0.0031639046875339976 -0.0029199741683362123 -0.0033512613016040355 -0.00019456421139324144 0.0029141403220011258 -0.0018474525434062114 -0.001165906563634053 0.0021039747533119174 -0.00068566322303086058 0.003534544258732611 -0.0023200991357443853 -0.0028525327113922685 0.00046325348120293411 -0.0030666915412882675 -0.00035883067908522846 -0.0014227789826016472 -0.0038093490309069806 -0.005590843991945601 -0.0046848070515898635 0.005073141038711918 -0.0012735466032625278 -0.0062072067224618159 -0.004775513065989119
leaf_weight=121 415 74 70 3311 1181 256 61 652 77 68 93 117 98 82 88 173 64 105 71 73 123 63 88
leaf_count=121 415 74 70 3311 1181 256 61 652 77 68 93 117 98 82 88 173 64 105 71 73 123 63 88
internal_value=1.03784e-05 -0.000161596 0.000187851 0.000454008 0.000685576 0.00206309 0.00486141 0.000184649 -0.00217091 0.00131824 -0.00338259 -0.00271848 -0.002215 -0.0029285 -0.00172854 -0.00266315 -0.00408585 -0.00432065 -0.0034156 0.00675057 -0.00193152 -0.00512232 -0.00402451
internal_weight=7524 7269 6194 5767 5400 1437 255 3963 1075 145 427 930 686 367 158 588 244 269 164 194 197 127 170
internal_count=7524 7269 6194 5767 5400 1437 255 3963 1075 145 427 930 686 367 158 588 244 269 164 194 197 127 170
is_linear=0
shrinkage=0.02


Tree=7
num_leaves=31
num_cat=0
split_feature=16 36 37 37 36 38 37 16 36 16 33 38 45 31 34 3 34 37 10 13 36 36 8 43 16 45 42 9 41 1
split_gain=16.0235 16.8302 13.6375 22.1709 9.30136 8.7704 7.12598 6.82431 4.13385 4.11624 2.71787 1.9209 1.75895 1.5589 1.30662 1.1209 1.0291 1.02299 0.879978 0.804196 0.684193 0.641388 0.502748 0.40566 0.399614 0.366481 0.346016 0.213979 0.206154 0.195973
threshold=0.017916504293680195 0.67882245779037487 0.029054563492536548 0.01988108549267054 0.52070298790931713 -0.20065812021493909 0.013605736196041109 0.020040947012603286 0.18712130934000018 0.017279217019677166 -0.0025626142742112275 -0.066268727183341966 0.86720469594001781 2.7407934665679936 -0.0055744100827723733 0.1207609847187996 -0.023792731575667855 0.017100033350288871 0.030914220027625564 -0.26361516118049616 0.59309965372085582 0.11363328248262407 0.033232325688004501 -0.13549330085515973 0.026574428193271164 0.73275861144065868 0.016358669847249988 0.03534634783864022 0.61337751150131237 -0.077118773013353334
decision_type=2 2 2 2 2 2 2 2 2 2 2 2 2 2 2 2 2 2 2 2 2 2 2 2 2 2 2 2 2 2
left_child=6 2 3 5 8 -2 11 -7 -5 14 21 12 15 17 16 19 -8 23 24 -1 -6 -11 -19 -3 27 29 -16 -4 -17 -20
right_child=1 13 18 4 20 7 9 -9 -10 10 -12 -13 -14 -15 26 28 -18 22 25 -21 -22 -23 -24 -25 -26 -27 -28 -29 -30 -31
leaf_value=-0.003319743899783741 0.0058255162179662754 0 -2.2852176599777659e-05 0.0060810824917443083 -0.0021583373116231277 -0.0014154246511511588 0.0010079780002713375 0.00064524169909731927 0.003194764374281706 -0.001685162509178725 -0.005298710884926363 -0.0059056682210929436 -0.00029053187278449671 -0.0052912833365065257 -0.000590535373856075 -0.0036343083204153706 0.0043732615922159254 -0.0022467385638269715 -0.0019698481494958352 -0.0017160441991554685 0.00048511462678189996 0.00085111706671887086 -0.0045464080973443661 -0.002164195305858858 -0.0026952855801580218 -0.0047461389620038494 0.001016304934732034 -0.0016957483354305464 -0.0058451028710696839 -0.0036096079296026474
leaf_weight=318 113 63 62 389 73 793 84 3336 436 103 75 84 106 118 118 65 66 84 79 231 78 61 96 75 85 74 93 60 60 75
leaf_count=318 113 63 62 389 73 793 84 3336 436 103 75 84 106 118 118 65 66 84 79 231 78 61 96 75 85 74 93 60 60 75
internal_value=-6.46208e-07 0.00045109 0.000743822 0.00102798 0.00374111 0.000401306 -0.00187725 0.000248496 0.00457402 -0.000198832 -0.00222089 -0.00303694 -0.00270528 -0.00332122 0.00114439 -0.0030806 0.00255196 -0.00254446 -0.00264619 -0.00265977 -0.000803502 -0.000737459 -0.00353312 -0.00120008 -0.00165477 -0.00350879 0.000117339 -0.00087454 -0.00481543 -0.00282852
internal_weight=7553 6089 5653 5218 976 4242 1464 4129 825 600 239 864 780 436 361 674 150 318 435 549 151 164 180 138 207 228 211 122 125 154
internal_count=7553 6089 5653 5218 976 4242 1464 4129 825 600 239 864 780 436 361 674 150 318 435 549 151 164 180 138 207 228 211 122 125 154
is_linear=0
shrinkage=0.02


Tree=8
num_leaves=27
num_cat=0
split_feature=38 16 36 34 37 37 37 6 34 16 33 38 31 34 43 8 10 37 3 38 5 34 42 47 43 40
split_gain=14.705 12.2401 15.0306 10.2462 8.77468 13.8711 6.92848 6.36715 5.32635 4.07087 2.62387 1.89975 1.67202 1.55739 1.4068 1.17693 1.11582 0.926008 0.921285 0.741129 0.563023 0.511456 0.430156 0.413081 0.363946 0.0502418
threshold=-0.19822253286838529 0.017916504293680195 0.67882245779037487 -0.095803286880254732 0.01988108549267054 0.028676279820501808 0.013605736196041109 0.079999517649412169 0.16894055157899859 0.017279217019677166 -0.0025626142742112275 -0.066268727183341966 2.7407934665679936 -0.0055744100827723733 0.21243106573820117 0.039689850062131889 0.022850311361253265 0.017100033350288871 0.10828727111220361 -0.13779167830944059 0.5618780553340913 -0.10588036105036734 -0.063207831233739839 0.33400586247444158 -0.13549330085515973 0.93850752711296093
decision_type=2 2 2 2 2 2 2 2 2 2 2 2 2 2 2 2 2 2 2 2 2 2 2 2 2 2
left_child=7 6 3 15 8 -6 11 20 -5 13 19 14 17 16 18 21 -8 24 -2 -11 -1 -3 -15 -19 -4 -22
right_child=1 2 12 4 5 -7 9 -9 -10 10 -12 -13 -14 22 -16 -17 -18 23 -20 -21 25 -23 -24 -25 -26 -27
leaf_value=0.0043471805331725122 -0.0025513983241579091 -0.0027260257503664005 -0.00010781998655787022 -1.6606669403325675e-05 0.0036705885211072682 -0.0017088595821776174 0.0046331531581705184 -0.00094777009764046821 0.0019256646928427828 0.00099162453971803196 -0.0051985421562921021 -0.005872186005647693 -0.0054068559882415393 -0.0013250798827502876 -0.00042527067868393804 -0.004470184369806062 0.0010889471760452834 -0.0020849121847223225 -0.0044053996118448135 -0.0017386447946011214 0.0079827539083892358 -0.00091598128975459896 0.00060106220630751477 -0.004283817079649972 -0.0021927907084549466 0.0057417581099484648
leaf_weight=71 533 144 63 3234 796 250 64 64 681 60 76 81 117 61 102 105 83 67 146 105 70 120 165 109 72 67
leaf_count=71 533 144 63 3234 796 250 64 64 681 60 76 81 117 61 102 105 83 67 146 105 70 120 165 109 72 67
internal_value=-1.61408e-05 -0.00018876 0.000227835 0.000518224 0.000758029 0.00238271 -0.00181177 0.00452311 0.000322205 -0.000184347 -0.00219666 -0.00296517 -0.00336457 0.00112033 -0.00264108 -0.00268326 0.00270047 -0.00254875 -0.00296914 -0.000739889 0.00620074 -0.00192656 6.62591e-05 -0.00350129 -0.00125055 0.00704046
internal_weight=7506 7234 5758 5330 4961 1046 1476 272 3915 614 241 862 428 373 781 369 147 311 679 165 208 264 226 176 135 137
internal_count=7506 7234 5758 5330 4961 1046 1476 272 3915 614 241 862 428 373 781 369 147 311 679 165 208 264 226 176 135 137
is_linear=0
shrinkage=0.02


Tree=9
num_leaves=31
num_cat=0
split_feature=16 37 37 35 36 38 37 35 16 35 27 33 36 34 26 36 40 45 39 36 38 48 40 11 44 42 47 43 40 35
split_gain=14.507 14.7171 22.1739 10.6159 8.13747 7.73667 7.33074 6.4287 4.02921 3.05695 2.59442 2.53633 1.76355 1.67309 1.46815 1.29414 1.23384 1.39836 1.17333 1.12431 0.965369 0.663785 0.684631 0.626217 0.534727 0.416352 0.388982 0.335897 0.0928682 0.0356498
threshold=0.017916504293680195 0.027630368247628215 0.020188762806355957 0.43176925182342535 0.52070298790931713 -0.20065812021493909 0.013557007536292078 0.23045801371335986 0.017279217019677166 -0.11833541840314864 -0.0029893538448959585 -0.0025626142742112275 0.23259427398443225 -0.0055744100827723733 0.031257444992661483 0.74070703983306896 1.1074197888374331 0.86720469594001781 0.95786288380622875 0.29305765032768255 -0.13779167830944059 0.26724137365818029 1.2279538512229922 0.014117351267486812 0.022973085753619674 0.00073704106034711014 0.5524578094482423 -0.01298370538279414 0.96440953016281139 0.058844901621341712
decision_type=2 2 2 2 2 2 2 2 2 2 2 2 2 2 2 2 2 2 2 2 2 2 2 2 2 2 2 2 2 2
left_child=6 2 3 5 9 -2 12 -7 13 -4 -11 20 16 19 -3 18 17 23 -5 -8 -10 -16 24 -1 -23 -15 -18 -17 -27 -28
right_child=1 14 4 15 -6 7 8 -9 11 10 -12 -13 -14 25 21 27 26 -19 -20 -21 -22 22 -24 -25 -26 28 29 -29 -30 -31
leaf_value=-0.0030644144063685873 0.0056803245614405326 -0.00027743958527488366 0.00098178009032879199 -0.00038988906162779318 -0.0014518953895477475 -0.00010655782861879477 0.0047236476233364008 0.0016435511672183681 0.0013117837357422104 0.0017288549908072404 0.0054989577933461046 -0.0049807579542429726 -0.0055811476641671456 -0.00085557223281448739 -0.0015343543965338675 -0.0028728038751409013 -0.0024297662687613 0.00037112857385072857 -0.0029817201053668908 0.0012152388568789688 -0.0017931885490385449 -0.0023047537825595919 -0.0012876376358648906 -0.0015329823240890425 -0.0042280110624713539 0.0014140718886480918 -0.0037132589052859188 -0.0051468082679671113 0.00027225925049020183 -0.0052249043457008697
leaf_weight=306 111 102 89 122 103 2918 66 1175 61 89 553 78 91 99 118 64 64 77 167 86 104 98 62 185 233 60 71 84 60 71
leaf_count=306 111 102 89 122 103 2918 66 1175 61 89 553 78 91 99 118 64 64 77 167 86 104 98 62 185 233 60 71 84 60 71
internal_value=1.02759e-05 0.000442185 0.000771709 0.000230949 0.0037681 0.000540149 -0.00176421 0.000396447 -8.96272e-05 0.0045079 0.00498833 -0.00207869 -0.00294731 0.00121673 -0.00248876 -0.00272472 -0.002616 -0.00211106 -0.00190626 0.00280702 -0.000636411 -0.00292402 -0.00332396 -0.00250224 -0.0036874 8.54527e-05 -0.0039532 -0.00424669 0.000871861 -0.00456844
internal_weight=7567 6088 5475 4641 834 4204 1479 4093 614 731 642 243 865 371 613 437 774 568 289 152 165 511 393 491 331 219 206 148 120 142
internal_count=7567 6088 5475 4641 834 4204 1479 4093 614 731 642 243 865 371 613 437 774 568 289 152 165 511 393 491 331 219 206 148 120 142
is_linear=0
shrinkage=0.02


end of trees

feature_importances:
universe58_loo_log_return_126=37
universe58_loo_realized_volatility_20=31
universe58_loo_drawdown_252=23
universe58_loo_log_return_20=22
cross_section_return_dispersion=20
universe58_loo_log_return_60=11
source_beta_universe58_252=11
universe58_loo_log_return_1=9
source_correlation_universe58_60=7
cross_section_volatility_60_percentile=7
source_log_return_60=6
source_realized_volatility_60=6
source_return_skewness_60=6
source_residual_momentum_126=6
cross_section_momentum_126_percentile=6
source_parkinson_volatility_20=5
source_distance_from_252_session_low=5
source_downside_volatility_60=4
source_momentum_12_1=3
source_beta_universe58_60=3
source_residual_momentum_20=3
source_log_return_5=2
source_log_return_126=2
source_intraday_log_range=2
source_realized_volatility_20=2
source_downside_volatility_20=2
cross_section_positive_return_breadth=2
source_bollinger_bandwidth_20=2
source_idiosyncratic_volatility_60=2
cross_section_beta_60_percentile=2
source_log_return_252=1
source_drawdown_from_252_session_peak=1
source_close_ma200_ratio=1
source_overnight_gap_1=1
source_max_daily_log_return_20=1
source_volatility_ratio_20_60=1

parameters:
[boosting: gbdt]
[objective: huber]
[metric: huber]
[tree_learner: serial]
[device_type: cpu]
[data_sample_strategy: bagging]
[data: ]
[valid: ]
[num_iterations: 10]
[learning_rate: 0.02]
[num_leaves: 47]
[num_threads: 12]
[seed: 32159]
[deterministic: 1]
[force_col_wise: 1]
[force_row_wise: 0]
[histogram_pool_size: -1]
[max_depth: 6]
[min_data_in_leaf: 60]
[min_sum_hessian_in_leaf: 0.001]
[bagging_fraction: 0.9]
[pos_bagging_fraction: 1]
[neg_bagging_fraction: 1]
[bagging_freq: 1]
[bagging_seed: 32159]
[bagging_by_query: 0]
[feature_fraction: 0.9]
[feature_fraction_bynode: 1]
[feature_fraction_seed: 32159]
[extra_trees: 0]
[extra_seed: 3631]
[early_stopping_round: 0]
[early_stopping_min_delta: 0]
[first_metric_only: 0]
[max_delta_step: 0]
[lambda_l1: 0.05]
[lambda_l2: 3]
[linear_lambda: 0]
[min_gain_to_split: 0]
[drop_rate: 0.1]
[max_drop: 50]
[skip_drop: 0.5]
[xgboost_dart_mode: 0]
[uniform_drop: 0]
[drop_seed: 26552]
[top_rate: 0.2]
[other_rate: 0.1]
[min_data_per_group: 100]
[max_cat_threshold: 32]
[cat_l2: 10]
[cat_smooth: 10]
[max_cat_to_onehot: 4]
[top_k: 20]
[monotone_constraints: ]
[monotone_constraints_method: basic]
[monotone_penalty: 0]
[feature_contri: ]
[forcedsplits_filename: ]
[refit_decay_rate: 0.9]
[cegb_tradeoff: 1]
[cegb_penalty_split: 0]
[cegb_penalty_feature_lazy: ]
[cegb_penalty_feature_coupled: ]
[path_smooth: 0]
[interaction_constraints: ]
[verbosity: -1]
[saved_feature_importance_type: 0]
[use_quantized_grad: 0]
[num_grad_quant_bins: 4]
[quant_train_renew_leaf: 0]
[stochastic_rounding: 1]
[linear_tree: 0]
[max_bin: 255]
[max_bin_by_feature: ]
[min_data_in_bin: 3]
[bin_construct_sample_cnt: 200000]
[data_random_seed: 32159]
[is_enable_sparse: 1]
[enable_bundle: 1]
[use_missing: 1]
[zero_as_missing: 0]
[feature_pre_filter: 1]
[pre_partition: 0]
[two_round: 0]
[header: 0]
[label_column: ]
[weight_column: ]
[group_column: ]
[ignore_column: ]
[categorical_feature: ]
[forcedbins_filename: ]
[precise_float_parser: 0]
[parser_config_file: ]
[objective_seed: 4789]
[num_class: 1]
[is_unbalance: 0]
[scale_pos_weight: 1]
[sigmoid: 1]
[boost_from_average: 1]
[reg_sqrt: 0]
[alpha: 0.9]
[fair_c: 1]
[poisson_max_delta_step: 0.7]
[tweedie_variance_power: 1.5]
[lambdarank_truncation_level: 30]
[lambdarank_norm: 1]
[label_gain: ]
[lambdarank_position_bias_regularization: 0]
[eval_at: ]
[multi_error_top_k: 1]
[auc_mu_weights: ]
[num_machines: 1]
[local_listen_port: 12400]
[time_out: 120]
[machine_list_filename: ]
[machines: ]
[gpu_platform_id: -1]
[gpu_device_id: -1]
[gpu_use_dp: 0]
[num_gpu: 1]

end of parameters

pandas_categorical:[]
