tree
version=v4
num_class=1
num_tree_per_iteration=1
label_index=0
max_feature_idx=48
objective=quantile
feature_names=source_log_return_1 source_log_return_5 source_log_return_20 source_log_return_60 source_log_return_126 source_log_return_252 source_intraday_log_range source_close_to_open_log_return source_realized_volatility_20 source_realized_volatility_60 source_downside_volatility_20 source_downside_volatility_60 source_drawdown_from_60_session_peak source_drawdown_from_252_session_peak cross_section_momentum_20_percentile cross_section_positive_return_breadth cross_section_return_dispersion source_momentum_12_1 source_ma5_ma20_ratio source_close_ma50_ratio source_close_ma200_ratio source_rsi_14 source_bollinger_pct_b_20 source_bollinger_bandwidth_20 source_adx_14 source_directional_index_spread_14 source_parkinson_volatility_20 source_overnight_gap_1 source_positive_day_ratio_20 source_max_daily_log_return_20 source_return_skewness_60 source_distance_from_252_session_low source_volatility_ratio_20_60 universe58_loo_log_return_1 universe58_loo_log_return_20 universe58_loo_log_return_60 universe58_loo_log_return_126 universe58_loo_realized_volatility_20 universe58_loo_drawdown_252 source_beta_universe58_60 source_beta_universe58_252 source_correlation_universe58_60 source_residual_momentum_20 source_residual_momentum_126 source_idiosyncratic_volatility_60 cross_section_momentum_126_percentile cross_section_momentum_252_percentile cross_section_volatility_60_percentile cross_section_beta_60_percentile
feature_infos=[-0.2207123190164566:0.182477205991745] [-0.54819971323013306:0.44636186957359314] [-1.1351611614227295:1.077221155166626] [-1.1748896837234497:1.5560240745544434] [-1.0490233898162842:2.3170430660247803] [-1.2514438629150391:2.9264204502105713] [0:0.27988538146018982] [-0.16868740320205688:0.25632256269454956] [0.0055316057987511158:0.11531444638967514] [0.0079651456326246262:0.088721774518489838] [0.00095409812638536096:0.092050075531005859] [0.0049325018189847469:0.063900329172611237] [-0.71968960762023926:0] [-0.76062244176864624:0] [0.017241379246115685:1] [0.017241379246115685:1] [0.0096504408866167068:0.043657612055540085] [-1.3928108215332031:2.8910765647888184] [-0.47595494985580444:0.57290768623352051] [-0.62940984964370728:1.5476077795028687] [-0.57781422138214111:3.874976634979248] [0:100] [-0.40451541543006897:1.4870842695236206] [0.015483886934816837:1.7820020914077759] [6.1712346076965332:84.119827270507812] [-54.177944183349609:77.140235900878906] [0.0063288267701864243:0.099167443811893463] [-0.22113896906375885:0.095378585159778595] [0.10000000149011612:0.89999997615814209] [0.005115102045238018:0.18252909183502197] [-4.4435362815856934:3.4834246635437012] [0:18.523586273193359] [0.17268767952919006:1.6647372245788574] [-0.092919811606407166:0.057573974132537842] [-0.39400303363800049:0.26549568772315979] [-0.32455301284790039:0.55794161558151245] [-0.30797004699707031:0.86915600299835205] [0.005578002892434597:0.041373930871486664] [-0.35748890042304993:0] [-0.96327811479568481:2.3354122638702393] [0.20776782929897308:1.7303366661071777] [-0.25081929564476013:0.94294917583465576] [-1.1516678333282471:1.0071370601654053] [-1.3436253070831299:1.9539748430252075] [0.0059593440964818001:0.072794802486896515] [0.017241379246115685:1] [0.017241379246115685:1] [0.017241379246115685:1] [0.017241379246115685:1]
tree_sizes=1482 1259 1255 1259 1259 1259 995 1256 1358 1168 1262 992 1165 978 1256 1265 1365 1364 1161 1158 1270 994 1265 1358 1164 1536 1257 1361

Tree=0
num_leaves=15
num_cat=0
split_feature=17 38 35 38 35 35 34 38 4 42 48 32 20 34
split_gain=49.2322 34.2437 35.4795 32.4896 31.9799 27.0171 38.4406 18.1079 16.1633 10.2457 6.11118 5.44129 3.97031 3.62191
threshold=0.099039532244205489 -0.11331968754529952 0.17268454283475879 -0.28619307279586786 -0.14790331572294232 0.39392057061195379 0.12188147008419038 -0.084287427365779863 -0.097576607018709169 0.029633748345077041 0.41966252028942114 1.0670031905174258 -0.095480747520923601 0.049872692674398429
decision_type=2 2 2 2 2 2 2 2 2 2 2 2 2 2
left_child=1 3 7 12 11 6 -6 -3 -5 -4 -7 13 -1 -2
right_child=4 2 9 8 5 10 -8 -9 -10 -11 -12 -13 -14 -15
leaf_value=0.084818751178681845 0.084104757569730279 0.082567968405783176 0.079550520051270723 0.080796684022061527 0.083461841940879827 0.082786299195140606 0.08618575576692819 0.085489165037870407 0.08195869773626327 0.083741872850805518 0.080009296163916582 0.088701280578970906 0.082800522819161421 0.086827633343636995
leaf_weight=380 199 445 518 1354 8461 231 1754 1100 1031 192 324 226 142 120
leaf_count=380 199 445 518 1354 8461 231 1754 1100 1031 192 324 226 142 120
internal_value=0.0833399 0.0813182 0.0836278 0.0795271 0.0842633 0.083962 0.0842552 0.0857548 0.0782918 0.0790233 0.0786166 0.0901448 0.0851535 0.0878871
internal_weight=16477 5162 2255 2907 11315 10770 10215 1545 2385 710 555 545 522 319
internal_count=16477 5162 2255 2907 11315 10770 10215 1545 2385 710 555 545 522 319
is_linear=0
shrinkage=1


Tree=1
num_leaves=12
num_cat=0
split_feature=36 37 36 37 35 15 16 11 38 40 40
split_gain=71.7125 56.3552 89.509 33.0302 34.9786 30.0507 27.8867 24.3273 4.87849 0.60566 2.44971
threshold=-0.20148216933012006 0.015850429423153404 0.39146599173545843 0.010434524156153204 0.067380785942077651 0.15205428749322894 0.035816960036754615 0.012635311577469112 -0.26762485504150385 0.74667340517044078 1.023935914039612
decision_type=2 2 2 2 2 2 2 2 2 2 2
left_child=8 3 5 4 -2 -3 -4 -5 -1 -10 -11
right_child=1 2 6 7 -6 -7 -8 -9 9 10 -12
leaf_value=-0.001485290573909879 0.0022773991990834475 -0.00098863156978040928 -0.0016924092406407 -0.0024242007452994589 -0.00044691174291074283 0.0029383008251897993 0.0075870017847046254 -0.00058493960183113802 -0.0046073252856149343 -0.0025978029443649575 -0.0049552898071124219
leaf_weight=211 1434 433 1730 1174 2626 3272 144 4907 170 162 248
leaf_count=211 1434 433 1730 1174 2626 3272 144 4907 170 162 248
internal_value=2.6111e-05 0.000397059 0.00241426 -0.000712719 0.00103167 0.00466476 -0.00203233 -0.00187829 -0.00729428 -0.00849359 -0.00763554
internal_weight=16511 15720 5579 10141 4060 3705 1874 6081 791 580 410
internal_count=16511 15720 5579 10141 4060 3705 1874 6081 791 580 410
is_linear=0
shrinkage=0.025


Tree=2
num_leaves=12
num_cat=0
split_feature=33 16 17 38 35 27 35 38 37 34 35
split_gain=41.8554 32.4839 26.9246 21.5508 21.4696 18.4504 15.6351 14.7608 7.22477 2.45771 0.87158
threshold=0.01317585399374366 0.037212114781141288 0.10894019529223443 -0.11395819112658499 0.41441875696182257 0.011921612545847894 0.38740153610706335 -0.12644485384225843 0.017107049934566024 0.17233534902334216 0.10538654401898385
decision_type=2 2 2 2 2 2 2 2 2 2 2
left_child=1 2 3 -1 -4 6 7 -2 -7 -8 -10
right_child=5 -3 4 -5 -6 8 9 -9 10 -11 -12
leaf_value=-0.0016869728617020883 -0.00012845946045126795 0.0082919250304112208 0.00016647356358589599 -0.00033197133050998675 -0.0033737145670456811 0.0008097469693748281 -0.0023285962213994938 0.0025021073451498522 0.0058810822412488058 -0.00035424577738740471 0.0034939173868042423
leaf_weight=2398 777 143 8795 2072 277 133 134 1335 221 126 126
leaf_count=2398 777 143 8795 2072 277 133 134 1335 221 126 126
internal_value=-5.02509e-05 -0.000625 -0.000752473 -0.00233939 2.96078e-05 0.0027017 0.00178534 0.00250059 0.00715206 -0.00393868 0.00903764
internal_weight=16537 13685 13542 4470 9072 2852 2372 2112 480 260 347
internal_count=16537 13685 13542 4470 9072 2852 2372 2112 480 260 347
is_linear=0
shrinkage=0.025


Tree=3
num_leaves=12
num_cat=0
split_feature=36 37 36 37 36 15 16 16 48 38 40
split_gain=72.4026 49.6739 89.2768 27.935 30.6934 27.2753 24.2954 21.9166 4.58886 2.66838 1.31161
threshold=-0.20148216933012006 0.015850429423153404 0.40289239585399633 0.010434524156153204 0.41643764078617101 0.15205428749322894 0.020029208622872833 0.035816960036754615 0.8479457199573518 -0.28619307279586786 1.0565382838249209
decision_type=2 2 2 2 2 2 2 2 2 2 2
left_child=8 3 5 4 -2 -3 -5 -4 9 -1 -11
right_child=1 2 7 6 -6 -7 -8 -9 -10 10 -12
leaf_value=-0.0014405733317238629 4.0163549872522523e-05 -0.00081836211535701278 -0.001814493663674512 -0.0016802572035943743 0.0051503317561880976 0.002788773335334554 -9.0935498308681803e-05 0.0069589210594625918 -0.0013816526580034405 -0.003277529721779865 -0.0053142256951308814
leaf_weight=124 3535 451 1651 3059 518 3284 3028 130 120 370 155
leaf_count=124 3535 451 1651 3059 518 3284 3028 130 120 370 155
internal_value=-4.94522e-06 0.000363562 0.00227201 -0.000674593 0.000931801 0.00446691 -0.00174512 -0.00232713 -0.00746932 -0.00830466 -0.00911557
internal_weight=16425 15656 5516 10140 4053 3735 6087 1781 769 649 525
internal_count=16425 15656 5516 10140 4053 3735 6087 1781 769 649 525
is_linear=0
shrinkage=0.025


Tree=4
num_leaves=12
num_cat=0
split_feature=36 37 36 37 35 15 16 38 48 38 35
split_gain=68.2874 46.8601 94.4004 30.8419 31.2255 24.7988 22.8732 17.75 5.32349 2.15252 1.28021
threshold=-0.20148216933012006 0.01492935372516513 0.3876872211694718 0.0097011434845626372 0.067380785942077651 0.15205428749322894 0.035816960036754615 -0.28619307279586786 0.8479457199573518 -0.26762485504150385 -0.083452139049768434
decision_type=2 2 2 2 2 2 2 2 2 2 2
left_child=8 3 5 4 -2 -3 -4 -5 9 -1 -11
right_child=1 2 6 7 -6 -7 -8 -9 -10 10 -12
leaf_value=-0.0016400734809140342 0.0024464216017836956 -0.00081624945933876029 -0.0019192839322318836 0.00090931247144795642 -0.00045884333110265269 0.0025828206525964556 0.0076618924030781637 -0.0011947927469326165 -0.0011149014878207165 -0.0033854378425998591 -0.0045548369467831801
leaf_weight=181 1215 445 1811 491 2069 3692 133 5855 124 191 293
leaf_count=181 1215 445 1811 491 2069 3692 133 5855 124 191 293
internal_value=-6.47531e-05 0.000296274 0.00201384 -0.000788142 0.00117627 0.00414806 -0.00252373 -0.00180582 -0.0072182 -0.00810634 -0.0090363
internal_weight=16500 15711 6081 9630 3284 4137 1944 6346 789 665 484
internal_count=16500 15711 6081 9630 3284 4137 1944 6346 789 665 484
is_linear=0
shrinkage=0.025


Tree=5
num_leaves=12
num_cat=0
split_feature=36 37 36 37 35 15 16 11 48 38 40
split_gain=65.2948 48.3691 84.6584 27.4165 35.056 23.5192 22.104 20.5279 5.87909 2.41807 1.06485
threshold=-0.20148216933012006 0.014846436679363252 0.39146599173545843 0.010434524156153204 0.067380785942077651 0.15205428749322894 0.035816960036754615 0.012708930764347317 0.8479457199573518 -0.26762485504150385 1.0565382838249209
decision_type=2 2 2 2 2 2 2 2 2 2 2
left_child=8 3 5 4 -2 -3 -4 -5 9 -1 -11
right_child=1 2 6 7 -6 -7 -8 -9 -10 10 -12
leaf_value=-0.0016760923167650971 0.0020968657753149011 -0.00090425978994618976 -0.0018199481120306567 -0.0022126968502264653 -0.000621502996898897 0.0025054891211515997 0.0067701998782051442 -0.00062487620242970452 -0.00093090584984597538 -0.0032011576934848057 -0.0050706044999300091
leaf_weight=180 1412 444 1801 1143 2673 3893 142 4233 126 338 140
leaf_count=180 1412 444 1801 1143 2673 3893 142 4233 126 338 140
internal_value=5.48246e-05 0.000406849 0.0021072 -0.000721662 0.000820599 0.00404911 -0.00222343 -0.0018944 -0.00696293 -0.00790913 -0.00888975
internal_weight=16525 15741 6280 9461 4085 4337 1943 5376 784 658 478
internal_count=16525 15741 6280 9461 4085 4337 1943 5376 784 658 478
is_linear=0
shrinkage=0.025


Tree=6
num_leaves=9
num_cat=0
split_feature=16 33 38 37 35 37 38 33
split_gain=35.9499 37.9821 31.4038 32.5976 31.7191 30.5783 43.9629 22.6954
threshold=0.037212114781141288 0.0059098503552377233 -0.009403936564922331 0.0090297367423772829 0.11671003326773645 0.020956142805516723 -0.088379193097352968 0.033865874633193023
decision_type=2 2 2 2 2 2 2 2
left_child=1 2 3 -1 -4 6 -3 -7
right_child=-2 5 4 -5 -6 7 -8 -9
leaf_value=0.0021728818517376424 0.0068998921465673844 -0.0010431590026297546 0.0044465888748436077 -0.00050423466865790161 -0.003567750271091331 0.0049777268827739529 0.0014024126807174707 -0.0010231804627103488
leaf_weight=1079 205 1852 152 7278 1622 799 3267 233
leaf_count=1079 205 1852 152 7278 1622 799 3267 233
internal_value=-9.47429e-06 -0.000142368 -0.00108339 -0.000440236 -0.00409992 0.00140615 0.000611095 0.00532184
internal_weight=16487 16282 10131 8357 1774 6151 5119 1032
internal_count=16487 16282 10131 8357 1774 6151 5119 1032
is_linear=0
shrinkage=0.025


Tree=7
num_leaves=12
num_cat=0
split_feature=36 33 37 36 35 36 37 37 38 20 40
split_gain=63.7342 42.1912 26.7982 56.2139 27.1951 25.1942 21.4279 18.5507 5.12205 3.25881 0.745837
threshold=-0.20148216933012006 0.01317585399374366 0.014888665638864042 0.3876872211694718 0.067380785942077651 0.48402683436870581 0.019036157056689266 0.017107049934566024 -0.26762485504150385 -0.25081078708171839 1.023935914039612
decision_type=2 2 2 2 2 2 2 2 2 2 2
left_child=8 2 4 -4 -2 6 -3 -7 -1 -10 -11
right_child=1 5 3 -5 -6 7 -8 -9 9 10 -12
leaf_value=-0.0010406460197664659 0.00022799817749518964 0.0012649684848511202 0.0019390032568990792 -0.0016980661575444291 -0.0016035061105480913 0.0015804288737258428 0.0051398225164280449 -0.0031395334625221373 -0.0016849173808369687 -0.0031232446416013487 -0.0052898516593243771
leaf_weight=217 3976 1359 2991 1451 4613 334 666 238 127 288 157
leaf_count=217 3976 1359 2991 1451 4613 334 666 238 127 288 157
internal_value=6.88863e-05 0.000420185 -0.000159654 0.00141528 -0.000975244 0.00332677 0.00463362 -0.00128899 -0.00684037 -0.00809142 -0.009125
internal_weight=16417 15628 13031 4442 8589 2597 2025 572 789 572 445
internal_count=16417 15628 13031 4442 8589 2597 2025 572 789 572 445
is_linear=0
shrinkage=0.025


Tree=8
num_leaves=13
num_cat=0
split_feature=17 38 38 16 33 38 37 37 37 37 37 41
split_gain=42.3496 28.756 34.5969 26.7429 26.0015 32.3225 21.2933 18.6525 17.7767 13.4585 6.86267 3.18601
threshold=0.19117566943168643 -0.11331968754529952 -0.28619307279586786 0.037212114781141288 0.0060703584458678969 -0.024234930984675881 0.022703486494719986 0.016860834322869781 0.020805745385587219 0.010539748240262272 0.024502189829945568 0.67683714628219616
decision_type=2 2 2 2 2 2 2 2 2 2 2 2
left_child=1 2 11 4 5 -2 -4 9 -6 -3 -9 -1
right_child=3 7 6 -5 8 -7 -8 10 -10 -11 -12 -13
leaf_value=0.00030029752023776513 0.00062892019922102741 0.00058456847936752922 -0.00211328606993306 0.0071952028654303883 0.00092431795517951157 -0.0021659967220081042 0.0019601535938733789 0.0027899751995721727 0.0044113853303625805 -0.0012600592292053934 7.0671050176099659e-05 0.0021973071259867756
leaf_weight=357 4438 1255 2529 164 3064 1743 212 309 763 1295 129 224
leaf_count=357 4438 1255 2529 164 3064 1743 212 309 763 1295 129 224
internal_value=4.51113e-05 -0.00156275 -0.00316163 0.00104341 0.000875737 -0.000126293 -0.00433585 0.000215085 0.0024938 -0.000604207 0.00495203 0.00235708
internal_weight=16482 6310 3322 10172 10008 6181 2741 2988 3827 2550 438 581
internal_count=16482 6310 3322 10172 10008 6181 2741 2988 3827 2550 438 581
is_linear=0
shrinkage=0.025


Tree=9
num_leaves=11
num_cat=0
split_feature=36 33 16 35 36 16 36 13 38 35
split_gain=59.4028 43.6191 34.2225 26.8632 24.3732 16.9963 11.178 4.99683 3.49437 1.02394
threshold=-0.20148216933012006 0.01317585399374366 0.037212114781141288 0.16167373955249789 0.48402683436870581 0.028761890716850761 -0.036149557679891579 -0.4518864899873733 -0.26762485504150385 -0.083452139049768434
decision_type=2 2 2 2 2 2 2 2 2 2
left_child=7 2 3 -2 6 -6 -3 -1 -9 -10
right_child=1 4 -4 -5 5 -7 -8 8 9 -11
leaf_value=-0.00089945057594903888 0.00021959883676016378 0.00011429097946005114 0.0074911310919348276 -0.0014365311424178052 -0.0031209824386679856 0.0020539052680696875 0.0028834375996536579 -0.0018882484424553967 -0.0026808089584223287 -0.0043084687505470067
leaf_weight=140 8834 310 151 4102 308 281 1716 157 209 282
leaf_count=140 8834 310 151 4102 308 281 1716 157 209 282
internal_value=3.14489e-05 0.000368864 -0.000220077 -0.000360772 0.00331345 -0.00114689 0.00461288 -0.00664407 -0.00757083 -0.00863155
internal_weight=16490 15702 13087 12936 2615 589 2026 788 648 491
internal_count=16490 15702 13087 12936 2615 589 2026 788 648 491
is_linear=0
shrinkage=0.025


Tree=10
num_leaves=12
num_cat=0
split_feature=36 37 36 15 37 35 16 16 13 38 35
split_gain=59.1396 40.134 72.3892 24.5911 23.7327 28.8258 24.1576 19.7022 5.52431 3.52036 1.13708
threshold=-0.20148216933012006 0.015850429423153404 0.39146599173545843 0.15205428749322894 0.0097011434845626372 0.16692108660936358 0.020029208622872833 0.035816960036754615 -0.46396459639072413 -0.26762485504150385 -0.083452139049768434
decision_type=2 2 2 2 2 2 2 2 2 2 2
left_child=8 4 3 -3 5 -2 -6 -4 -1 -10 -11
right_child=1 2 7 -5 6 -7 -8 -9 9 10 -12
leaf_value=-0.00078623672479874072 0.0015035334457628342 -0.00091976285938149378 -0.0016046824974069716 0.0025465417179554757 -0.001471274558036143 -0.0021493861444553861 6.5984067016354797e-05 0.0057911282732310172 -0.0017660386723071049 -0.002760424946632492 -0.003988249903564862
leaf_weight=123 2286 433 1696 3261 3510 956 3323 140 163 214 294
leaf_count=123 2286 433 1696 3261 3510 956 3323 140 163 214 294
internal_value=8.0011e-06 0.000347934 0.00205849 0.00407374 -0.000590898 0.00116839 -0.00142677 -0.0019928 -0.00662547 -0.00751664 -0.00856481
internal_weight=16399 15605 5530 3694 10075 3242 6833 1836 794 671 508
internal_count=16399 15605 5530 3694 10075 3242 6833 1836 794 671 508
is_linear=0
shrinkage=0.025


Tree=11
num_leaves=9
num_cat=0
split_feature=34 31 26 37 31 38 35 35
split_gain=31.9897 37.5812 29.2109 23.8554 19.9107 19.7623 45.4241 25.296
threshold=-0.21102287620306012 0.60012251138687145 0.034077724441885955 0.018635294400155548 1.6346272826194765 -0.10087846592068671 0.16692108660936358 -0.012223113328218458
decision_type=2 2 2 2 2 2 2 2
left_child=-1 5 3 -3 -4 7 -7 -2
right_child=1 2 4 -5 -6 6 -8 -9
leaf_value=0.0051911958828601869 -0.00046255589957338135 0.00058110100702015962 0.00082103725876719186 0.0033156236063694999 -0.0024475045270779218 0.0010766853189358126 -0.0027413403244598566 -0.002280399633289978
leaf_weight=206 2753 5687 877 1307 1049 1946 1056 1550
leaf_count=206 2753 5687 877 1307 1049 1946 1056 1550
internal_value=1.40697e-05 -0.000111291 0.000976891 0.00172793 -0.00174456 -0.00144066 0.000114317 -0.00252582
internal_weight=16431 16225 8920 6994 1926 7305 3002 4303
internal_count=16431 16225 8920 6994 1926 7305 3002 4303
is_linear=0
shrinkage=0.025


Tree=12
num_leaves=11
num_cat=0
split_feature=17 16 34 37 44 37 42 46 3 3
split_gain=37.0397 26.2186 25.2756 22.3841 20.9565 18.3204 9.53825 10.3074 5.3163 3.87236
threshold=0.11989496275782587 0.037212114781141288 0.1424529850482941 0.019726802594959739 0.028866618871688846 0.022703486494719986 -0.079399902373552309 0.50438597798347484 -0.11562347784638403 0.081237860023975386
decision_type=2 2 2 2 2 2 2 2 2 2
left_child=5 2 4 -4 -2 6 9 -8 -7 -1
right_child=1 -3 3 -5 -6 8 7 -9 -10 -11
leaf_value=-0.0013448831827689541 0.00045745286864898077 0.0064190573980634109 0.0013976031126841859 0.0078469905449843318 -0.0014866886577923016 0.0030130379074258078 -0.00046653715945989185 -0.0017443665838121779 0.00032919481083618573 -0.0045960039345760454
leaf_weight=705 7695 175 1312 244 1580 166 3334 905 187 130
leaf_count=705 7695 175 1312 244 1580 166 3334 905 187 130
internal_value=1.25471e-05 0.000846313 0.0006881 0.00363149 0.000191945 -0.00167641 -0.00206118 -0.00157428 0.00378841 -0.00450149
internal_weight=16433 11006 10831 1556 9275 5427 5074 4239 353 835
internal_count=16433 11006 10831 1556 9275 5427 5074 4239 353 835
is_linear=0
shrinkage=0.025


Tree=13
num_leaves=9
num_cat=0
split_feature=36 16 34 36 36 48 40 40
split_gain=56.2557 29.7286 23.5558 30.8662 12.0117 4.71899 4.08902 10.5918
threshold=-0.20148216933012006 0.037212114781141288 0.16716678440570834 0.32145743072032934 0.6953432857990266 0.8479457199573518 1.0333458781242373 0.73994007706642162
decision_type=2 2 2 2 2 2 2 2
left_child=5 2 3 -2 -4 6 7 -1
right_child=1 -3 4 -5 -6 -7 -8 -9
leaf_value=-0.0031344922631363573 0.0003341708714876969 0.0060610679984188075 0.0031401419631201378 -0.0011426018446849008 -0.0022593775634655684 -0.00088047331716928053 -0.0041422909748875941 -0.001396972534876514
leaf_weight=245 10204 199 1027 4130 131 124 205 202
leaf_count=245 10204 199 1027 4130 131 124 205 202
internal_value=2.61808e-05 0.000352399 0.00022706 -5.01255e-05 0.00364897 -0.00652209 -0.00737253 -0.00587666
internal_weight=16467 15691 15492 14334 1158 776 652 447
internal_count=16467 15691 15492 14334 1158 776 652 447
is_linear=0
shrinkage=0.025


Tree=14
num_leaves=12
num_cat=0
split_feature=36 33 36 36 17 10 27 38 44 20 2
split_gain=56.3618 36.3045 24.4892 18.9344 22.945 14.4826 11.2835 5.31056 4.02829 2.4344 0.850244
threshold=-0.20148216933012006 0.01317585399374366 0.48402683436870581 0.61021390557289135 0.10894019529223443 0.02018658816814423 0.014367795549333097 -0.26762485504150385 0.023954113945364956 -0.25081078708171839 0.055253328755497939
decision_type=2 2 2 2 2 2 2 2 2 2 2
left_child=7 3 6 4 -2 -4 -3 -1 -5 -9 -11
right_child=1 2 5 8 -6 -7 -8 9 -10 10 -12
leaf_value=-0.0011563599166720066 -0.0007084297512617091 0.0017336164255373023 0.00079851396645594028 -0.0012395178388269125 0.00044225502115288301 -0.0038951015484874271 0.004778408648483657 -0.0017052702120521929 -0.0046675273679500076 -0.0037339806389363782 -0.0032455209892906047
leaf_weight=213 4033 1705 405 140 8588 198 317 126 296 304 142
leaf_count=213 4033 1705 405 140 8588 198 317 126 296 304 142
internal_value=-1.10035e-05 0.000316743 0.00299667 -0.000222497 -4.40559e-05 -0.00140831 0.00431364 -0.0065269 -0.00531463 -0.00778813 -0.00868902
internal_weight=16467 15682 2625 13057 12621 603 2022 785 436 572 446
internal_count=16467 15682 2625 13057 12621 603 2022 785 436 572 446
is_linear=0
shrinkage=0.025


Tree=15
num_leaves=12
num_cat=0
split_feature=36 37 36 37 33 16 36 9 40 38 40
split_gain=50.7995 41.431 63.1822 23.6905 28.8465 22.8653 19.1757 18.9431 4.81514 4.04449 2.54572
threshold=-0.20148216933012006 0.015850429423153404 0.39146599173545843 0.0097011434845626372 -0.0043530962429940692 0.020029208622872833 0.61021390557289135 0.028282874263823036 0.72025907039642345 -0.26762485504150385 1.0333458781242373
decision_type=2 2 2 2 2 2 2 2 2 2 2
left_child=8 3 7 4 -2 -5 -4 -3 -1 -10 -11
right_child=1 2 6 5 -6 -7 -8 -9 9 10 -12
leaf_value=-0.0030491475308209591 -0.0029096951588504444 0.00096557554509607362 -6.1747054843670245e-05 -0.0014928962828435633 0.0012659368878733535 4.172436044493026e-05 -0.0034112778972624383 0.0031892892615138463 -0.00059638728401123552 -0.0018662387221102098 -0.0038731356436182622
leaf_weight=213 494 1681 1360 3500 2811 3348 487 2013 150 182 229
leaf_count=213 494 1681 1360 3500 2811 3348 487 2013 150 182 229
internal_value=4.51496e-05 0.00035472 0.00209272 -0.000593744 0.00114237 -0.00143277 -0.00167724 0.00397912 -0.00618582 -0.0048697 -0.00614483
internal_weight=16468 15694 5541 10153 3305 6848 1847 3694 774 561 411
internal_count=16468 15694 5541 10153 3305 6848 1847 3694 774 561 411
is_linear=0
shrinkage=0.025


Tree=16
num_leaves=13
num_cat=0
split_feature=36 37 36 15 37 35 16 16 34 37 39 4
split_gain=48.3112 37.2628 59.8815 22.8696 22.7167 27.1828 20.7048 19.2027 4.86377 2.77301 2.60712 0.853935
threshold=-0.20148216933012006 0.015850429423153404 0.39146599173545843 0.15205428749322894 0.0097011434845626372 0.067380785942077651 0.020029208622872833 0.035816960036754615 -0.024287732318043705 0.019817023538053039 0.98138442635536205 -0.33447366952896113
decision_type=2 2 2 2 2 2 2 2 2 2 2 2
left_child=8 4 3 -3 5 -2 -6 -4 9 10 -1 -10
right_child=1 2 7 -5 6 -7 -8 -9 11 -11 -12 -13
leaf_value=-0.0018257081547028255 0.0023214093694627303 -0.00088084755987727988 -0.0014474529362445336 0.0023103509144371732 -0.0014372311996352549 -0.00034437435731870039 -1.0973132263285627e-05 0.0057764188589680444 -0.0027093207017143761 -0.0023011519472768706 -7.7181277134628402e-05 -0.0039150911966390825
leaf_weight=124 1223 441 1718 3247 3512 2015 3391 145 139 147 143 236
leaf_count=124 1223 441 1718 3247 3512 2015 3391 145 139 147 143 236
internal_value=-4.92842e-06 0.000299022 0.00194497 0.00378926 -0.000601838 0.00112357 -0.00141231 -0.00170302 -0.00602173 -0.00404236 -0.00241268 -0.00810855
internal_weight=16481 15692 5551 3688 10141 3238 6903 1863 789 414 267 375
internal_count=16481 15692 5551 3688 10141 3238 6903 1863 789 414 267 375
is_linear=0
shrinkage=0.025


Tree=17
num_leaves=13
num_cat=0
split_feature=36 37 36 37 33 15 16 39 13 34 7 9
split_gain=43.8836 37.3313 61.6422 21.3393 29.4652 19.8456 19.2378 15.9286 4.48888 2.22894 2.11149 0.337278
threshold=-0.20148216933012006 0.015850429423153404 0.39146599173545843 0.0097011434845626372 -0.0030400461982935663 0.15205428749322894 0.020029208622872833 0.78808626532554638 -0.44037801027297968 -0.024287732318043705 0.0033298472408205275 0.026414025574922565
decision_type=2 2 2 2 2 2 2 2 2 2 2 2
left_child=8 3 5 4 -2 -3 -5 -4 -1 10 -10 -11
right_child=1 2 7 6 -6 -7 -8 -9 9 11 -12 -13
leaf_value=-0.00065891649636751464 -0.0026047448680383434 -0.00084028662019362344 0.00096457601280863401 -0.0013999780425763544 0.0012440599644369017 0.0022743108417392142 -2.1512203134283794e-05 -0.0017718050567879875 -0.0011108990284717834 -0.0025974052836713656 -0.0027651029193278341 -0.004519974042285109
leaf_weight=158 647 432 494 3556 2611 3264 3376 1346 165 165 144 136
leaf_count=158 647 432 494 3556 2611 3264 3376 1346 165 165 144 136
internal_value=-2.99261e-05 0.000255467 0.00190737 -0.000641859 0.00102475 0.00376756 -0.00142623 -0.00182588 -0.00584573 -0.00681911 -0.00511545 -0.00843546
internal_weight=16494 15726 5536 10190 3258 3696 6932 1840 768 610 309 301
internal_count=16494 15726 5536 10190 3258 3696 6932 1840 768 610 309 301
is_linear=0
shrinkage=0.025


Tree=18
num_leaves=11
num_cat=0
split_feature=36 33 16 35 36 16 15 38 20 40
split_gain=47.3042 34.4845 30.5786 23.891 20.7511 16.4532 8.57097 7.178 2.67043 1.97026
threshold=-0.19051344692707059 0.01317585399374366 0.037212114781141288 0.067380785942077651 0.48402683436870581 0.028761890716850761 0.81896552443504345 -0.26762485504150385 -0.25081078708171839 1.023935914039612
decision_type=2 2 2 2 2 2 2 2 2 2
left_child=7 2 3 -2 6 -6 -3 -1 -9 -10
right_child=1 4 -4 -5 5 -7 -8 8 9 -11
leaf_value=-0.00077699133551735466 0.00039292252655781165 0.0037177097718438623 0.0065267214015335062 -0.00091965742069209698 -0.0027457615365050416 0.0022121257964397771 0.0012619554214529328 -0.0012333208462452852 -0.0024092695505062624 -0.0046742300960547333
leaf_weight=231 5874 669 150 6947 321 282 1320 130 297 166
leaf_count=231 5874 669 150 6947 321 282 1320 130 297 166
internal_value=-5.3761e-05 0.000255733 -0.00027021 -0.000403965 0.00288554 -0.0011616 0.00411547 -0.00587304 -0.00732651 -0.00823985
internal_weight=16387 15563 12971 12821 2592 603 1989 824 593 463
internal_count=16387 15563 12971 12821 2592 603 1989 824 593 463
is_linear=0
shrinkage=0.025


Tree=19
num_leaves=11
num_cat=0
split_feature=36 33 16 36 37 38 37 48 40 39
split_gain=44.9074 34.7551 28.6354 20.6505 19.3935 16.6639 15.2568 5.25729 3.12195 4.75096
threshold=-0.20148216933012006 0.01317585399374366 0.034518796950578697 0.48402683436870581 0.019036157056689266 -0.25227387249469752 0.01696841232478619 0.8479457199573518 1.0333458781242373 0.9050411880016328
decision_type=2 2 2 2 2 2 2 2 2 2
left_child=7 2 5 4 -3 -2 -5 8 9 -1
right_child=1 3 -4 6 -6 -7 -8 -9 -10 -11
leaf_value=-0.0026691396212812912 0.0014517627278891 0.0010986781856051537 0.0051528096147309046 0.0016617406768171382 0.004354456965329696 -0.00032433950579847557 -0.0028883764677428885 -0.00062554531998460481 -0.0035095157750500575 -0.00087735884524896995
leaf_weight=320 522 1386 233 326 647 12296 257 126 205 125
leaf_count=320 522 1386 233 326 647 12296 257 126 205 125
internal_value=-3.07788e-05 0.000260417 -0.00026664 0.00288773 0.00407569 -0.00042648 -0.00124362 -0.00588188 -0.00678435 -0.00545833
internal_weight=16443 15667 13051 2616 2033 12818 583 776 650 445
internal_count=16443 15667 13051 2616 2033 12818 583 776 650 445
is_linear=0
shrinkage=0.025


Tree=20
num_leaves=12
num_cat=0
split_feature=36 37 36 37 33 16 16 34 13 40 39
split_gain=39.5955 32.0718 49.6775 20.7655 27.2806 20.1678 19.386 18.0773 3.92884 2.62803 4.11489
threshold=-0.20148216933012006 0.015850429423153404 0.39146599173545843 0.0097011434845626372 -0.0043530962429940692 0.035816960036754615 0.020029208622872833 -0.052303990349173539 -0.43552900850772852 1.0434663295745852 0.83142206072807323
decision_type=2 2 2 2 2 2 2 2 2 2 2
left_child=8 3 7 4 -2 -4 -5 -3 -1 10 -10
right_child=1 2 5 6 -6 -7 -8 -9 9 -11 -12
leaf_value=-0.00060656943023504469 -0.0027391360004600015 0.00062159735000875233 -0.0013035813409844055 -0.0013867070815530699 0.0010945834393183893 0.0053198457747370585 1.1654505623317353e-06 0.0026060743497563644 -0.0024984146563885529 -0.0039919235696799739 -0.00089997549229419794
leaf_weight=177 488 1375 1724 3488 2781 146 3373 2306 269 192 138
leaf_count=177 488 1375 1724 3488 2781 146 3373 2306 269 192 138
internal_value=-3.41696e-06 0.000269747 0.00179648 -0.000566724 0.00107094 -0.00151667 -0.00134813 0.00348108 -0.00549776 -0.0064673 -0.00517294
internal_weight=16457 15681 5551 10130 3269 1870 6861 3681 776 599 407
internal_count=16457 15681 5551 10130 3269 1870 6861 3681 776 599 407
is_linear=0
shrinkage=0.025


Tree=21
num_leaves=9
num_cat=0
split_feature=16 33 38 37 38 33 34 37
split_gain=28.3013 28.3417 27.7136 22.8771 40.1008 27.0798 22.1973 20.8629
threshold=0.037212114781141288 0.0059098503552377233 -0.024234930984675881 0.021134368143975738 -0.088379193097352968 0.033865874633193023 0.1316887363791466 0.0090297367423772829
decision_type=2 2 2 2 2 2 2 2
left_child=1 2 7 4 -3 -5 -4 -1
right_child=-2 3 6 5 -6 -7 -8 -9
leaf_value=0.0022209028429474773 0.0051358800490742922 -0.0010569002406440101 -0.0028066806061279948 0.0044694462614676403 0.0012785124319957984 -0.0014394951525564588 0.00091992484344381145 -0.00032218067869296059
leaf_weight=827 201 1863 2052 756 3270 249 511 6749
leaf_count=827 201 1863 2052 756 3270 249 511 6749
internal_value=4.51222e-05 -7.1014e-05 -0.000882911 0.00126872 0.000589967 0.00470916 -0.00312743 -0.000121191
internal_weight=16478 16277 10139 6138 5133 1005 2563 7576
internal_count=16478 16277 10139 6138 5133 1005 2563 7576
is_linear=0
shrinkage=0.025


Tree=22
num_leaves=12
num_cat=0
split_feature=36 37 36 37 33 15 16 16 38 20 40
split_gain=40.9568 31.1459 52.2998 20.8896 25.464 20.1138 18.5996 18.3021 4.69342 2.42768 1.75914
threshold=-0.20148216933012006 0.015850429423153404 0.39518812298774725 0.0097011434845626372 -0.0043530962429940692 0.15205428749322894 0.035816960036754615 0.020029208622872833 -0.28619307279586786 -0.26101303100585932 1.0264492034912112
decision_type=2 2 2 2 2 2 2 2 2 2 2
left_child=8 3 5 4 -2 -3 -4 -5 -1 -10 -11
right_child=1 2 6 7 -6 -7 -8 -9 9 10 -12
leaf_value=-0.0006340753129204825 -0.0027781901216785039 -0.00086091679252445381 -0.001355747836808893 -0.0013254488898712801 0.0011305915363319459 0.0021703208946598383 0.0046187594360157704 -1.0708398771715894e-05 -0.0011869005378444576 -0.0023349950389078547 -0.0041365224464736602
leaf_weight=157 491 433 1705 3547 2769 3242 141 3331 132 309 193
leaf_count=157 491 433 1705 3547 2769 3242 141 3331 132 309 193
internal_value=-3.4564e-05 0.000246186 0.00175647 -0.000576136 0.00107006 0.00347996 -0.00167139 -0.00135751 -0.0055669 -0.00652387 -0.00733481
internal_weight=16450 15659 5521 10138 3260 3675 1846 6878 791 634 502
internal_count=16450 15659 5521 10138 3260 3675 1846 6878 791 634 502
is_linear=0
shrinkage=0.025


Tree=23
num_leaves=13
num_cat=0
split_feature=36 37 36 15 37 15 36 9 34 13 37 31
split_gain=37.9725 29.963 52.6582 19.0342 18.2999 26.1836 17.456 15.7339 5.21308 4.76475 3.01821 1.49536
threshold=-0.20148216933012006 0.015850429423153404 0.39146599173545843 0.15205428749322894 0.0097011434845626372 0.40517242252826696 0.61430010199546825 0.022599529474973682 -0.024287732318043705 -0.27117021381855005 0.017705960199236873 0.082140572369098677
decision_type=2 2 2 2 2 2 2 2 2 2 2 2
left_child=8 4 3 -3 5 -2 -4 -6 9 10 -1 -10
right_child=1 2 6 -5 7 -7 -8 -9 11 -11 -12 -13
leaf_value=0.00042278881089828489 -0.0016451924504934713 -0.0008574218642931398 -0.00013371938022382259 0.0021169548089088235 -0.0012944700675210771 0.0016029773989677358 -0.0033098808390094382 -0.00015352952340741619 -0.002038963723727541 -0.002124276715377241 -0.0013256786015218179 -0.0033292896835874679
leaf_weight=126 1084 449 1410 3240 2574 2149 446 4233 139 161 120 242
leaf_count=126 1084 449 1410 3240 2574 2149 446 4233 139 161 120 242
internal_value=4.77012e-05 0.000319516 0.00179392 0.00352091 -0.000494649 0.00105196 -0.00163555 -0.00123037 -0.00528846 -0.00323119 -0.000971116 -0.00739961
internal_weight=16373 15585 5545 3689 10040 3233 1856 6807 788 407 246 381
internal_count=16373 15585 5545 3689 10040 3233 1856 6807 788 407 246 381
is_linear=0
shrinkage=0.025


Tree=24
num_leaves=11
num_cat=0
split_feature=36 33 36 16 36 31 34 34 5 40
split_gain=36.5896 29.7617 32.3943 30.481 25.0081 16.9797 5.20477 3.4831 3.48133 1.54003
threshold=-0.20148216933012006 0.0059901259373873481 0.71543094515800487 0.035095622763037689 0.31209456920623785 0.60012251138687145 -0.024287732318043705 0.15751069039106372 -0.20219736546277997 1.0121355652809145
decision_type=2 2 2 2 2 2 2 2 2 2
left_child=6 3 5 4 -2 -3 8 -4 -1 -8
right_child=1 2 7 -5 -6 -7 9 -9 -10 -11
leaf_value=-0.00022121524457252627 7.8626221309263669e-05 0.00026950364762241553 -0.0046880533823959684 0.0049188253504531031 -0.0015042168694065087 0.0020128270628116613 -0.0023674214698930236 -0.00098667226274269941 -0.0019554451367539897 -0.0036956627909063818
leaf_weight=213 6680 2238 197 236 3088 3227 212 126 197 173
leaf_count=213 6680 2238 197 236 3088 3227 212 126 197 173
internal_value=5.16062e-05 0.00031612 0.0017424 -0.000508917 -0.000725852 0.0021995 -0.00516406 -0.00588796 -0.00311747 -0.00725962
internal_weight=16587 15792 5788 10004 9768 5465 795 323 410 385
internal_count=16587 15792 5788 10004 9768 5465 795 323 410 385
is_linear=0
shrinkage=0.025


Tree=25
num_leaves=15
num_cat=0
split_feature=17 38 35 38 35 34 38 37 35 33 48 9 40 4
split_gain=29.2217 26.3342 51.7234 31.5735 25.6465 31.0226 31.1711 18.1488 12.8832 11.7031 8.87614 7.11468 5.82235 1.85479
threshold=0.10894019529223443 -0.084287427365779863 0.16692108660936358 -0.28619307279586786 0.41441875696182257 0.12188147008419038 -0.024234930984675881 0.018163934350013736 -0.01546953711658716 0.0052264386322349319 0.27622890472412115 0.020460422150790695 0.73646637797355663 0.54324412345886242
decision_type=2 2 2 2 2 2 2 2 2 2 2 2 2 2
left_child=1 3 11 12 5 6 -2 -7 -5 -4 -6 -3 -1 -12
right_child=4 2 9 8 10 7 -8 -9 -10 -11 13 -13 -14 -15
leaf_value=-0.00059629250675538668 0.00071774740637468935 0.0027971818436841171 -0.0038392718082787478 -0.00085275854791280997 0.00018671397368260381 0.0016467670955987329 -0.00146473944269528 0.0056618304995647703 -0.0022229238634331543 -0.00025836647435493483 -0.0021401785032958203 0.0013115115427703369 0.0014669727504169419 -0.0044290565326523161
leaf_weight=123 6535 523 409 1590 147 1350 2312 413 1332 296 179 580 430 171
leaf_count=123 6535 523 409 1590 147 1350 2312 413 1332 296 179 580 430 171
internal_value=4.84142e-05 -0.00148095 0.000961804 -0.00275323 0.00077675 0.00103804 0.000432812 0.00406179 -0.00379014 -0.00430458 -0.00474353 0.00433777 0.00269937 -0.0068838
internal_weight=16390 5283 1808 3475 11107 10610 8847 1763 2922 705 497 1103 553 350
internal_count=16390 5283 1808 3475 11107 10610 8847 1763 2922 705 497 1103 553 350
is_linear=0
shrinkage=0.025


Tree=26
num_leaves=12
num_cat=0
split_feature=36 37 36 37 33 16 9 37 13 40 48
split_gain=38.7537 27.9361 51 19.2983 25.6029 20.2574 18.9913 16.6229 5.72678 2.67446 4.43378
threshold=-0.20148216933012006 0.015850429423153404 0.40289239585399633 0.0097011434845626372 -0.0043530962429940692 0.020029208622872833 0.028282874263823036 0.027463667094707492 -0.43552900850772852 1.0333458781242373 0.35326485335826879
decision_type=2 2 2 2 2 2 2 2 2 2 2
left_child=8 3 6 4 -2 -5 -3 -4 -1 10 -10
right_child=1 2 7 5 -6 -7 -8 -9 9 -11 -12
leaf_value=-0.00045674484413431646 -0.0028045165238767458 0.000750342375677399 -5.71908926759724e-05 -0.0013497436087065314 0.0011847818051260663 9.3562014044407994e-05 0.0027689092009610073 -0.0026577743799254842 -0.0024474253864497164 -0.00346545559425702 -0.00087314992447876821
leaf_weight=178 497 1698 1220 3504 2755 3388 2031 565 256 195 161
leaf_count=178 497 1698 1220 3504 2755 3388 2031 565 256 195 161
internal_value=1.48149e-05 0.000288498 0.00172019 -0.00048958 0.00109572 -0.00123876 0.00338277 -0.0017493 -0.0053695 -0.00651337 -0.00522808
internal_weight=16448 15658 5514 10144 3252 6892 3729 1785 790 612 417
internal_count=16448 15658 5514 10144 3252 6892 3729 1785 790 612 417
is_linear=0
shrinkage=0.025


Tree=27
num_leaves=13
num_cat=0
split_feature=17 16 35 33 38 35 35 38 33 38 5 33
split_gain=26.3698 23.1971 21.818 24.4333 17.1813 46.257 28.2822 15.0063 12.8413 10.1927 7.08919 4.18977
threshold=0.12515807151794436 0.037212114781141288 0.41441875696182257 0.0060703584458678969 -0.084287427365779863 0.16692108660936358 -0.014074946288019417 -0.28619307279586786 0.0059901259373873481 -0.13728472590446469 0.0071434411220252523 0.021486338227987293
decision_type=2 2 2 2 2 2 2 2 2 2 2 2
left_child=4 2 3 -2 6 10 7 -1 -7 -8 -6 -4
right_child=1 -3 11 -5 5 8 9 -9 -10 -11 -12 -13
leaf_value=0.0010304127190372571 -6.2303999376630417e-05 0.005316638497355519 -0.0027029308344077847 0.0013948700066607951 0.0023562872225753465 -0.0037737914710522392 -0.0028079329687715746 -0.00075540928321235045 8.2716635449361925e-05 -0.0010285988524664778 0.00056293142839024886 -0.00057381073769204049
leaf_weight=537 6558 175 326 3821 729 496 759 1693 289 576 409 170
leaf_count=537 6558 175 326 3821 729 496 759 1693 289 576 409 170
internal_value=1.02007e-05 0.000714043 0.000565832 0.000811946 -0.0014052 0.00049598 -0.00243172 -0.000701902 -0.00415348 -0.00530317 0.00371282 -0.00452844
internal_weight=16538 11050 10875 10379 5488 1923 3565 2230 785 1335 1138 496
internal_count=16538 11050 10875 10379 5488 1923 3565 2230 785 1335 1138 496
is_linear=0
shrinkage=0.025


end of trees

feature_importances:
universe58_loo_log_return_126=46
universe58_loo_realized_volatility_20=46
universe58_loo_drawdown_252=32
cross_section_return_dispersion=29
universe58_loo_log_return_60=26
universe58_loo_log_return_1=21
source_beta_universe58_252=16
universe58_loo_log_return_20=14
cross_section_positive_return_breadth=11
cross_section_beta_60_percentile=8
source_momentum_12_1=7
source_drawdown_from_252_session_peak=6
source_realized_volatility_60=5
source_close_ma200_ratio=5
source_distance_from_252_session_low=4
source_beta_universe58_60=4
source_log_return_126=3
source_log_return_60=2
source_log_return_252=2
source_downside_volatility_60=2
source_overnight_gap_1=2
source_residual_momentum_20=2
source_idiosyncratic_volatility_60=2
source_log_return_20=1
source_close_to_open_log_return=1
source_downside_volatility_20=1
source_parkinson_volatility_20=1
source_volatility_ratio_20_60=1
source_correlation_universe58_60=1
cross_section_momentum_252_percentile=1

parameters:
[boosting: gbdt]
[objective: quantile]
[metric: quantile]
[tree_learner: serial]
[device_type: cpu]
[data_sample_strategy: bagging]
[data: ]
[valid: ]
[num_iterations: 28]
[learning_rate: 0.025]
[num_leaves: 15]
[num_threads: 12]
[seed: 31908]
[deterministic: 1]
[force_col_wise: 1]
[force_row_wise: 0]
[histogram_pool_size: -1]
[max_depth: 4]
[min_data_in_leaf: 120]
[min_sum_hessian_in_leaf: 0.001]
[bagging_fraction: 0.85]
[pos_bagging_fraction: 1]
[neg_bagging_fraction: 1]
[bagging_freq: 1]
[bagging_seed: 31908]
[bagging_by_query: 0]
[feature_fraction: 0.75]
[feature_fraction_bynode: 1]
[feature_fraction_seed: 31908]
[extra_trees: 0]
[extra_seed: 1062]
[early_stopping_round: 0]
[early_stopping_min_delta: 0]
[first_metric_only: 0]
[max_delta_step: 0]
[lambda_l1: 0.25]
[lambda_l2: 5]
[linear_lambda: 0]
[min_gain_to_split: 0]
[drop_rate: 0.1]
[max_drop: 50]
[skip_drop: 0.5]
[xgboost_dart_mode: 0]
[uniform_drop: 0]
[drop_seed: 31861]
[top_rate: 0.2]
[other_rate: 0.1]
[min_data_per_group: 100]
[max_cat_threshold: 32]
[cat_l2: 10]
[cat_smooth: 10]
[max_cat_to_onehot: 4]
[top_k: 20]
[monotone_constraints: ]
[monotone_constraints_method: basic]
[monotone_penalty: 0]
[feature_contri: ]
[forcedsplits_filename: ]
[refit_decay_rate: 0.9]
[cegb_tradeoff: 1]
[cegb_penalty_split: 0]
[cegb_penalty_feature_lazy: ]
[cegb_penalty_feature_coupled: ]
[path_smooth: 0]
[interaction_constraints: ]
[verbosity: -1]
[saved_feature_importance_type: 0]
[use_quantized_grad: 0]
[num_grad_quant_bins: 4]
[quant_train_renew_leaf: 0]
[stochastic_rounding: 1]
[linear_tree: 0]
[max_bin: 255]
[max_bin_by_feature: ]
[min_data_in_bin: 3]
[bin_construct_sample_cnt: 200000]
[data_random_seed: 31908]
[is_enable_sparse: 1]
[enable_bundle: 1]
[use_missing: 1]
[zero_as_missing: 0]
[feature_pre_filter: 1]
[pre_partition: 0]
[two_round: 0]
[header: 0]
[label_column: ]
[weight_column: ]
[group_column: ]
[ignore_column: ]
[categorical_feature: ]
[forcedbins_filename: ]
[precise_float_parser: 0]
[parser_config_file: ]
[objective_seed: 4503]
[num_class: 1]
[is_unbalance: 0]
[scale_pos_weight: 1]
[sigmoid: 1]
[boost_from_average: 1]
[reg_sqrt: 0]
[alpha: 0.5]
[fair_c: 1]
[poisson_max_delta_step: 0.7]
[tweedie_variance_power: 1.5]
[lambdarank_truncation_level: 30]
[lambdarank_norm: 1]
[label_gain: ]
[lambdarank_position_bias_regularization: 0]
[eval_at: ]
[multi_error_top_k: 1]
[auc_mu_weights: ]
[num_machines: 1]
[local_listen_port: 12400]
[time_out: 120]
[machine_list_filename: ]
[machines: ]
[gpu_platform_id: -1]
[gpu_device_id: -1]
[gpu_use_dp: 0]
[num_gpu: 1]

end of parameters

pandas_categorical:[]
