tree
version=v4
num_class=1
num_tree_per_iteration=1
label_index=0
max_feature_idx=48
objective=quantile
feature_names=source_log_return_1 source_log_return_5 source_log_return_20 source_log_return_60 source_log_return_126 source_log_return_252 source_intraday_log_range source_close_to_open_log_return source_realized_volatility_20 source_realized_volatility_60 source_downside_volatility_20 source_downside_volatility_60 source_drawdown_from_60_session_peak source_drawdown_from_252_session_peak cross_section_momentum_20_percentile cross_section_positive_return_breadth cross_section_return_dispersion source_momentum_12_1 source_ma5_ma20_ratio source_close_ma50_ratio source_close_ma200_ratio source_rsi_14 source_bollinger_pct_b_20 source_bollinger_bandwidth_20 source_adx_14 source_directional_index_spread_14 source_parkinson_volatility_20 source_overnight_gap_1 source_positive_day_ratio_20 source_max_daily_log_return_20 source_return_skewness_60 source_distance_from_252_session_low source_volatility_ratio_20_60 universe58_loo_log_return_1 universe58_loo_log_return_20 universe58_loo_log_return_60 universe58_loo_log_return_126 universe58_loo_realized_volatility_20 universe58_loo_drawdown_252 source_beta_universe58_60 source_beta_universe58_252 source_correlation_universe58_60 source_residual_momentum_20 source_residual_momentum_126 source_idiosyncratic_volatility_60 cross_section_momentum_126_percentile cross_section_momentum_252_percentile cross_section_volatility_60_percentile cross_section_beta_60_percentile
feature_infos=[-0.2207123190164566:0.182477205991745] [-0.54819971323013306:0.44636186957359314] [-1.1351611614227295:1.077221155166626] [-1.1748896837234497:1.5560240745544434] [-1.0490233898162842:2.3170430660247803] [-1.2514438629150391:2.9264204502105713] [0:0.27988538146018982] [-0.16868740320205688:0.25632256269454956] [0.0055316057987511158:0.11531444638967514] [0.0079651456326246262:0.088721774518489838] [0.00095409812638536096:0.092050075531005859] [0.0049325018189847469:0.063900329172611237] [-0.71968960762023926:0] [-0.76062244176864624:0] [0.017241379246115685:1] [0.017241379246115685:1] [0.0096504408866167068:0.043657612055540085] [-1.3928108215332031:2.8910765647888184] [-0.47595494985580444:0.57290768623352051] [-0.62940984964370728:1.5476077795028687] [-0.57781422138214111:3.874976634979248] [0:100] [-0.40451541543006897:1.4870842695236206] [0.015483886934816837:1.7820020914077759] [6.1712346076965332:84.119827270507812] [-54.177944183349609:77.140235900878906] [0.0063288267701864243:0.099167443811893463] [-0.22113896906375885:0.095378585159778595] [0.10000000149011612:0.89999997615814209] [0.005115102045238018:0.18252909183502197] [-4.4435362815856934:3.4834246635437012] [0:18.523586273193359] [0.17268767952919006:1.6647372245788574] [-0.092919811606407166:0.057573974132537842] [-0.39400303363800049:0.26549568772315979] [-0.32455301284790039:0.55794161558151245] [-0.30797004699707031:0.86915600299835205] [0.005578002892434597:0.041373930871486664] [-0.35748890042304993:0] [-0.96327811479568481:2.3354122638702393] [0.20776782929897308:1.7303366661071777] [-0.25081929564476013:0.94294917583465576] [-1.1516678333282471:1.0071370601654053] [-1.3436253070831299:1.9539748430252075] [0.0059593440964818001:0.072794802486896515] [0.017241379246115685:1] [0.017241379246115685:1] [0.017241379246115685:1] [0.017241379246115685:1]
tree_sizes=1277 1438 1066 1083 1074 1252 1077 1070 1074 1332 1351 1262

Tree=0
num_leaves=13
num_cat=0
split_feature=31 37 36 16 37 37 37 16 36 36 36 37
split_gain=25.0539 15.9329 46.9861 25.8343 15.7388 10.2239 6.24027 14.5698 5.59588 5.34545 4.27563 3.13825
threshold=0.59403836727142345 0.018712728284299377 0.13582742214202884 0.031523328274488456 0.023678469471633438 0.033354194834828384 0.010483632329851391 0.02383771259337664 0.35805244743824011 0.22626607120037082 0.24912079423666003 0.022084853611886505
decision_type=2 2 2 2 2 2 2 2 2 2 2 2
left_child=5 6 4 -4 -3 9 7 -2 -8 11 -11 -1
right_child=1 2 3 -5 -6 -7 8 -9 -10 10 -12 -13
leaf_value=0.41987208119366565 0.42369826187403259 0.42888744596479944 0.42229217084303228 0.43067080041402778 0.43089120027880268 0.42602772638888381 0.42375492315785623 0.42780757976269257 0.42044051747633143 0.42752832454231254 0.42247789572933875 0.42516099687297187
leaf_weight=5246 1555 364 1552 174 237 129 3183 484 1555 181 1560 266
leaf_count=5246 1555 364 1552 174 237 129 3183 484 1555 181 1560 266
internal_value=0.42329 0.424167 0.42595 0.423841 0.431939 0.422208 0.423552 0.424707 0.423056 0.422081 0.42329 0.4217
internal_weight=16486 9104 2327 1726 601 7382 6777 2039 4738 7253 1741 5512
internal_count=16486 9104 2327 1726 601 7382 6777 2039 4738 7253 1741 5512
is_linear=0
shrinkage=1


Tree=1
num_leaves=14
num_cat=0
split_feature=37 34 10 31 35 41 37 34 31 38 37 37 44
split_gain=24.1967 21.9209 21.0194 10.6955 10.4703 6.94886 6.36383 12.7013 5.49154 5.16007 3.81112 3.45123 1.1427
threshold=0.018635294400155548 0.12428680062294008 0.04303093999624253 0.4942897260189057 0.33659370243549352 0.74684214591979992 0.010434524156153204 0.16998694092035296 0.52321934700012218 -0.081384479999542222 0.013428024947643282 0.01325659826397896 0.010721016675233843
decision_type=2 2 2 2 2 2 2 2 2 2 2 2 2
left_child=3 2 8 9 5 -3 7 -5 -2 12 -11 -8 -1
right_child=1 4 -4 6 -6 -7 11 -9 -10 10 -12 -13 -14
leaf_value=-0.00039824252074953246 -0.0022376929933835168 0.0074714563173284218 0.0062809416641431432 0.0006262362826314578 0.0014254592454656324 0.0046506164248901662 -0.0026148211273191364 0.0048974852825091732 0.0021070264833229408 -0.0017345230507435708 0.0017577510250880895 7.6791761876079956e-05 -0.0043122542387006918
leaf_weight=248 949 234 141 1959 181 144 1733 332 1937 1384 521 3452 3289
leaf_count=248 949 234 141 1959 181 144 1733 332 1937 1384 521 3452 3289
internal_value=-1.0828e-05 0.00180416 0.000956876 -0.000515651 0.006332 0.0086782 9.74129e-05 0.00119392 0.000485558 -0.00135832 -0.00030432 -0.000386561 -0.001923
internal_weight=16504 3586 3027 12918 559 378 7476 2291 2886 5442 1905 5185 3537
internal_count=16504 3586 3027 12918 559 378 7476 2291 2886 5442 1905 5185 3537
is_linear=0
shrinkage=0.025


Tree=2
num_leaves=10
num_cat=0
split_feature=5 38 34 16 34 17 36 9 44
split_gain=21.046 18.0043 11.2977 10.6314 9.88598 8.4516 7.5124 5.60059 4.765
threshold=0.46244701743125921 -0.19884862005710599 -0.21102287620306012 0.035095622763037689 0.14366941154003146 0.66542923450469982 0.22626607120037082 0.032918304204940803 0.01688278000801802
decision_type=2 2 2 2 2 2 2 2 2
left_child=2 5 -1 4 -3 -2 7 -4 -8
right_child=1 3 6 -5 -6 -7 8 -9 -10
leaf_value=0.0035470437706345698 0.0016848669012594726 0.00011234749049170032 -0.0030297674448884078 0.0058238345426399624 0.0029959126053784764 0.007334517519188153 -0.0017963154705194718 0.0011487461015975069 0.0017052458673557976
leaf_weight=183 129 5434 5838 147 1325 204 1058 582 1645
leaf_count=183 129 5434 5838 147 1325 204 1058 582 1645
internal_value=-3.05897e-05 0.000979603 -0.000817179 0.000702322 0.000553851 0.00661612 -0.000942294 -0.00140759 0.000161096
internal_weight=16545 7239 9306 6906 6759 333 9123 6420 2703
internal_count=16545 7239 9306 6906 6759 333 9123 6420 2703
is_linear=0
shrinkage=0.025


Tree=3
num_leaves=10
num_cat=0
split_feature=31 16 37 36 37 37 36 44 37
split_gain=22.3756 13.7757 9.48106 42.7242 8.63914 6.02996 5.60299 3.31921 1.80403
threshold=0.60012251138687145 0.035095622763037689 0.018712728284299377 0.13582742214202884 0.033354194834828384 0.010483632329851391 0.083615433424711241 0.017839496023952964 0.022703486494719986
decision_type=2 2 2 2 2 2 2 2 2
left_child=4 2 5 -4 6 -2 8 -8 -1
right_child=1 -3 3 -5 -6 -7 7 -9 -10
leaf_value=-0.0035711271599010671 0.0016091596471482089 0.0062713993396640317 0.0065777463243415161 3.1369989935950417e-05 0.0035169252353396438 -0.00046593935984075671 -0.0016957998941298802 0.00092467305220285108 0.0016374510555571707
leaf_weight=4041 1985 179 581 1641 133 4634 1762 1342 153
leaf_count=4041 1985 179 581 1641 133 4634 1762 1342 153
internal_value=-2.25608e-05 0.000813711 0.000671631 0.00208296 -0.00103836 0.000195689 -0.00115552 -0.000346977 -0.00175131
internal_weight=16451 9020 8841 2222 7431 6619 7298 3104 4194
internal_count=16451 9020 8841 2222 7431 6619 7298 3104 4194
is_linear=0
shrinkage=0.025


Tree=4
num_leaves=10
num_cat=0
split_feature=31 16 38 35 34 37 36 26 37
split_gain=21.8563 14.1855 13.1673 16.1219 10.7666 6.38531 5.7299 2.84298 1.71814
threshold=0.59403836727142345 0.036453980952501304 -0.20184380561113355 -0.052931690588593476 0.1424529850482941 0.033354194834828384 0.083615433424711241 0.015917919576168064 0.022703486494719986
decision_type=2 2 2 2 2 2 2 2 2
left_child=5 2 3 -2 -4 6 8 -8 -1
right_child=1 -3 4 -5 -6 -7 7 -9 -10
leaf_value=-0.0034957904088873796 0.0064788339627754729 0.0061182397677951132 2.7452163648698509e-05 -0.0027509130972255672 0.0028296502195927229 0.0025417479669339938 -0.0030157661788838626 0.00017888070534273048 0.0016814146170088134
leaf_weight=4029 281 120 6903 180 1548 126 760 2370 158
leaf_count=4029 281 120 6903 180 1548 126 760 2370 158
internal_value=-4.43726e-05 0.000781647 0.000663199 0.0047559 0.000436524 -0.00104743 -0.00114535 -0.000332935 -0.00175006
internal_weight=16475 9032 8912 461 8451 7443 7317 3130 4187
internal_count=16475 9032 8912 461 8451 7443 7317 3130 4187
is_linear=0
shrinkage=0.025


Tree=5
num_leaves=12
num_cat=0
split_feature=31 38 36 34 36 36 10 38 41 44 9
split_gain=19.9101 13.2781 14.0173 8.3856 24.8905 6.36777 5.82862 5.24952 4.57908 4.01655 1.96946
threshold=0.59403836727142345 -0.19884862005710599 -0.01293864846229553 0.14366941154003146 0.11289041861891748 0.095754560083150878 0.038184002041816718 -0.084287427365779863 0.4917327761650086 0.016937927342951301 0.035443242639303214
decision_type=2 2 2 2 2 2 2 2 2 2 2
left_child=6 2 -2 8 -5 -4 7 10 -3 -9 -1
right_child=1 3 5 4 -6 -7 -8 9 -10 -11 -12
leaf_value=-0.0035170438345401896 -0.0027610611870189728 0.001428940982928977 0.007123079034829595 0.0069822615624329995 0.0012232681919032333 0.0043265336192876624 0.0032733529880364836 -0.0014677146113180467 -0.00051903867454164735 0.001473173662044646 0.00046204523700026112
leaf_weight=4443 191 2373 177 192 1290 130 146 1553 4728 1081 219
leaf_count=4443 191 2373 177 192 1290 130 146 1553 4728 1081 219
internal_value=-6.51174e-05 0.000719926 0.00466948 0.000487453 0.00219485 0.0079367 -0.00102373 -0.00112433 0.00012894 -0.00022878 -0.00162819
internal_weight=16523 9081 498 8583 1482 307 7442 7296 7101 2634 4662
internal_count=16523 9081 498 8583 1482 307 7442 7296 7101 2634 4662
is_linear=0
shrinkage=0.025


Tree=6
num_leaves=10
num_cat=0
split_feature=31 16 38 36 34 34 36 26 37
split_gain=19.832 16.9368 9.72904 16.3416 9.79022 5.95013 4.24525 2.37741 1.32992
threshold=0.4942897260189057 0.037212114781141288 -0.20849661529064176 -0.0023000990040600295 0.1424529850482941 -0.21102287620306012 0.083615433424711241 0.015485503245145084 0.0079541131854057329
decision_type=2 2 2 2 2 2 2 2 2
left_child=5 2 3 -2 -4 -1 8 -8 -7
right_child=1 -3 4 -5 -6 6 7 -9 -10
leaf_value=0.002189804089801556 -0.0025369091048506633 0.0065323240006937323 -4.5537171764870273e-05 0.0054743375849173421 0.0027613446371420481 0.00079233202570319497 -0.0032035765382752396 -1.529104630900724e-05 -0.0034826183616932442
leaf_weight=149 250 126 7805 299 1583 161 568 1894 3654
leaf_count=149 250 126 7805 299 1583 161 568 1894 3654
internal_value=-5.55511e-05 0.000636794 0.00051813 0.00373872 0.000327238 -0.00114038 -0.00125935 -0.00044538 -0.00178174
internal_weight=16489 10063 9937 549 9388 6426 6277 2462 3815
internal_count=16489 10063 9937 549 9388 6426 6277 2462 3815
is_linear=0
shrinkage=0.025


Tree=7
num_leaves=10
num_cat=0
split_feature=31 16 34 37 36 35 36 26 44
split_gain=15.1046 13.3793 8.31384 20.8828 6.31255 5.20569 4.48495 2.17894 1.60507
threshold=0.4942897260189057 0.035095622763037689 0.14366941154003146 0.019930470734834674 0.49450919032096868 -0.217482715845108 0.068250373005867018 0.015365532133728267 0.010472125373780729
decision_type=2 2 2 2 2 2 2 2 2
left_child=5 2 4 -4 -2 -1 8 -8 -7
right_child=1 -3 3 -5 -6 6 7 -9 -10
leaf_value=0.0022690408417526254 0.0003446036666093958 0.0059211090379836882 0.0011425811816066348 0.0062252569801626474 -0.0045121971830527846 0.000214430908713012 -0.0029737683198145714 -2.9979433426877541e-05 -0.003494360122691928
leaf_weight=146 7501 196 1335 224 723 225 590 2115 3358
leaf_count=146 7501 196 1335 224 723 225 590 2115 3358
internal_value=-0.000135599 0.000472881 0.00034085 0.00201167 2.2329e-05 -0.00107994 -0.00119001 -0.000417436 -0.00177014
internal_weight=16413 9979 9783 1559 8224 6434 6288 2705 3583
internal_count=16413 9979 9783 1559 8224 6434 6288 2705 3583
is_linear=0
shrinkage=0.025


Tree=8
num_leaves=10
num_cat=0
split_feature=31 16 33 15 36 34 36 26 26
split_gain=18.4253 11.642 9.71149 10.9575 6.79629 4.78293 3.72747 2.06015 1.43482
threshold=0.4942897260189057 0.035095622763037689 0.01317585399374366 0.68103447556495678 0.52464881539344799 -0.21102287620306012 0.068250373005867018 0.015485503245145084 0.012967044021934273
decision_type=2 2 2 2 2 2 2 2 2
left_child=5 2 4 -4 -2 -1 8 -8 -7
right_child=1 -3 3 -5 -6 6 7 -9 -10
leaf_value=0.002123699565295708 0.00051340718358383424 0.0054195840839230186 0.0071410648595430191 0.0019324059264099989 -0.004124321700207911 -5.8595427131471343e-05 -0.0028320855657040568 -0.00029080412826953137 -0.003468111901201075
leaf_weight=149 7287 194 134 1677 697 288 605 2130 3291
leaf_count=149 7287 194 134 1677 697 288 605 2130 3291
internal_value=-8.49948e-05 0.000587477 0.000464923 0.00211523 8.87151e-05 -0.00112496 -0.00123101 -0.000531479 -0.00176235
internal_weight=16452 9989 9795 1811 7984 6463 6314 2735 3579
internal_count=16452 9989 9795 1811 7984 6463 6314 2735 3579
is_linear=0
shrinkage=0.025


Tree=9
num_leaves=13
num_cat=0
split_feature=5 38 16 9 35 36 36 16 44 37 37 33
split_gain=14.4622 16.049 7.6934 7.47522 6.4914 5.5704 5.51882 4.72461 3.56885 2.37436 2.1536 1.1253
threshold=0.46244701743125921 -0.19718249887228009 0.035095622763037689 0.034431114792823798 -0.057267926633357995 0.22626607120037082 0.51832938194274913 0.021626019850373272 0.01688278000801802 0.015746887773275379 0.022084853611886505 0.0052264386322349319
decision_type=2 2 2 2 2 2 2 2 2 2 2 2
left_child=3 4 6 5 -2 10 -3 11 -7 -9 -1 -5
right_child=1 2 -4 7 -6 8 -8 9 -10 -11 -12 -13
leaf_value=-0.0026604705098789761 0.0062682877786920084 0.0009126746020799416 0.0045556067549789902 -0.0025064537276761247 0.0019007529095547912 -0.001478572557314704 -0.002613039961345607 0.001045712402191425 0.001468058791900137 0.0050893561644540508 0.00058649937434082037 0.00186803020451041
leaf_weight=5770 221 5609 140 241 132 1043 1072 120 1441 234 355 134
leaf_count=5770 221 5609 140 241 132 1043 1072 120 1441 234 355 134
internal_value=-0.00010739 0.000736 0.000463851 -0.000756048 0.00589735 -0.000962533 0.000338954 0.00166383 3.36475e-05 0.00371518 -0.00136725 -0.000279606
internal_weight=16512 7174 6821 9338 353 8609 6681 729 2484 354 6125 375
internal_count=16512 7174 6821 9338 353 8609 6681 729 2484 354 6125 375
is_linear=0
shrinkage=0.025


Tree=10
num_leaves=13
num_cat=0
split_feature=31 37 4 16 37 34 41 11 38 1 11 44
split_gain=16.0944 11.3579 14.4999 9.44559 5.26157 11.2709 5.09838 4.1704 4.47983 4.14326 2.39012 2.03128
threshold=0.4942897260189057 0.018635294400155548 0.24095143377780917 0.031523328274488456 0.010483632329851391 0.16998694092035296 0.79549226164817821 0.028789699077606205 -0.084287427365779863 -0.095723278820514665 0.014013099484145643 0.010721016675233843
decision_type=2 2 2 2 2 2 2 2 2 2 2 2
left_child=7 4 6 -4 5 -2 -3 8 11 -6 -10 -1
right_child=1 2 3 -5 9 -7 -8 -9 10 -11 -12 -13
leaf_value=0.00051525127147080861 0.00053056034251960514 0.004977484262402767 0.00029400302793445183 0.005582779172603968 0.0039991665270779934 0.0045401313694532139 0.0011285593411666851 0.0024677070988426367 -0.0013758103867087363 -0.00095305650805159762 0.00093245592007877825 -0.0035580589695703713
leaf_weight=233 1999 599 1637 169 217 321 138 231 992 4915 1034 3913
leaf_count=233 1999 599 1637 169 217 321 138 231 992 4915 1034 3913
internal_value=-9.07614e-05 0.000535624 0.00197655 0.000761319 4.2074e-05 0.00102957 0.00492082 -0.00106917 -0.00119374 -0.00040369 -0.000225875 -0.00166436
internal_weight=16398 9995 2543 1806 7452 2320 737 6403 6172 5132 2026 4146
internal_count=16398 9995 2543 1806 7452 2320 737 6403 6172 5132 2026 4146
is_linear=0
shrinkage=0.025


Tree=11
num_leaves=12
num_cat=0
split_feature=31 16 33 37 37 13 34 35 35 30 37
split_gain=17.1045 10.3684 7.26366 15.6419 4.37118 4.29214 3.87704 2.60627 2.36109 1.44347 0.913758
threshold=0.4942897260189057 0.037212114781141288 0.01317585399374366 0.020805745385587219 0.024930769577622417 -0.35381227731704706 0.16998694092035296 0.015927899628877643 0.057596029713749892 -0.69875946640968312 0.0080211381427943724
decision_type=2 2 2 2 2 2 2 2 2 2 2
left_child=4 2 6 -4 7 -6 -2 10 -9 -7 -1
right_child=1 -3 3 -5 5 9 -8 8 -10 -11 -12
leaf_value=0.00052923952029928362 3.2619928027556183e-05 0.0058711440629510385 0.00086324310502278753 0.005162909998976185 0.0058374629409178123 -0.0036277117851215806 0.0027639399427818439 0.00084759492266063975 -0.0018501807302331358 0.0017334933162513264 -0.003400580880118487
leaf_weight=121 7531 124 1336 471 122 131 559 506 2433 170 2986
leaf_count=121 7531 124 1336 471 122 131 559 506 2433 170 2986
internal_value=-6.63086e-05 0.000580116 0.000487401 0.00191846 -0.00106831 0.00136974 0.000165997 -0.00124091 -0.000701852 -0.000232844 -0.00174687
internal_weight=16490 10021 9897 1807 6469 423 8090 6046 2939 301 3107
internal_count=16490 10021 9897 1807 6469 423 8090 6046 2939 301 3107
is_linear=0
shrinkage=0.025


end of trees

feature_importances:
universe58_loo_realized_volatility_20=24
universe58_loo_log_return_126=19
cross_section_return_dispersion=12
universe58_loo_log_return_20=12
source_distance_from_252_session_low=11
universe58_loo_drawdown_252=8
source_idiosyncratic_volatility_60=7
universe58_loo_log_return_60=6
source_parkinson_volatility_20=5
source_realized_volatility_60=3
universe58_loo_log_return_1=3
source_correlation_universe58_60=3
source_log_return_252=2
source_downside_volatility_20=2
source_downside_volatility_60=2
source_log_return_5=1
source_log_return_126=1
source_drawdown_from_252_session_peak=1
cross_section_positive_return_breadth=1
source_momentum_12_1=1
source_return_skewness_60=1

parameters:
[boosting: gbdt]
[objective: quantile]
[metric: quantile]
[tree_learner: serial]
[device_type: cpu]
[data_sample_strategy: bagging]
[data: ]
[valid: ]
[num_iterations: 12]
[learning_rate: 0.025]
[num_leaves: 15]
[num_threads: 12]
[seed: 31909]
[deterministic: 1]
[force_col_wise: 1]
[force_row_wise: 0]
[histogram_pool_size: -1]
[max_depth: 4]
[min_data_in_leaf: 120]
[min_sum_hessian_in_leaf: 0.001]
[bagging_fraction: 0.85]
[pos_bagging_fraction: 1]
[neg_bagging_fraction: 1]
[bagging_freq: 1]
[bagging_seed: 31909]
[bagging_by_query: 0]
[feature_fraction: 0.75]
[feature_fraction_bynode: 1]
[feature_fraction_seed: 31909]
[extra_trees: 0]
[extra_seed: 4988]
[early_stopping_round: 0]
[early_stopping_min_delta: 0]
[first_metric_only: 0]
[max_delta_step: 0]
[lambda_l1: 0.25]
[lambda_l2: 5]
[linear_lambda: 0]
[min_gain_to_split: 0]
[drop_rate: 0.1]
[max_drop: 50]
[skip_drop: 0.5]
[xgboost_dart_mode: 0]
[uniform_drop: 0]
[drop_seed: 16957]
[top_rate: 0.2]
[other_rate: 0.1]
[min_data_per_group: 100]
[max_cat_threshold: 32]
[cat_l2: 10]
[cat_smooth: 10]
[max_cat_to_onehot: 4]
[top_k: 20]
[monotone_constraints: ]
[monotone_constraints_method: basic]
[monotone_penalty: 0]
[feature_contri: ]
[forcedsplits_filename: ]
[refit_decay_rate: 0.9]
[cegb_tradeoff: 1]
[cegb_penalty_split: 0]
[cegb_penalty_feature_lazy: ]
[cegb_penalty_feature_coupled: ]
[path_smooth: 0]
[interaction_constraints: ]
[verbosity: -1]
[saved_feature_importance_type: 0]
[use_quantized_grad: 0]
[num_grad_quant_bins: 4]
[quant_train_renew_leaf: 0]
[stochastic_rounding: 1]
[linear_tree: 0]
[max_bin: 255]
[max_bin_by_feature: ]
[min_data_in_bin: 3]
[bin_construct_sample_cnt: 200000]
[data_random_seed: 31909]
[is_enable_sparse: 1]
[enable_bundle: 1]
[use_missing: 1]
[zero_as_missing: 0]
[feature_pre_filter: 1]
[pre_partition: 0]
[two_round: 0]
[header: 0]
[label_column: ]
[weight_column: ]
[group_column: ]
[ignore_column: ]
[categorical_feature: ]
[forcedbins_filename: ]
[precise_float_parser: 0]
[parser_config_file: ]
[objective_seed: 14818]
[num_class: 1]
[is_unbalance: 0]
[scale_pos_weight: 1]
[sigmoid: 1]
[boost_from_average: 1]
[reg_sqrt: 0]
[alpha: 0.9]
[fair_c: 1]
[poisson_max_delta_step: 0.7]
[tweedie_variance_power: 1.5]
[lambdarank_truncation_level: 30]
[lambdarank_norm: 1]
[label_gain: ]
[lambdarank_position_bias_regularization: 0]
[eval_at: ]
[multi_error_top_k: 1]
[auc_mu_weights: ]
[num_machines: 1]
[local_listen_port: 12400]
[time_out: 120]
[machine_list_filename: ]
[machines: ]
[gpu_platform_id: -1]
[gpu_device_id: -1]
[gpu_use_dp: 0]
[num_gpu: 1]

end of parameters

pandas_categorical:[]
