tree
version=v4
num_class=1
num_tree_per_iteration=1
label_index=0
max_feature_idx=48
objective=quantile
feature_names=source_log_return_1 source_log_return_5 source_log_return_20 source_log_return_60 source_log_return_126 source_log_return_252 source_intraday_log_range source_close_to_open_log_return source_realized_volatility_20 source_realized_volatility_60 source_downside_volatility_20 source_downside_volatility_60 source_drawdown_from_60_session_peak source_drawdown_from_252_session_peak cross_section_momentum_20_percentile cross_section_positive_return_breadth cross_section_return_dispersion source_momentum_12_1 source_ma5_ma20_ratio source_close_ma50_ratio source_close_ma200_ratio source_rsi_14 source_bollinger_pct_b_20 source_bollinger_bandwidth_20 source_adx_14 source_directional_index_spread_14 source_parkinson_volatility_20 source_overnight_gap_1 source_positive_day_ratio_20 source_max_daily_log_return_20 source_return_skewness_60 source_distance_from_252_session_low source_volatility_ratio_20_60 universe58_loo_log_return_1 universe58_loo_log_return_20 universe58_loo_log_return_60 universe58_loo_log_return_126 universe58_loo_realized_volatility_20 universe58_loo_drawdown_252 source_beta_universe58_60 source_beta_universe58_252 source_correlation_universe58_60 source_residual_momentum_20 source_residual_momentum_126 source_idiosyncratic_volatility_60 cross_section_momentum_126_percentile cross_section_momentum_252_percentile cross_section_volatility_60_percentile cross_section_beta_60_percentile
feature_infos=[-0.2207123190164566:0.182477205991745] [-0.54819971323013306:0.44636186957359314] [-1.1351611614227295:1.077221155166626] [-1.1748896837234497:1.5560240745544434] [-1.0490233898162842:2.3170430660247803] [-1.2514438629150391:2.9264204502105713] [0:0.27988538146018982] [-0.16868740320205688:0.25632256269454956] [0.0055316057987511158:0.11531444638967514] [0.0079651456326246262:0.088721774518489838] [0.00095409812638536096:0.092050075531005859] [0.0049325018189847469:0.063900329172611237] [-0.71968960762023926:0] [-0.76062244176864624:0] [0.017241379246115685:1] [0.017241379246115685:1] [0.0096504408866167068:0.043657612055540085] [-1.3928108215332031:2.8910765647888184] [-0.47595494985580444:0.57290768623352051] [-0.62940984964370728:1.5476077795028687] [-0.57781422138214111:3.874976634979248] [0:100] [-0.40451541543006897:1.4870842695236206] [0.015483886934816837:1.7820020914077759] [6.1712346076965332:84.119827270507812] [-54.177944183349609:77.140235900878906] [0.0063288267701864243:0.099167443811893463] [-0.22113896906375885:0.095378585159778595] [0.10000000149011612:0.89999997615814209] [0.005115102045238018:0.18252909183502197] [-4.4435362815856934:3.4834246635437012] [0:18.523586273193359] [0.17268767952919006:1.6647372245788574] [-0.092919811606407166:0.057573974132537842] [-0.39400303363800049:0.26549568772315979] [-0.32455301284790039:0.55794161558151245] [-0.30797004699707031:0.86915600299835205] [0.005578002892434597:0.041373930871486664] [-0.35748890042304993:0] [-0.96327811479568481:2.3354122638702393] [0.20776782929897308:1.7303366661071777] [-0.25081929564476013:0.94294917583465576] [-1.1516678333282471:1.0071370601654053] [-1.3436253070831299:1.9539748430252075] [0.0059593440964818001:0.072794802486896515] [0.017241379246115685:1] [0.017241379246115685:1] [0.017241379246115685:1] [0.017241379246115685:1]
tree_sizes=1479 1167 1427 1530 1171 1529 1535 1440 1529 985 1534 1165 1526 1443 1450 1441 1540 1167 1441

Tree=0
num_leaves=15
num_cat=0
split_feature=36 38 16 36 15 34 47 38 34 29 0 16 37 37
split_gain=27.8896 25.8685 28.152 21.4559 15.2332 7.90879 7.35758 5.53692 4.79895 4.03662 3.93159 3.36568 2.57579 2.56183
threshold=0.2413091063499451 -0.032739738002419465 0.016566904261708263 -0.19051344692707059 0.5948275923728944 -0.096622198820114122 0.90517240762710582 -0.07876399531960486 -0.02517468016594648 0.065600439906120314 0.0063504623249173173 0.015344067476689817 0.011097998823970558 0.018163934350013736
decision_type=2 2 2 2 2 2 2 2 2 2 2 2 2 2
left_child=3 5 11 8 -4 9 12 -7 13 -2 -10 -3 -5 -1
right_child=1 2 4 6 -6 7 -8 -9 10 -11 -12 -13 -14 -15
leaf_value=-0.18765694097379593 -0.18844329158639062 -0.19414469263325462 -0.19125157398324441 -0.18755008983177107 -0.18844118175372238 -0.18598861079053272 -0.18950259219723167 -0.18885782196937495 -0.19246699552247898 -0.19107733143113723 -0.19074369412830838 -0.19219383142882013 -0.18622065500781249 -0.19119294396472972
leaf_weight=220 122 194 2178 2999 1409 1640 866 1220 238 165 192 150 4686 190
leaf_count=220 122 194 2178 2999 1409 1640 866 1220 238 165 192 150 4686 190
internal_value=-0.188565 -0.18975 -0.191101 -0.187672 -0.190436 -0.188062 -0.187297 -0.187662 -0.191471 -0.191979 -0.193305 -0.197887 -0.18705 -0.189498
internal_weight=16469 7078 3931 9391 3587 3147 8551 2860 840 287 430 344 7685 410
internal_count=16469 7078 3931 9391 3587 3147 8551 2860 840 287 430 344 7685 410
is_linear=0
shrinkage=1


Tree=1
num_leaves=11
num_cat=0
split_feature=4 38 15 34 44 38 34 17 47 44
split_gain=22.991 15.1499 22.4857 18.6551 8.53009 7.92469 12.0659 8.38456 2.092 1.95336
threshold=0.92910498380661022 -0.024234930984675881 0.5948275923728944 0.13027203083038333 0.031119382940232757 -0.19056690484285352 -0.025785130448639389 1.280742943286896 0.95286133885383617 0.024730022065341476
decision_type=2 2 2 2 2 2 2 2 2 2
left_child=1 5 3 -3 -2 6 -1 -7 -6 -4
right_child=4 2 9 -5 8 7 -8 -9 -10 -11
leaf_value=0.0015625936052606983 -0.0016089805184679581 -0.002909597928094232 0.0019423798427901683 0.00084512777838250297 -0.0062547516453309894 0.0014057684104374036 -0.0015730755622822487 -0.0025140719185969742 -0.0056904181988759661 -0.00041473543863467801
leaf_weight=1462 183 2158 1401 834 139 8127 1315 184 132 563
leaf_count=1462 183 2158 1401 834 139 8127 1315 184 132 563
internal_value=-2.95392e-06 0.000154449 -0.000993499 -0.00235694 -0.00552015 0.000668327 -0.000485712 0.00105474 -0.00830163 0.00108113
internal_weight=16498 16044 4956 2992 454 11088 2777 8311 271 1964
internal_count=16498 16044 4956 2992 454 11088 2777 8311 271 1964
is_linear=0
shrinkage=0.025


Tree=2
num_leaves=14
num_cat=0
split_feature=36 36 11 4 47 47 41 9 37 24 9 39 5
split_gain=24.603 19.2013 18.6367 16.7933 8.78585 7.77226 7.71561 6.61842 3.18798 2.73145 2.58319 2.53407 1.46141
threshold=0.24574924260377887 -0.19051344692707059 0.011028385255485775 0.92910498380661022 0.29548789560794836 0.91434335708618175 0.53585693240165722 0.033498050644993789 0.01116056786850095 15.409160614013674 0.01653279829770327 0.95026811957359325 -0.46667723357677454
decision_type=2 2 2 2 2 2 2 2 2 2 2 2 2
left_child=1 9 4 6 10 8 -4 -5 -3 -1 -2 -7 -11
right_child=2 5 3 7 -6 11 -8 -9 -10 12 -12 -13 -14
leaf_value=-0.0033281197865528064 -0.0035553233889641482 0.00093075783788260568 -0.0017212399309982998 -0.001493573126898822 -0.0040122791950296553 0.00038861048945755598 0.00022672659996029071 -0.0048508831790056751 0.0024169400589016373 0.00064629924185031096 -0.0012486103216721683 -0.0017423192940324306 -0.0023414330995853382
leaf_weight=134 200 3122 1943 124 159 324 4078 267 4867 141 154 444 564
leaf_count=134 200 3122 1943 124 159 324 4078 267 4867 141 154 444 564
internal_value=3.00285e-05 0.000849781 -0.0011048 -0.000734572 -0.00566844 0.00119679 -0.000405119 -0.00572285 0.0014281 -0.0027503 -0.00336699 -0.00119502 -0.00208627
internal_weight=16521 9596 6925 6412 513 8757 6021 391 7989 839 354 768 705
internal_count=16521 9596 6925 6412 513 8757 6021 391 7989 839 354 768 705
is_linear=0
shrinkage=0.025


Tree=3
num_leaves=15
num_cat=0
split_feature=36 36 38 16 4 37 31 47 38 37 27 48 14 37
split_gain=21.7172 21.7896 20.2853 24.8708 9.09235 8.17909 7.23078 5.71068 5.1047 3.60837 3.4671 2.80266 2.35878 2.35682
threshold=0.2413091063499451 -0.19051344692707059 -0.032739738002419465 0.016566904261708263 0.88344573974609386 0.0086364797316491621 2.1374346017837529 0.91434335708618175 -0.26237203180789942 0.02650994993746281 -0.011357176583260296 0.81896552443504345 0.76228907704353344 0.01116056786850095
decision_type=2 2 2 2 2 2 2 2 2 2 2 2 2 2
left_child=1 8 6 5 -5 -4 10 13 -1 -8 -2 -9 -10 -3
right_child=2 7 3 4 -6 -7 9 11 12 -11 -12 -13 -14 -15
leaf_value=-0.00021403532954269793 -0.0016561981874103832 0.001040358688395847 -0.0032826664741053349 -0.0012426137500170752 -0.0040410937383359453 -0.0047496745662049646 -0.00019594341042706833 0.00030651223687155687 -0.0035160817233872289 -0.0028447247065459115 0.0016240953939756029 -0.0020805909889889825 -0.0012093096654932868 0.0022534668516841529
leaf_weight=278 171 3105 121 3258 326 222 255 474 424 226 2470 264 143 4673
leaf_count=278 171 3105 121 3258 326 222 255 474 424 226 2470 264 143 4673
internal_value=4.83553e-05 0.000837738 -0.000998901 -0.00219386 -0.00156973 -0.00858118 0.000503278 0.00121861 -0.00297794 -0.00229681 0.00101899 -0.000873149 -0.00432911 0.00141832
internal_weight=16410 9361 7049 3927 3584 343 3122 8516 845 481 2641 738 567 7778
internal_count=16410 9361 7049 3927 3584 343 3122 8516 845 481 2641 738 567 7778
is_linear=0
shrinkage=0.025


Tree=4
num_leaves=11
num_cat=0
split_feature=17 38 15 34 38 34 44 44 11 44
split_gain=22.8863 13.5659 19.8137 15.7442 6.46583 10.6567 5.60239 4.8904 5.09012 1.42804
threshold=1.280742943286896 -0.024234930984675881 0.5948275923728944 0.1316887363791466 -0.18911895900964734 -0.025785130448639389 0.026997604407370094 0.026160689070820812 0.029069392941892151 0.024730022065341476
decision_type=2 2 2 2 2 2 2 2 2 2
left_child=1 4 3 -3 5 -1 -6 -2 -9 -4
right_child=7 2 9 -5 6 -7 -8 8 -10 -11
leaf_value=0.0017962685205786849 -0.0014216872819719933 -0.0026577504673152633 0.0019149499181566278 0.00077605235874106501 0.001611580922295428 -0.0015071961715450014 -0.00052481841970635726 -0.0052761825640452011 -0.0018739015197393506 7.691413068601739e-05
leaf_weight=1520 166 2174 1347 823 6921 1349 1247 226 122 572
leaf_count=1520 166 2174 1347 823 6921 1349 1247 226 122 572
internal_value=4.31794e-05 0.000211571 -0.000879648 -0.00214898 0.000698356 -0.000320546 0.00105699 -0.00512283 -0.00679533 0.00109992
internal_weight=16467 15953 4916 2997 11037 2869 8168 514 348 1919
internal_count=16467 15953 4916 2997 11037 2869 8168 514 348 1919
is_linear=0
shrinkage=0.025


Tree=5
num_leaves=15
num_cat=0
split_feature=36 36 35 16 34 17 34 48 41 20 34 17 0 1
split_gain=20.6612 17.5094 11.8758 13.1352 18.2423 9.90636 6.34249 5.20074 4.82187 4.39061 3.26505 2.30084 2.1818 1.6086
threshold=0.23877062648534778 -0.19051344692707059 0.089548364281654372 0.019515772350132469 0.0099116507917642611 1.280742943286896 -0.027385408990085122 0.90517240762710582 0.61015021800994884 0.24821717292070392 -0.02517468016594648 -0.31046396493911738 0.0063504623249173173 0.0091116963885724562
decision_type=2 2 2 2 2 2 2 2 2 2 2 2 2 2
left_child=1 10 6 4 -4 -5 9 11 -9 -2 13 -3 -12 -1
right_child=2 7 3 5 -6 -7 -8 8 -10 -11 12 -13 -14 -15
leaf_value=4.9044346778374937e-05 0.00076446165172121998 9.3866151950856153e-05 0.0019754300029946599 -0.00067597142473822716 -0.0036775389136121579 -0.0041956686548080581 0.0039231452777062871 -0.0031319361827240365 0.00022722239769310502 -0.0025732073383992801 -0.0035622228493574892 0.0017381656185570336 -0.0025898056435608541 -0.0027021296740906333
leaf_weight=281 353 834 279 4180 838 284 960 143 723 227 239 6866 204 121
leaf_count=281 353 834 279 4180 838 284 960 143 723 227 239 6866 204 121
internal_value=2.71362e-05 0.000796118 -0.000988107 -0.00152457 -0.00394496 -0.000913795 0.000950647 0.00113566 -0.000693169 -0.00110043 -0.002625 0.00134247 -0.00409877 -0.00095516
internal_weight=16532 9411 7121 5581 1117 4464 1540 8566 866 580 845 7700 443 402
internal_count=16532 9411 7121 5581 1117 4464 1540 8566 866 580 845 7700 443 402
is_linear=0
shrinkage=0.025


Tree=6
num_leaves=15
num_cat=0
split_feature=35 36 4 37 16 44 44 36 36 38 35 32 37 33
split_gain=18.9495 18.7528 11.8006 12.075 10.389 7.09865 5.94588 5.47925 3.94594 3.75379 2.78062 2.44822 1.35695 1.0456
threshold=0.085017457604408278 -0.19051344692707059 0.92910498380661022 0.018163934350013736 0.018073733896017078 0.029307981953024868 0.026774658821523193 0.51291587948799144 0.49839919805526739 -0.25026172399520868 -0.11291125044226645 0.99207776784896862 0.017976730130612854 -0.019275580532848832
decision_type=2 2 2 2 2 2 2 2 2 2 2 2 2 2
left_child=1 9 3 4 -2 -4 13 -5 -7 12 -8 -11 -1 -3
right_child=2 6 5 7 -6 8 10 -9 -10 11 -12 -13 -14 -15
leaf_value=7.8810858175525504e-06 -0.0025597746058193755 0.00059649359726907873 -0.00010849964785726082 0.0036662978524752091 -0.00066818696630282874 -0.0025427028484606828 0.0022159269765385475 -0.00098992143132289596 -0.0062018796860690666 -0.0043288970078622811 -0.00092382503186495477 -0.0015122092848937052 -0.0024088854431136078 0.0022232297942605295
leaf_weight=308 1202 479 123 1387 4986 124 292 444 128 205 851 203 138 5616
leaf_count=308 1202 479 123 1387 4986 124 292 444 128 205 851 203 138 5616
internal_value=5.66219e-05 0.00091994 -0.000774943 -0.000569697 -0.00109781 -0.00508224 0.00133422 0.00120983 -0.0074465 -0.0025713 -0.000314678 -0.00429479 -0.000950665 0.00164447
internal_weight=16486 8092 8394 8019 6188 375 7238 1831 252 854 1143 408 446 6095
internal_count=16486 8092 8394 8019 6188 375 7238 1831 252 854 1143 408 446 6095
is_linear=0
shrinkage=0.025


Tree=7
num_leaves=14
num_cat=0
split_feature=35 17 37 33 26 13 35 35 4 38 38 15 37
split_gain=19.1868 13.2228 11.9913 9.44473 7.03895 6.48519 3.93691 3.71271 3.68815 3.59217 7.25228 2.174 0.679884
threshold=0.085017457604408278 1.280742943286896 0.018163934350013736 0.01341320062056184 0.031191768124699596 -0.066771730780601488 -0.13811293244361875 0.009899018798023464 0.80832090973854076 -0.21699625253677365 -0.2802711278200149 0.060344828292727477 0.022892195731401447
decision_type=2 2 2 2 2 2 2 2 2 2 2 2 2
left_child=4 2 3 -2 9 -3 12 -8 -4 10 -1 -11 -6
right_child=1 5 8 -5 6 -7 7 -9 -10 11 -12 -13 -14
leaf_value=0.0029115243496433785 -0.0013393262871514312 -0.0052478651464230907 0.0021682852584284742 0.0014639458337179739 3.9786320774015099e-05 -0.0019793566309341797 -0.0019941452984677407 0.00090168879171621775 -0.0027856595128075549 -0.0011623970017059662 -0.0014554146871653875 0.0018584259134608754 0.0077379740657797002
leaf_weight=563 5218 186 1689 1036 127 170 778 313 136 132 627 5196 226
leaf_count=563 5218 186 1689 1036 127 170 778 313 136 132 627 5196 226
internal_value=3.26943e-05 -0.000797541 -0.000587116 -0.0011078 0.000912985 -0.0054813 -0.000661663 -0.00140625 0.00119194 0.00126303 1.56905e-05 0.00154017 0.00160964
internal_weight=16397 8435 8079 6254 7962 356 1444 1091 1825 6518 1190 5328 353
internal_count=16397 8435 8079 6254 7962 356 1444 1091 1825 6518 1190 5328 353
is_linear=0
shrinkage=0.025


Tree=8
num_leaves=15
num_cat=0
split_feature=36 36 11 31 40 44 47 47 34 36 0 39 17 3
split_gain=18.1909 17.4522 15.6161 13.5317 11.5657 7.5526 6.05219 5.62447 4.10973 3.52995 2.35727 2.19048 1.77444 1.72184
threshold=0.2413091063499451 -0.19051344692707059 0.012196200434118511 2.4399549961090092 1.0986919403076174 0.026877453550696376 0.90517240762710582 0.48606015741825109 -0.024287732318043705 0.41138651967048651 0.0065351286903023728 1.1840480566024782 0.031054095365107063 -1.0000000180025095e-35
decision_type=2 2 2 2 2 2 2 2 2 2 2 2 2 2
left_child=1 8 4 7 9 -5 13 -4 12 -2 -10 -8 -1 -3
right_child=2 6 3 5 -6 -7 11 -9 10 -11 -12 -13 -14 -15
leaf_value=0.00010775768257759498 -0.0022822652581682454 0.0019949379774998029 0.00094608486044207808 -0.00048653675169058167 -0.0044265855029132998 -0.0035686279324125231 0.00027035531938727716 -0.00096088332706882335 -0.0033396849512270506 0.0002219206969428688 -0.0025340504643969457 -0.001536870536650887 -0.0026512293401957294 0.0011795269141749026
leaf_weight=302 550 3569 2533 354 143 568 502 2742 221 179 179 362 136 4141
leaf_count=302 550 3569 2533 354 143 568 502 2742 221 179 179 362 136 4141
internal_value=0.00010289 0.000822847 -0.000854714 -0.000411359 -0.00397805 -0.00319714 0.00116025 7.69414e-05 -0.00260824 -0.00265157 -0.00442901 -0.000815593 -0.000900113 0.00138286
internal_weight=16481 9412 7069 6197 872 922 8574 5275 838 729 400 864 438 7710
internal_count=16481 9412 7069 6197 872 922 8574 5275 838 729 400 864 438 7710
is_linear=0
shrinkage=0.025


Tree=9
num_leaves=9
num_cat=0
split_feature=4 35 36 37 36 36 44 41
split_gain=18.1814 15.0311 19.1709 10.7522 13.7947 10.0751 4.95062 2.47508
threshold=1.0829941034317019 0.067380785942077651 -0.19051344692707059 0.014846436679363252 0.3876872211694718 0.24341033399105075 0.026774658821523193 0.7768099606037141
decision_type=2 2 2 2 2 2 2 2
left_child=1 2 7 5 -5 -3 -4 -1
right_child=-2 3 6 4 -6 -7 -8 -9
leaf_value=-0.0023384900726496154 -0.0063393634512288232 -1.2022839190798789e-05 0.0020300603431994422 0.0033234440025664428 -0.0010593283877405556 -0.0020040921252954128 -0.00011139900846112929 0.00047034459241189269
leaf_weight=721 191 2262 5804 1958 1515 2864 1080 125
leaf_count=721 191 2262 5804 1958 1515 2864 1080 125
internal_value=8.73677e-05 0.000178539 0.000978507 -0.00054001 0.000532274 -0.00126754 0.00141584 -0.00256022
internal_weight=16520 16329 7730 8599 3473 5126 6884 846
internal_count=16520 16329 7730 8599 3473 5126 6884 846
is_linear=0
shrinkage=0.025


Tree=10
num_leaves=15
num_cat=0
split_feature=35 36 36 4 9 35 44 34 13 39 35 44 15 32
split_gain=15.1439 18.0558 10.1742 9.97556 10.9425 8.37279 6.21427 4.39997 3.9355 2.84976 2.75788 2.34385 1.87158 1.80246
threshold=0.085017457604408278 -0.19051344692707059 0.24574924260377887 1.0829941034317019 0.021556129679083828 0.09906462207436563 0.026877453550696376 -0.02517468016594648 -0.24661657959222791 0.91833955049514782 -0.11014478281140326 0.02355082239955664 0.060344828292727477 0.94205194711685192
decision_type=2 2 2 2 2 2 2 2 2 2 2 2 2 2
left_child=1 7 5 4 -4 9 12 13 -7 -2 -8 -9 -3 -1
right_child=2 6 3 -5 -6 8 10 11 -10 -11 -12 -13 -14 -15
leaf_value=0.0013624791076346328 -5.3232603403396965e-05 -0.0010902935629885225 -0.0024498241794924467 -0.0063437336255607107 -0.00056990209531764078 -0.00047492195100479033 0.0020669312305583156 -0.0019678255188543344 0.0022346173712068243 -0.0019430640828970046 -0.001094548210493035 -0.0057212307636419621 0.0019989296722255235 -0.0019458824462054527
leaf_weight=148 170 162 1022 136 4285 626 288 320 1896 230 818 136 5948 255
leaf_count=148 170 162 1022 136 4285 626 288 320 1896 230 818 136 5948 255
internal_value=0.000128839 0.000901145 -0.000616039 -0.00125482 -0.00107798 0.000571831 0.00130989 -0.00251302 0.00110754 -0.00276235 -0.000408416 -0.00418384 0.00162204 -0.000579044
internal_weight=16440 8075 8365 5443 5307 2922 7216 859 2522 400 1106 456 6110 403
internal_count=16440 8075 8365 5443 5307 2922 7216 859 2522 400 1106 456 6110 403
is_linear=0
shrinkage=0.025


Tree=11
num_leaves=11
num_cat=0
split_feature=17 35 37 38 44 44 11 4 39 4
split_gain=17.6419 12.9069 11.9015 10.2111 4.7928 4.68492 4.69131 4.40883 2.45403 2.28916
threshold=1.280742943286896 0.067380785942077651 0.016860834322869781 -0.10087846592068671 0.022368536330759529 0.02565470710396767 0.029069392941892151 0.69937762618064891 1.1925960183143618 -0.13595753908157346
decision_type=2 2 2 2 2 2 2 2 2 2
left_child=1 4 3 -3 9 -2 -7 -4 -6 -1
right_child=5 2 7 -5 8 6 -8 -9 -10 -11
leaf_value=0.00056967687818713594 -0.00086395318795486845 -0.0020630895680099986 0.0019523095321698518 -0.00078716768442762272 0.0004988123087350685 -0.0046379399507490704 -0.0015301844970441079 -0.0021529699963269695 -0.0016458838028562787 0.0021226836933395678
leaf_weight=1619 143 676 2031 5323 1822 231 133 341 570 3541
leaf_count=1619 143 676 2031 5323 1822 231 133 341 570 3541
internal_value=7.26347e-05 0.000219817 -0.000455617 -0.00104868 0.000969135 -0.00449463 -0.00598577 0.0010407 4.11974e-05 0.00139763
internal_weight=16430 15923 8371 5999 7552 507 364 2372 2392 5160
internal_count=16430 15923 8371 5999 7552 507 364 2372 2392 5160
is_linear=0
shrinkage=0.025


Tree=12
num_leaves=15
num_cat=0
split_feature=35 36 36 38 11 47 40 44 37 38 31 31 15 34
split_gain=15.3079 15.5052 10.1597 14.417 12.0001 9.07595 8.28814 6.50527 6.29433 4.79314 3.01677 2.0028 1.72319 1.4428
threshold=0.085017457604408278 -0.19051344692707059 0.24574924260377887 -0.10087846592068671 0.012196200434118511 0.48606015741825109 1.0986919403076174 0.026877453550696376 0.01116056786850095 -0.23146564513444898 2.4399549961090092 2.4802438020706181 0.060344828292727477 -0.024729846976697441
decision_type=2 2 2 2 2 2 2 2 2 2 2 2 2 2
left_child=1 9 3 8 6 -6 -4 12 -2 13 -9 -5 -3 -1
right_child=2 7 4 11 5 -7 -8 10 -10 -11 -12 -13 -14 -15
leaf_value=-9.7612349071169132e-05 -0.0019872249445149464 -0.0009995494142164699 -0.001959327976964948 0.0024290679619400472 0.00045242154191055088 -0.0017938946633967612 -0.0041179988413494245 9.3257495310515806e-05 0.001095282219795751 -0.002578966276936507 -0.0030671711803057574 -0.0014200448999193915 0.00197291454817218 -0.0020507541345798938
leaf_weight=384 501 158 712 1989 1999 2648 134 964 217 220 161 149 5933 240
leaf_count=384 501 158 712 1989 1999 2648 134 964 217 220 161 149 5933 240
internal_value=0.000139591 0.00091677 -0.000610037 0.000597256 -0.00123886 -0.000736511 -0.00397033 0.00129258 -0.00245332 -0.00227768 -0.000448009 0.00162797 0.0016152 -0.00112679
internal_weight=16409 8060 8349 2856 5493 4647 846 7216 718 844 1125 2138 6091 624
internal_count=16409 8060 8349 2856 5493 4647 846 7216 718 844 1125 2138 6091 624
is_linear=0
shrinkage=0.025


Tree=13
num_leaves=14
num_cat=0
split_feature=31 35 37 38 41 11 26 35 47 38 35 40 26
split_gain=16.4713 10.3666 10.8031 8.53334 5.73952 5.08444 4.14005 3.09608 3.09297 2.77719 2.41928 2.30223 1.51525
threshold=2.4399549961090092 0.067380785942077651 0.016163763590157035 -0.10881604999303816 0.6045941710472108 0.018143449909985069 0.030882362276315693 -0.14790331572294232 0.95286133885383617 -0.0057471282780170432 0.24762298911809924 1.0938133001327517 0.032228453084826476
decision_type=2 2 2 2 2 2 2 2 2 2 2 2 2
left_child=1 6 3 -3 5 9 11 -8 -7 -2 -4 -1 -6
right_child=4 2 10 -5 12 8 7 -9 -10 -11 -12 -13 -14
leaf_value=0.0016491068520813898 0.0007741160292151876 -0.001818370137859204 0.0030037046181154831 -0.00066165395564311109 0.0012581871929847818 -0.0041467079541572657 0.0038405342427342034 -0.0011521417601183862 -0.002748042082974504 -0.0038676545809393434 0.00014666679971341102 0.00054094753075454726 -0.00074971969329800281
leaf_weight=4532 192 586 1435 4675 191 289 334 963 177 209 1077 1642 162
leaf_count=4532 192 586 1435 4675 191 289 334 963 177 209 1077 1642 162
internal_value=0.00012015 0.000344531 -0.000293938 -0.000938331 -0.00266837 -0.00375717 0.0010094 -0.000269777 -0.00552813 -0.00164101 0.00105234 0.00127913 3.49171e-06
internal_weight=16464 15244 7773 5261 1220 867 7471 1297 466 401 2512 6174 353
internal_count=16464 15244 7773 5261 1220 867 7471 1297 466 401 2512 6174 353
is_linear=0
shrinkage=0.025


Tree=14
num_leaves=14
num_cat=0
split_feature=44 31 35 36 37 36 36 36 38 36 34 15 40
split_gain=15.2765 10.3101 9.97684 12.6674 10.1886 9.78575 5.82963 3.25202 3.05349 3.01954 2.80216 2.35915 2.05585
threshold=0.026877453550696376 2.9389816522598271 0.067380785942077651 -0.19051344692707059 0.014846436679363252 0.24574924260377887 0.3876872211694718 0.51832938194274913 -0.25026172399520868 0.71543094515800487 0.046807814389467246 0.060344828292727477 0.88845661282539379
decision_type=2 2 2 2 2 2 2 2 2 2 2 2 2
left_child=2 9 3 8 5 -4 -6 10 -1 12 -3 -5 -2
right_child=1 7 4 11 6 -7 -8 -9 -10 -11 -12 -13 -14
leaf_value=-0.00015420556953649067 0.00034204067467922964 -0.0035799384316934769 0.00027216195025902575 -0.00099402064971477544 0.0032435944312490363 -0.0017872171005531231 -0.00047850503316632917 -0.0054824123753073285 -0.0020234003157425131 -0.0031110944961754562 -0.0018093024180669437 0.001933535366808614 -0.0010935017717606521
leaf_weight=371 880 182 2067 159 1617 2322 934 125 345 123 157 5633 1548
leaf_count=371 880 182 2067 159 1617 2322 934 125 345 123 157 5633 1548
internal_value=0.000147331 -0.00145902 0.000508344 0.00121123 -0.000150288 -0.000881031 0.00110378 -0.0048694 -0.00191227 -0.000827954 -0.00347747 0.00159975 -0.000626284
internal_weight=16463 3015 13448 6508 6940 4389 2551 464 716 2551 339 5792 2428
internal_count=16463 3015 13448 6508 6940 4389 2551 464 716 2551 339 5792 2428
is_linear=0
shrinkage=0.025


Tree=15
num_leaves=14
num_cat=0
split_feature=35 17 37 34 26 35 4 35 13 4 34 47 34
split_gain=14.5338 9.71174 9.73142 8.00847 6.10935 4.86893 4.49387 4.4603 4.2406 2.22116 4.00999 3.13124 0.382648
threshold=0.085017457604408278 1.280742943286896 0.015450918581336738 0.13027203083038333 0.033016124740242965 -0.13811293244361875 0.90514621138572704 0.0077961040660738954 -0.066771730780601488 -0.19856583327054975 0.06972935795783998 0.62931033968925487 -0.077587597072124467
decision_type=2 2 2 2 2 2 2 2 2 2 2 2 2
left_child=4 2 3 -2 9 12 -4 -7 -3 10 -1 -11 -6
right_child=1 8 6 -5 5 7 -8 -9 -10 11 -12 -13 -14
leaf_value=0.00058744468549557741 -0.0014542277222520774 -0.0045550042304031528 0.0010724055471002 0.00069227991270653802 0.0069046946960350346 -0.002359535341046627 -0.0021635680393402774 0.00096603760454569594 -0.0024894884975565552 0.0019803023119921194 -0.0013047754097650697 0.00045718791233502069 0.0016505087066047476
leaf_weight=1258 3862 171 2890 1155 214 630 132 258 166 3691 149 1772 120
leaf_count=1258 3862 171 2890 1155 214 630 132 258 166 3691 149 1772 120
internal_value=0.000102516 -0.000626864 -0.00045018 -0.0011253 0.000858188 -0.000765077 0.000668566 -0.00173432 -0.00475512 0.00114818 0.000255843 0.00137642 0.00178097
internal_weight=16468 8376 8039 5017 8092 1222 3022 888 337 6870 1407 5463 334
internal_count=16468 8376 8039 5017 8092 1222 3022 888 337 6870 1407 5463 334
is_linear=0
shrinkage=0.025


Tree=16
num_leaves=15
num_cat=0
split_feature=44 31 35 26 35 4 9 41 38 38 48 30 15 35
split_gain=13.6028 10.5264 10.0059 8.75425 9.22078 4.04144 4.24417 2.75756 2.58538 4.75536 2.54747 3.08666 2.12461 1.78368
threshold=0.026877453550696376 2.4399549961090092 0.067380785942077651 0.020275206305086616 0.16303906589746478 1.0232827663421633 0.040143271908164031 0.54878821969032299 -0.20849661529064176 -0.28619307279586786 0.93360236287117015 0.10770780593156816 0.060344828292727477 -0.11291125044226645
decision_type=2 2 2 2 2 2 2 2 2 2 2 2 2 2
left_child=2 10 8 4 -4 6 -3 -5 9 -1 13 -12 -10 -2
right_child=1 5 3 7 -6 -7 -8 -9 12 -11 11 -13 -14 -15
leaf_value=0.0028078865275144322 0.0023821482473407869 -0.0035240639134132773 6.8822397824214e-05 -0.00035677524229765393 -0.0021316045660668761 -0.0055847312812412949 -0.00013014997015185366 0.0010769896529665992 -0.0011695465914210283 -0.00071580180277048817 -0.00032789862162799189 -0.0035028026278784391 0.0016706736872329536 -0.00064654401787713519
leaf_weight=634 244 311 1395 1604 1190 187 228 2694 129 971 143 125 4789 1820
leaf_count=634 244 311 1395 1604 1190 187 228 2694 129 971 143 125 4789 1820
internal_value=0.000115596 -0.00138712 0.000459231 -0.000204885 -0.00135376 -0.0040065 -0.00284237 0.000485417 0.00116058 0.000283385 -0.000562152 -0.00283425 0.001445 -0.000257975
internal_weight=16464 3058 13406 6883 2585 726 539 4298 6523 1605 2332 268 4918 2064
internal_count=16464 3058 13406 6883 2585 726 539 4298 6523 1605 2332 268 4918 2064
is_linear=0
shrinkage=0.025


Tree=17
num_leaves=11
num_cat=0
split_feature=17 36 38 33 36 34 47 34 44 29
split_gain=12.5535 8.88206 13.4282 18.178 12.1431 6.01265 4.5978 3.7387 3.1935 3.68876
threshold=1.280742943286896 0.23877062648534778 -0.025827856734395024 0.0060703584458678969 -0.19051344692707059 -0.096622198820114122 0.91434335708618175 -0.02517468016594648 0.026518774218857292 0.094526931643486037
decision_type=2 2 2 2 2 2 2 2 2 2
left_child=1 4 5 -4 7 -3 -6 -1 -2 -10
right_child=8 2 3 -5 6 -7 -8 -9 9 -11
leaf_value=-0.00036685753305878369 -0.0011323118528133401 -0.0018857218552694799 -0.002427714938581787 0.00046218412519834256 0.0013420204519458908 0.0012887764043623888 -0.00091440572640954934 -0.0024605863855609133 -0.0047204878038846479 -0.0013054575664475474
leaf_weight=415 180 239 1878 1687 7730 2902 693 431 164 163
leaf_count=415 180 239 1878 1687 7730 2902 693 431 164 163
internal_value=0.000187951 0.000311718 -0.000380532 -0.00143032 0.000813161 0.000809361 0.00110065 -0.00203143 -0.00366455 -0.00512425
internal_weight=16482 15975 6706 3565 9269 3141 8423 846 507 327
internal_count=16482 15975 6706 3565 9269 3141 8423 846 507 327
is_linear=0
shrinkage=0.025


Tree=18
num_leaves=14
num_cat=0
split_feature=31 36 36 11 44 36 47 3 34 29 11 37 36
split_gain=13.3146 9.44475 11.0256 14.864 7.22125 4.09064 3.84999 3.69833 3.43785 2.0557 1.63195 1.3637 0.589851
threshold=2.4399549961090092 -0.19051344692707059 0.23877062648534778 0.012255733832716944 0.026877453550696376 0.61968082189559948 0.86720469594001781 0.55628815293312084 -0.019268832169473168 0.054208029061555869 0.018358177505433563 0.01824087463319302 0.36072041094303137
decision_type=2 2 2 2 2 2 2 2 2 2 2 2 2
left_child=1 8 6 -4 9 7 -3 -6 11 -2 -10 -1 -11
right_child=4 2 3 -5 5 -7 -8 -9 10 12 -12 -13 -14
leaf_value=8.2759513817498841e-05 -0.0024704644232598832 0.0013727548445171506 -0.0023235912918158248 0.00022555196116206576 -0.002715225506588018 -0.0050478494713506392 -0.00021803374693692593 -0.00048474590537952897 -0.00094825074448135534 0.0018673190218902382 -0.0034015667784517856 -0.0021228701840336935 -7.8198938797476592e-05
leaf_weight=329 122 7218 838 5235 360 135 1061 199 120 191 199 200 196
leaf_count=329 122 7218 838 5235 360 135 1061 199 120 191 199 200 196
internal_value=0.000157012 0.000358024 0.000510117 -0.000298001 -0.00236858 -0.00401824 0.00110348 -0.00300754 -0.00219666 -8.99805e-05 -0.00423225 -0.000929307 0.000794005
internal_weight=16403 15200 14352 6073 1203 694 8279 559 848 509 319 529 387
internal_count=16403 15200 14352 6073 1203 694 8279 559 848 509 319 529 387
is_linear=0
shrinkage=0.025


end of trees

feature_importances:
universe58_loo_log_return_126=32
universe58_loo_log_return_60=22
universe58_loo_drawdown_252=20
universe58_loo_log_return_20=19
source_idiosyncratic_volatility_60=18
universe58_loo_realized_volatility_20=17
source_log_return_126=12
cross_section_volatility_60_percentile=12
source_momentum_12_1=9
source_downside_volatility_60=8
cross_section_positive_return_breadth=8
source_distance_from_252_session_low=8
cross_section_return_dispersion=5
source_parkinson_volatility_20=5
source_correlation_universe58_60=5
source_realized_volatility_60=4
source_beta_universe58_60=4
source_beta_universe58_252=4
source_log_return_1=3
source_drawdown_from_252_session_peak=3
source_max_daily_log_return_20=3
universe58_loo_log_return_1=3
cross_section_beta_60_percentile=3
source_log_return_60=2
source_volatility_ratio_20_60=2
source_log_return_5=1
source_log_return_252=1
cross_section_momentum_20_percentile=1
source_close_ma200_ratio=1
source_adx_14=1
source_overnight_gap_1=1
source_return_skewness_60=1

parameters:
[boosting: gbdt]
[objective: quantile]
[metric: quantile]
[tree_learner: serial]
[device_type: cpu]
[data_sample_strategy: bagging]
[data: ]
[valid: ]
[num_iterations: 19]
[learning_rate: 0.025]
[num_leaves: 15]
[num_threads: 12]
[seed: 31907]
[deterministic: 1]
[force_col_wise: 1]
[force_row_wise: 0]
[histogram_pool_size: -1]
[max_depth: 4]
[min_data_in_leaf: 120]
[min_sum_hessian_in_leaf: 0.001]
[bagging_fraction: 0.85]
[pos_bagging_fraction: 1]
[neg_bagging_fraction: 1]
[bagging_freq: 1]
[bagging_seed: 31907]
[bagging_by_query: 0]
[feature_fraction: 0.75]
[feature_fraction_bynode: 1]
[feature_fraction_seed: 31907]
[extra_trees: 0]
[extra_seed: 29903]
[early_stopping_round: 0]
[early_stopping_min_delta: 0]
[first_metric_only: 0]
[max_delta_step: 0]
[lambda_l1: 0.25]
[lambda_l2: 5]
[linear_lambda: 0]
[min_gain_to_split: 0]
[drop_rate: 0.1]
[max_drop: 50]
[skip_drop: 0.5]
[xgboost_dart_mode: 0]
[uniform_drop: 0]
[drop_seed: 13997]
[top_rate: 0.2]
[other_rate: 0.1]
[min_data_per_group: 100]
[max_cat_threshold: 32]
[cat_l2: 10]
[cat_smooth: 10]
[max_cat_to_onehot: 4]
[top_k: 20]
[monotone_constraints: ]
[monotone_constraints_method: basic]
[monotone_penalty: 0]
[feature_contri: ]
[forcedsplits_filename: ]
[refit_decay_rate: 0.9]
[cegb_tradeoff: 1]
[cegb_penalty_split: 0]
[cegb_penalty_feature_lazy: ]
[cegb_penalty_feature_coupled: ]
[path_smooth: 0]
[interaction_constraints: ]
[verbosity: -1]
[saved_feature_importance_type: 0]
[use_quantized_grad: 0]
[num_grad_quant_bins: 4]
[quant_train_renew_leaf: 0]
[stochastic_rounding: 1]
[linear_tree: 0]
[max_bin: 255]
[max_bin_by_feature: ]
[min_data_in_bin: 3]
[bin_construct_sample_cnt: 200000]
[data_random_seed: 31907]
[is_enable_sparse: 1]
[enable_bundle: 1]
[use_missing: 1]
[zero_as_missing: 0]
[feature_pre_filter: 1]
[pre_partition: 0]
[two_round: 0]
[header: 0]
[label_column: ]
[weight_column: ]
[group_column: ]
[ignore_column: ]
[categorical_feature: ]
[forcedbins_filename: ]
[precise_float_parser: 0]
[parser_config_file: ]
[objective_seed: 26957]
[num_class: 1]
[is_unbalance: 0]
[scale_pos_weight: 1]
[sigmoid: 1]
[boost_from_average: 1]
[reg_sqrt: 0]
[alpha: 0.1]
[fair_c: 1]
[poisson_max_delta_step: 0.7]
[tweedie_variance_power: 1.5]
[lambdarank_truncation_level: 30]
[lambdarank_norm: 1]
[label_gain: ]
[lambdarank_position_bias_regularization: 0]
[eval_at: ]
[multi_error_top_k: 1]
[auc_mu_weights: ]
[num_machines: 1]
[local_listen_port: 12400]
[time_out: 120]
[machine_list_filename: ]
[machines: ]
[gpu_platform_id: -1]
[gpu_device_id: -1]
[gpu_use_dp: 0]
[num_gpu: 1]

end of parameters

pandas_categorical:[]
