tree
version=v4
num_class=1
num_tree_per_iteration=1
label_index=0
max_feature_idx=48
objective=huber
feature_names=source_log_return_1 source_log_return_5 source_log_return_20 source_log_return_60 source_log_return_126 source_log_return_252 source_intraday_log_range source_close_to_open_log_return source_realized_volatility_20 source_realized_volatility_60 source_downside_volatility_20 source_downside_volatility_60 source_drawdown_from_60_session_peak source_drawdown_from_252_session_peak cross_section_momentum_20_percentile cross_section_positive_return_breadth cross_section_return_dispersion source_momentum_12_1 source_ma5_ma20_ratio source_close_ma50_ratio source_close_ma200_ratio source_rsi_14 source_bollinger_pct_b_20 source_bollinger_bandwidth_20 source_adx_14 source_directional_index_spread_14 source_parkinson_volatility_20 source_overnight_gap_1 source_positive_day_ratio_20 source_max_daily_log_return_20 source_return_skewness_60 source_distance_from_252_session_low source_volatility_ratio_20_60 universe58_loo_log_return_1 universe58_loo_log_return_20 universe58_loo_log_return_60 universe58_loo_log_return_126 universe58_loo_realized_volatility_20 universe58_loo_drawdown_252 source_beta_universe58_60 source_beta_universe58_252 source_correlation_universe58_60 source_residual_momentum_20 source_residual_momentum_126 source_idiosyncratic_volatility_60 cross_section_momentum_126_percentile cross_section_momentum_252_percentile cross_section_volatility_60_percentile cross_section_beta_60_percentile
feature_infos=[-0.2207123190164566:0.182477205991745] [-0.54819971323013306:0.44636186957359314] [-1.1351611614227295:1.077221155166626] [-1.1748896837234497:1.5560240745544434] [-1.0490233898162842:2.3170430660247803] [-1.2514438629150391:2.9264204502105713] [0:0.27988538146018982] [-0.16868740320205688:0.25632256269454956] [0.0055316057987511158:0.11531444638967514] [0.0079651456326246262:0.088721774518489838] [0.00095409812638536096:0.092050075531005859] [0.0049325018189847469:0.063900329172611237] [-0.71968960762023926:0] [-0.76062244176864624:0] [0.017241379246115685:1] [0.017241379246115685:1] [0.0096504408866167068:0.043657612055540085] [-1.3928108215332031:2.8910765647888184] [-0.47595494985580444:0.57290768623352051] [-0.62940984964370728:1.5476077795028687] [-0.57781422138214111:3.874976634979248] [0:100] [-0.40451541543006897:1.4870842695236206] [0.015483886934816837:1.7820020914077759] [6.1712346076965332:84.119827270507812] [-54.177944183349609:77.140235900878906] [0.0063288267701864243:0.099167443811893463] [-0.22113896906375885:0.095378585159778595] [0.10000000149011612:0.89999997615814209] [0.005115102045238018:0.18252909183502197] [-4.4435362815856934:3.4834246635437012] [0:18.523586273193359] [0.17268767952919006:1.6647372245788574] [-0.092919811606407166:0.057573974132537842] [-0.39400303363800049:0.26549568772315979] [-0.32455301284790039:0.55794161558151245] [-0.30797004699707031:0.86915600299835205] [0.005578002892434597:0.041373930871486664] [-0.35748890042304993:0] [-0.96327811479568481:2.3354122638702393] [0.20776782929897308:1.7303366661071777] [-0.25081929564476013:0.94294917583465576] [-1.1516678333282471:1.0071370601654053] [-1.3436253070831299:1.9539748430252075] [0.0059593440964818001:0.072794802486896515] [0.017241379246115685:1] [0.017241379246115685:1] [0.017241379246115685:1] [0.017241379246115685:1]
tree_sizes=3343 3714 3447 3532 3624 3697 3807 3446 3636 3546

Tree=0
num_leaves=37
num_cat=0
split_feature=36 37 36 36 37 15 16 35 38 38 36 34 37 36 15 16 17 37 11 16 38 39 47 20 39 35 19 3 35 34 44 11 39 44 17 46
split_gain=23.2374 21.566 29.5948 14.2953 20.5477 11.9253 11.0822 9.43704 15.9611 13.3954 13.4146 19.2862 12.4338 6.48515 5.69891 5.59044 5.58789 5.39468 3.64456 2.74557 2.42511 2.18857 2.00471 1.47923 1.00499 0.959512 0.839535 0.751724 0.713952 0.506994 0.485482 0.436357 0.510316 0.417702 0.345768 0.194656
threshold=-0.19051344692707059 0.015850429423153404 0.59984809160232555 0.18250053375959399 0.019930470734834674 0.49137930572032934 0.022496481426060203 0.067380785942077651 -0.055584881454706185 -0.084287427365779863 0.24341033399105075 0.15038520097732547 0.0090297367423772829 0.21088963001966479 0.73275861144065868 0.035816960036754615 0.52698355913162243 0.013954304158687593 0.016358722001314167 0.022393968887627128 -0.28619307279586786 0.52248561382293712 0.95286133885383617 0.67337554693222057 0.69296321272850048 -0.16454738378524777 -0.015159677248448132 -0.25918859243392939 -0.1264439523220062 0.072600267827510848 0.027511855587363247 0.018028606660664085 0.81715625524520885 0.022134205326437954 0.24557682871818545 0.59996974468231212
decision_type=2 2 2 2 2 2 2 2 2 2 2 2 2 2 2 2 2 2 2 2 2 2 2 2 2 2 2 2 2 2 2 2 2 2 2 2
left_child=20 7 3 4 6 15 -3 8 12 21 17 -12 18 29 -7 -5 -6 -11 -2 -4 28 -9 -14 33 -15 -22 -23 -27 -1 -10 -25 32 -29 -21 -33 -30
right_child=1 2 19 5 16 14 -8 9 13 10 11 -13 22 24 -16 -17 -18 -19 -20 23 25 26 -24 30 -26 27 -28 31 35 -31 -32 34 -34 -35 -36 -37
leaf_value=0.09973852756424316 0.10532648281089509 0.10271176962716243 0.10309951316472757 0.10184195959246702 0.1061948577044026 0.1056775406312155 0.10792103968661072 0.10253155211225426 0.10174098780300835 0.10291271531527134 0.10034110381839477 0.10386702933970408 0.10192877486873304 0.1047858060529651 0.10325496550493542 0.10678524668597468 0.10942059907882346 0.10606757430194308 0.10175644332938787 0.10095185070842558 0.10132095475403011 0.10009659291349994 0.099784464553003827 0.098956702695584001 0.10743095449353531 0.10048758818457133 0.098384966939389834 0.098517799586732596 0.10304817407417421 0.10383828284297604 0.096634502019724733 0.098283018321093624 0.10089647687974351 0.099274650774199419 0.09640745120949136 0.10152039012516093
leaf_weight=67 606 938 68 1610 490 826 195 68 114 1497 2513 821 3229 79 738 94 406 251 139 99 60 171 182 85 375 83 528 130 62 73 120 296 60 210 72 65
leaf_count=67 606 938 68 1610 490 826 195 68 114 1497 2513 821 3229 79 738 94 406 251 139 99 60 171 182 85 375 83 528 130 62 73 120 296 60 210 72 65
internal_value=0.102486 0.102657 0.103629 0.1041 0.105417 0.103279 0.103621 0.10212 0.102777 0.101581 0.101954 0.10121 0.102324 0.105707 0.104539 0.102122 0.107676 0.103372 0.104659 0.0993591 0.0993533 0.0991221 0.101812 0.0988616 0.106991 0.098806 0.0987903 0.0985786 0.101362 0.102563 0.0975278 0.0983087 0.0992274 0.0997889 0.0978672 0.10227
internal_weight=17420 16525 5879 5297 2029 3268 1133 10646 4797 5849 5082 3334 4156 641 1564 1704 896 1748 745 582 895 767 3411 514 454 701 699 641 194 187 205 558 190 309 368 127
internal_count=17420 16525 5879 5297 2029 3268 1133 10646 4797 5849 5082 3334 4156 641 1564 1704 896 1748 745 582 895 767 3411 514 454 701 699 641 194 187 205 558 190 309 368 127
is_linear=0
shrinkage=1


Tree=1
num_leaves=39
num_cat=0
split_feature=36 37 36 36 37 15 16 35 38 37 16 33 35 35 36 16 36 33 16 17 33 11 38 36 20 37 41 40 35 35 40 29 5 44 11 5 32 42
split_gain=22.3423 20.1238 28.3103 14.6912 21.9451 11.9283 11.0484 8.21467 16.3456 12.2003 12.1707 10.3601 10.1997 12.0031 8.49401 7.57044 6.80566 5.4496 5.19657 5.1076 4.68422 3.43311 2.50076 2.27649 1.63434 1.41155 1.07717 1.1875 0.885223 0.762308 0.954325 0.678486 0.515745 0.4014 0.36434 0.233431 0.227484 0.00764146
threshold=-0.19051344692707059 0.015850429423153404 0.61021390557289135 0.18250053375959399 0.019930470734834674 0.49137930572032934 0.022964132018387321 0.067380785942077651 -0.055584881454706185 0.0090297367423772829 0.02383771259337664 0.01341320062056184 0.23061068356037143 0.31685620546340948 0.24341033399105075 0.024560993537306789 0.21088963001966479 0.016628357581794265 0.035816960036754615 0.55622664093971264 0.017951934598386291 0.016358722001314167 -0.28619307279586786 0.26337428390979772 0.63330551981925975 0.013870859052985908 0.81045904755592357 1.0615174770355227 -0.1264439523220062 -0.14790331572294232 0.74667340517044078 0.047977967187762267 -0.40100318193435663 0.028010050766170028 0.013353541493415834 -0.26918390393257136 1.0407108664512636 0.0040068083908408889
decision_type=2 2 2 2 2 2 2 2 2 2 2 2 2 2 2 2 2 2 2 2 2 2 2 2 2 2 2 2 2 2 2 2 2 2 2 2 2 2
left_child=22 7 3 4 6 18 -3 8 9 21 11 14 15 -14 -9 -12 34 -7 -5 -6 -13 -2 28 -11 31 -18 27 29 -1 -24 -31 -4 -29 -26 -10 -30 -33 -34
right_child=1 2 24 5 19 17 -8 10 16 23 12 20 13 -15 -16 -17 25 -19 -20 -21 -22 -23 26 -25 33 -27 -28 32 35 30 -32 36 37 -35 -36 -37 -38 -39
leaf_value=-0.0028504758278246629 0.0027776719707313297 0.00044728183321057476 -0.00052044223536010063 -0.00070051795632622383 0.0038464173704793559 0.0027836944801752678 0.0076074842313661227 -0.00086357553710021445 -0.0011546662874803272 -0.00083483136903561898 0.0023582133684133186 0.0031572483387058499 0.0049990128796074031 -0.00013040396306817346 -0.0028039665092999444 -0.0016333475741035581 0.0037131500941723185 0.00030931867820064749 0.0040404724826352025 0.0069595951876776502 -0.0011362844369915163 -0.00070900258246277064 -0.0013196068230595084 0.0012128447527565509 -0.0035254654666074577 0.0062297182708218888 -0.0010066039085698626 -0.0033735810998254097 0.00084940649111839869 -0.0046020831598679009 -0.0024061740807585978 -0.0036613228641116341 -0.0065208575914966291 -0.0055083336339590439 0.00067486046563628745 -0.00083261189909623651 -0.0021888287432798312 -0.0048490823732883952
leaf_weight=63 603 1051 70 1634 500 1068 91 1854 66 3197 243 258 348 379 1766 833 294 536 95 389 164 137 81 230 114 149 63 75 63 178 170 89 71 116 115 63 136 83
leaf_count=63 603 1051 70 1634 500 1068 91 1854 66 3197 243 258 348 379 1766 833 294 536 95 389 164 137 81 230 114 149 63 75 63 178 170 89 71 116 115 63 136 83
internal_value=-2.74509e-06 0.00016544 0.00110314 0.00153749 0.00287731 0.000718908 0.00103715 -0.00035382 0.000259872 -0.000192772 -0.000856893 -0.00146615 0.000508572 0.00233403 -0.001812 -0.000726931 0.00327063 0.00195959 -0.000432899 0.0052286 0.00149008 0.00213056 -0.00304847 -0.000696171 -0.00331639 0.00459803 -0.00358457 -0.0038242 -0.000974078 -0.00315299 -0.00356195 -0.00228551 -0.00502028 -0.00458786 0 8.40644e-07 -0.00281618 -0.00573608
internal_weight=17435 16525 5889 5364 2031 3333 1142 10636 4791 4167 5845 4042 1803 727 3620 1076 624 1604 1729 889 422 740 910 3427 525 443 721 658 189 429 348 295 229 230 181 126 225 154
internal_count=17435 16525 5889 5364 2031 3333 1142 10636 4791 4167 5845 4042 1803 727 3620 1076 624 1604 1729 889 422 740 910 3427 525 443 721 658 189 429 348 295 229 230 181 126 225 154
is_linear=0
shrinkage=0.02


Tree=2
num_leaves=36
num_cat=0
split_feature=36 37 36 16 38 34 35 35 38 38 36 34 37 34 36 35 36 17 37 16 11 38 36 33 17 34 41 40 48 37 35 40 37 34 46
split_gain=21.1869 20.1737 28.1487 18.3067 8.61916 12.6971 10.8997 7.6392 15.0993 12.3983 12.1074 16.7986 10.9044 6.75873 6.7346 17.5741 5.98782 4.76687 4.60781 3.93099 3.90267 2.61619 2.28248 2.2117 1.45734 1.11234 1.024 1.44382 0.933482 0.932937 0.704735 0.744166 0.503661 0.213435 0.0889357
threshold=-0.19051344692707059 0.015850429423153404 0.39518812298774725 0.037212114781141288 -0.21261303126811978 -0.089848469942808137 0.015927899628877643 0.067380785942077651 -0.057002017274498933 -0.084287427365779863 0.24341033399105075 0.15038520097732547 0.0090297367423772829 0.14366941154003146 0.49450919032096868 0.29454140365123754 0.22221268713474276 0.56772890686988842 0.013954304158687593 0.021916245110332969 0.016358722001314167 -0.28619307279586786 0.26337428390979772 0.019030765630304817 0.45130088925361639 0.009008472319692375 0.78353294730186474 1.0615174770355227 0.86720469594001781 0.010285319760441782 -0.14790331572294232 0.74329793453216564 0.014888665638864042 -0.023781180381774899 0.59996974468231212
decision_type=2 2 2 2 2 2 2 2 2 2 2 2 2 2 2 2 2 2 2 2 2 2 2 2 2 2 2 2 2 2 2 2 2 2 2
left_child=21 7 4 14 6 23 17 8 12 24 18 -12 20 -7 15 -4 29 -3 -11 -16 -2 32 -14 -6 28 -18 27 30 -9 -10 -23 -32 -1 -29 -8
right_child=1 2 3 -5 5 13 34 9 16 10 11 -13 22 -15 19 -17 25 -19 -20 -21 -22 26 -24 -25 -26 -27 -28 33 -30 -31 31 -33 -34 -35 -36
leaf_value=-6.4379760615217187e-05 0.0026717815797456575 0.0040774995471098939 -0.0025726774373576043 0.0071071823225529107 -0.0017594965415507074 0.0017735897189191949 -0.0014675724886930909 -0.0032206835041269171 0.0021522734121087635 0.00042580924645741641 -0.0020134208723329144 0.0012474309143492084 -0.00085305927173382032 0.0045479441435177289 0.00025847450268493428 0.0031163318524061955 0.0059040285848556149 0.0083640911544275564 0.00335936117782239 -0.0031176477759328157 -0.0010475116329932853 -0.0014013775794356617 0.001205763188033522 0.0016817670048887119 -0.00064876241032643959 0.0036040004121008526 -0.0015338525283678445 -0.0040240482712445196 -0.0055867649073109904 -0.0004172683852372774 -0.004492374339765245 -0.0025269883543554412 -0.0021664896595879994 -0.0060155624164776383 -0.00036679092316485161
leaf_weight=117 594 302 497 105 442 2390 62 606 84 1478 2542 838 3190 412 166 381 146 168 248 786 137 81 228 87 81 274 94 70 82 158 179 170 73 118 64
leaf_count=117 594 302 497 105 442 2390 62 606 84 1478 2542 838 3190 412 166 381 146 168 248 786 137 81 228 87 81 274 94 70 82 158 179 170 73 118 64
internal_value=-2.82726e-05 0.000134606 0.00107718 -0.000895889 0.0020496 0.00164996 0.00426199 -0.000382526 0.000208183 -0.000866283 -0.000508562 -0.00120428 -0.000239857 0.00218631 -0.00136651 -0.000100644 0.00300613 0.00565517 0.000852992 -0.00252894 0.00197194 -0.00300806 -0.000714495 -0.00118537 -0.00322897 0.0044421 -0.00356352 -0.00386173 -0.00352717 0.00048599 -0.00317436 -0.00356756 -0.000898336 -0.00535413 -0.00093773
internal_weight=17450 16548 5862 1935 3927 3331 596 10686 4811 5875 5106 3380 4149 2802 1830 878 662 470 1726 952 731 902 3418 529 769 420 712 618 688 242 430 349 190 188 126
internal_count=17450 16548 5862 1935 3927 3331 596 10686 4811 5875 5106 3380 4149 2802 1830 878 662 470 1726 952 731 902 3418 529 769 420 712 618 688 242 430 349 190 188 126
is_linear=0
shrinkage=0.02


Tree=3
num_leaves=37
num_cat=0
split_feature=36 37 36 16 35 34 37 37 38 38 35 34 33 36 35 36 36 35 34 17 35 33 36 38 33 20 46 33 41 40 35 35 40 5 46 13
split_gain=20.6942 20.2749 26.9615 17.8805 9.50609 14.3627 13.4929 12.7046 10.8829 9.11568 11.8546 11.7687 8.04111 9.25799 7.31583 6.52045 5.82335 11.1436 5.53609 4.69642 3.36999 3.19102 2.55509 2.22788 1.73977 1.4469 1.43274 1.25893 1.05273 1.4489 0.734371 0.699552 0.78578 0.610426 0.228743 0.127797
threshold=-0.19051344692707059 0.01492935372516513 0.3876872211694718 0.037212114781141288 0.067380785942077651 0.16480632126331332 0.0090297367423772829 0.011837062891572716 -0.057002017274498933 -0.21261303126811978 0.015927899628877643 -0.087473213672637926 0.01341320062056184 0.32145743072032934 0.23061068356037143 0.22221268713474276 0.61021390557289135 0.29454140365123754 0.14366941154003146 0.56772890686988842 -0.034643627703189843 0.023396909236907962 0.26337428390979772 -0.28619307279586786 0.019030765630304817 0.67337554693222057 0.18254688382148745 -0.009533279109746216 0.81045904755592357 1.0642566680908205 -0.1264439523220062 -0.14790331572294232 0.74329793453216564 -0.40100318193435663 0.56518450379371654 -0.25401501357555384
decision_type=2 2 2 2 2 2 2 2 2 2 2 2 2 2 2 2 2 2 2 2 2 2 2 2 2 2 2 2 2 2 2 2 2 2 2 2
left_child=23 4 9 16 6 12 20 14 22 10 19 24 13 -6 -7 -10 17 -4 -13 -3 -2 -14 -8 30 -11 -18 -22 -9 29 31 -1 -25 -33 -31 -32 -12
right_child=1 2 3 -5 5 7 8 27 15 11 35 18 21 -15 -16 -17 25 -19 -20 -21 26 -23 -24 28 -26 -27 -28 -29 -30 33 34 32 -34 -35 -36 -37
leaf_value=-0.0026968246474962003 -0.00090100920340465806 0.0040399033539265826 -0.0021148128865092868 0.0071590037545987539 -0.00099477131970019837 0.00079645221616790097 -0.00085299100071355854 0.00075221199457134534 0.00037643421958519837 -0.0015997650046743058 -0.0017983542379169238 0.0016614052104550034 0.0022881632799514021 -0.0029795924610954874 0.0057137263734236034 0.0051888873071808906 -0.0022892527413858744 0.0014989643773195441 0.0040250839040406813 0.0082154573413579825 0.00095637687453678966 -0.0018338637000909356 0.0015895762068883436 -0.0012128932224901613 0.0014201776058913851 -0.0045517418395139668 0.0031958066323236 -0.0023018990624714946 -0.00088501366583461111 -0.003214113628315563 0.00073066267715484812 -0.0043003859791884225 -0.0023357043175228141 -0.0057830115616088742 -0.00090319745840740893 -0.00050744675541917485
leaf_weight=64 108 309 839 102 2978 221 2917 67 245 476 60 2783 311 1376 269 207 323 571 463 176 142 96 179 82 88 187 698 243 63 71 63 179 182 149 68 72
leaf_count=64 108 309 839 102 2978 221 2917 67 245 476 60 2783 311 1376 269 207 323 571 463 176 142 96 179 82 88 187 698 243 63 71 63 179 182 149 68 72
internal_value=-4.72513e-06 0.00015824 0.00103337 -0.000878864 -0.000402972 -0.000955682 0.000280621 0.00151921 -0.00028595 0.00190699 0.00415913 0.00153903 -0.00137245 -0.00162389 0.00351631 0.00260225 -0.0013169 -0.000650578 0.00200227 0.00559839 0.00239634 0.00130715 -0.000710045 -0.00291746 -0.00112178 -0.00314255 0.00282317 -0.00163774 -0.00342681 -0.00366176 -0.000992881 -0.00295935 -0.00334004 -0.00501283 -0.000111219 -0.00112855
internal_weight=17427 16506 6449 2022 10057 5561 4496 800 3548 4427 617 3810 4761 4354 490 452 1920 1410 3246 485 948 407 3096 921 564 510 840 310 726 663 195 443 361 220 131 132
internal_count=17427 16506 6449 2022 10057 5561 4496 800 3548 4427 617 3810 4761 4354 490 452 1920 1410 3246 485 948 407 3096 921 564 510 840 310 726 663 195 443 361 220 131 132
is_linear=0
shrinkage=0.02


Tree=4
num_leaves=38
num_cat=0
split_feature=36 37 36 36 37 33 36 35 38 34 37 37 33 36 35 36 17 35 10 33 11 38 35 38 45 34 35 37 41 39 46 37 35 34 39 13 17
split_gain=18.959 18.949 25.1612 13.3866 18.1847 9.54897 7.85774 7.68274 14.1906 12.3218 12.4129 10.4738 10.314 9.97933 7.65112 6.09532 5.22932 4.82715 3.97289 3.59358 3.01244 2.33626 2.18159 1.89518 1.30659 1.2386 0.931151 0.758376 0.694027 0.732861 0.692754 0.682721 0.660083 0.531431 0.373259 0.372279 0.0294914
threshold=-0.19051344692707059 0.015850429423153404 0.59984809160232555 0.19753494113683703 0.019930470734834674 0.00084051757585257303 0.071198750287294402 0.067380785942077651 -0.055584881454706185 0.16248215734958651 0.010640773922204973 0.0090297367423772829 0.01341320062056184 0.32145743072032934 0.23061068356037143 0.21088963001966479 0.60107350349426281 0.41441875696182257 0.025814300402998928 0.023396909236907962 0.016245877370238308 -0.26762485504150385 0.19233281165361407 -0.16701304167509076 0.88646370172500621 0.009008472319692375 0.26834699511528021 0.020132557488977913 0.80540472269058239 1.1210025548934939 0.22610405087471011 0.017705960199236873 -0.10226212441921233 0.072600267827510848 0.76390826702117931 -0.26656489074230189 -0.15536552667617795
decision_type=2 2 2 2 2 2 2 2 2 2 2 2 2 2 2 2 2 2 2 2 2 2 2 2 2 2 2 2 2 2 2 2 2 2 2 2 2
left_child=21 7 3 4 6 18 -3 8 11 12 14 20 13 -9 -11 33 -6 -7 -5 -14 -2 27 -4 -13 31 -17 -12 35 29 32 -31 -24 -23 -10 -34 -1 -32
right_child=1 2 22 5 16 17 -8 9 15 10 26 23 19 -15 -16 25 -18 -19 -20 -21 -22 28 24 -25 -26 -27 -28 -29 -30 30 36 -33 34 -35 -36 -37 -38
leaf_value=0.00061533435725275129 0.002606937740977539 -0.00064893060555018913 0.00050585182323394453 0.00023960445563789439 0.0035461865589935062 0.0020252964187866245 0.0026317513015157745 -0.00084326662551572425 -0.00074685705516360867 0.00079251139412357652 0.00014205456696864631 0.00011965490762170655 0.0025022540339088208 -0.0028402011567679429 0.0056833619047373315 0.0058579088943785645 0.0066438508708250568 -0.0010434804348782162 -0.0019890032029112005 -0.0018070251287094184 -0.00061881445056662478 -0.0013641165683398069 -0.00092333481701401378 -0.000937241807800442 -0.0060783255586114061 0.0034833509374651702 -0.0022513517189419316 -0.0025466594077297486 -0.0013059512735489988 -0.002624253928010899 -0.0044698946713594093 -0.0032484468338583004 -0.0041609359704080371 0.0013850325264942809 -0.0025773960420149649 -0.0013053715629316868 -0.006173369355303676
leaf_weight=84 591 556 65 873 556 1589 609 3053 124 248 87 930 371 1491 265 142 377 233 501 95 142 79 63 2486 62 309 242 93 61 60 72 381 174 71 133 72 73
leaf_count=84 591 556 65 873 556 1589 609 3053 124 248 87 930 371 1491 265 142 377 233 501 95 142 79 63 2486 62 309 242 93 61 60 72 381 174 71 133 72 73
internal_value=1.5183e-06 0.000155948 0.00106855 0.00149921 0.00273958 0.000682853 0.00106753 -0.000346834 0.000246453 -0.000833008 0.0014015 -0.000183373 -0.00120936 -0.00150017 0.00333927 0.00299668 0.00481622 0.00163124 -0.000574847 0.00161568 0.0019807 -0.00281863 -0.00290947 -0.000649359 -0.00335056 0.00426697 -0.00161987 -0.00114622 -0.00344763 -0.00365928 -0.00467186 -0.00292918 -0.00308707 3.35432e-05 -0.00350971 -0.00027276 -0.00544201
internal_weight=17413 16512 5865 5294 2098 3196 1165 10647 4795 5852 842 4149 5010 4544 513 646 933 1822 1374 466 733 901 571 3416 506 451 329 249 652 591 205 444 386 195 307 156 145
internal_count=17413 16512 5865 5294 2098 3196 1165 10647 4795 5852 842 4149 5010 4544 513 646 933 1822 1374 466 733 901 571 3416 506 451 329 249 652 591 205 444 386 195 307 156 145
is_linear=0
shrinkage=0.02


Tree=5
num_leaves=39
num_cat=0
split_feature=37 34 34 37 35 15 38 38 15 17 34 10 11 37 17 37 35 16 38 15 37 35 16 16 34 35 35 16 37 35 11 31 41 48 38 39 8 48
split_gain=14.9277 11.3596 8.43254 9.37784 8.18889 19.9851 18.1832 15.1 9.28272 8.71577 8.66897 7.90437 7.69213 7.59092 7.29645 8.34994 6.08785 4.74847 4.7164 4.60936 3.73611 3.45641 3.28336 3.12913 5.62741 3.49897 2.8926 2.73051 2.02697 1.75683 1.4037 1.17586 0.793158 0.791606 0.749756 0.640455 0.594821 0.56147
threshold=0.020271473564207557 0.14366941154003146 0.16716678440570834 0.011837062891572716 0.16167373955249789 0.57758620381355297 -0.084287427365779863 -0.025074265897274014 0.24999999254941943 0.10894019529223443 0.009008472319692375 0.04303093999624253 0.018773932009935382 0.0090297367423772829 0.96929648518562328 0.02650994993746281 0.25549682974815374 0.025451495312154297 -0.28619307279586786 0.3189655095338822 0.017904747277498249 0.43413189053535467 0.016855205409228805 0.031523328274488456 -0.034458933398127549 -0.01546953711658716 0.23061068356037143 0.023637976497411731 0.015850429423153404 0.44694641232490545 0.019393095746636394 0.6925741732120515 0.55716294050216686 0.69589141011238109 -0.17116531729698178 1.0131238698959353 0.056818500161170966 0.54310345649719249
decision_type=2 2 2 2 2 2 2 2 2 2 2 2 2 2 2 2 2 2 2 2 2 2 2 2 2 2 2 2 2 2 2 2 2 2 2 2 2 2
left_child=2 11 4 12 6 7 9 19 22 18 -10 14 26 -11 23 30 37 -9 -1 -6 27 -22 -8 25 -25 -2 -4 -7 32 -30 -16 -3 -18 -28 -17 -33 -13 -5
right_child=1 31 3 16 5 20 8 17 10 13 -12 36 -14 -15 15 34 28 -19 -20 -21 21 -23 -24 24 -26 -27 33 -29 29 -31 -32 35 -34 -35 -36 -37 -38 -39
leaf_value=0.00033972433480273563 0.0020454192589248873 0.0028633347530914862 0.0023218275592579237 0.0050418114391431006 -0.0015434427050760821 0.00086102773152123887 0.00017400743231919043 -0.0039305994734123943 0.0035205290073409183 0.0025170759531057464 0.00092066957282711662 0.0035631207801874666 -0.0011827022631689175 -0.00033382448866661372 0.0051174465368191407 -0.00085595960772568075 -0.0029677156437230246 -0.0016506248254874855 -0.0017615485901841339 0.0018432361320057408 0.0030289121152565898 -0.0013636751593607997 -0.0036800878722220666 0.0011470112210567906 0.0082201188103012413 0.0002044112401295326 0.0071623760352473292 -0.0011958123245370477 0.0018066390479437706 -0.0015024278226435884 0.00084196231808902628 0.0077567813321004946 -0.00080637643025984298 0.0041007326634517356 -0.0033134132145751661 0.0049001862707408958 0.0065930232657868968 0.0022014292460794632
leaf_weight=506 686 68 109 68 288 610 164 1231 674 427 2141 60 99 2844 60 63 175 531 2687 356 361 87 187 134 66 1036 166 443 139 114 64 76 117 64 321 111 84 62
leaf_count=506 686 68 109 68 288 610 164 1231 674 427 2141 60 99 2844 60 63 175 531 2687 356 361 87 187 134 66 1036 166 443 139 114 64 76 117 64 321 111 84 62
internal_value=3.85906e-06 0.00133317 -0.000252992 0.00141792 -0.00039073 -0.00116265 -7.71873e-05 -0.0022915 0.00116382 -0.000685434 0.0015466 0.00093048 0.00368617 3.99952e-05 0.000656711 -0.00146816 -6.22395e-05 -0.00324804 -0.00142824 0.000327017 0.000647122 0.00217027 -0.00189028 0.00122026 0.00357305 0.000940682 0.00510888 -4.28248e-06 -0.000995 0.000311557 0.00299063 0.00533606 -0.0021221 0.0063785 -0.00292258 0.00617056 0.00543585 0.0037749
internal_weight=17479 2829 14650 1113 13537 3907 9630 2406 3166 6464 2815 2574 438 3271 2430 508 675 1762 3193 644 1501 448 351 1922 200 1722 339 1053 545 253 124 255 292 230 384 187 144 130
internal_count=17479 2829 14650 1113 13537 3907 9630 2406 3166 6464 2815 2574 438 3271 2430 508 675 1762 3193 644 1501 448 351 1922 200 1722 339 1053 545 253 124 255 292 230 384 187 144 130
is_linear=0
shrinkage=0.02


Tree=6
num_leaves=40
num_cat=0
split_feature=36 37 36 37 16 35 38 33 37 16 38 37 37 17 35 36 36 16 36 17 46 11 38 38 25 9 37 39 19 37 41 40 37 39 13 48 3 24 42
split_gain=18.0568 17.2753 25.6301 11.4462 14.1082 10.515 13.701 11.2452 9.18521 8.8786 8.64309 7.6242 6.69603 6.56491 6.09369 5.85523 5.21973 4.50787 3.74871 3.62998 2.79957 2.78152 2.22979 2.18008 2.15843 2.08283 1.5459 1.42945 1.32311 1.16684 0.847549 1.37226 0.656812 0.564645 0.46281 0.407192 0.364374 0.155384 0.177914
threshold=-0.19051344692707059 0.018712728284299377 0.12002076208591463 0.024502189829945568 0.031523328274488456 0.067380785942077651 -0.055584881454706185 0.0059098503552377233 0.019930470734834674 0.019515772350132469 -0.096135195344686494 0.0090297367423772829 0.015450918581336738 0.81292253732681286 0.29014541208744055 0.49450919032096868 0.24574924260377887 0.035095622763037689 0.22626607120037082 0.52698355913162243 0.72135123610496532 0.016358722001314167 -0.11586727201938628 -0.26762485504150385 4.2331328392028817 0.026490909978747371 0.017107049934566024 0.83142206072807323 -0.017324113287031647 0.0096328309737145918 0.80540472269058239 1.0615174770355227 0.020132557488977913 0.78438714146614086 -0.26656489074230189 0.1241746135056019 -0.065702553838491426 24.041116714477543 0.0040068083908408889
decision_type=2 2 2 2 2 2 2 2 2 2 2 2 2 2 2 2 2 2 2 2 2 2 2 2 2 2 2 2 2 2 2 2 2 2 2 2 2 2 2
left_child=23 5 8 4 15 6 11 9 24 16 28 21 -13 20 -12 -4 -7 -11 26 25 -5 -2 -21 32 -3 -10 -8 -15 -9 -20 31 33 34 35 -1 -25 -35 38 -33
right_child=1 2 3 13 -6 7 18 10 19 17 14 12 -14 27 -16 -17 -18 -19 29 22 -22 -23 -24 30 -26 -27 -28 -29 -30 -31 -32 37 -34 36 -36 -37 -38 -39 -40
leaf_value=0.0006610218358969591 0.0025605685143754403 -0.0019298334895960381 0.001749600589480695 -0.00027840864638565107 0.0076131835563557938 -0.0012364716367966389 0.00045671718657930321 -0.00074188269750886081 0.0015740847456059417 -0.00087055798460873113 0.0012278191260049591 -0.00062701405292687681 0.0014106270910747374 -0.00047205747782586607 -0.00086169405384310368 -0.0020440206606805855 -0.0037430263294719089 0.003024662495138229 0.0033381099042081438 0.007820760951120052 0.0030901783630974461 -0.00059258418744630951 0.0046604238074037267 -0.0021589068927061862 0.0026585626188683539 0.0044857781973329288 0.0031474832426756621 -0.0031095869722436893 -0.0036450834412700239 0.0056713194630309193 -0.0010095889519252524 -0.0065273001808951146 -0.0024214235560197118 -0.0025970761856918567 -0.0014529802907640354 -0.0041557869123835722 -0.00062913573297555564 -0.0037511901515669055 -0.0042245384934875693
leaf_weight=85 592 108 721 657 142 593 233 90 147 2857 1942 3416 792 103 780 207 770 121 250 196 113 136 207 75 62 333 134 450 228 155 61 64 96 115 75 152 61 67 60
leaf_count=85 592 108 721 657 142 593 233 90 147 2857 1942 3416 792 103 780 207 770 121 250 196 113 136 207 75 62 333 134 450 228 155 61 64 96 115 75 152 61 67 60
internal_value=9.07539e-06 0.000160368 0.00141965 0.000273543 0.0018093 -0.00017134 0.000473027 -0.000669778 0.0040151 -0.00132275 0.000262699 8.46035e-05 -0.000242534 -0.000969057 0.000628404 0.00089846 -0.00265834 -0.00070907 0.00294529 0.00483223 0.000224723 0.00197014 0.00624636 -0.00272737 -0.000233555 0.00361146 0.00145943 -0.00262533 -0.00284115 0.00426865 -0.0033388 -0.00357005 -0.00113855 -0.00286271 -0.000332286 -0.00353714 -0.00194257 -0.00498999 -0.00554705
internal_weight=17446 16535 3446 2393 1070 13089 5708 7381 1053 4341 3040 4936 4208 1323 2722 928 1363 2978 772 883 770 728 403 911 170 480 367 553 318 405 655 594 256 403 160 227 176 191 124
internal_count=17446 16535 3446 2393 1070 13089 5708 7381 1053 4341 3040 4936 4208 1323 2722 928 1363 2978 772 883 770 728 403 911 170 480 367 553 318 405 655 594 256 403 160 227 176 191 124
is_linear=0
shrinkage=0.02


Tree=7
num_leaves=36
num_cat=0
split_feature=36 37 36 16 38 34 35 35 38 38 36 34 37 36 35 34 36 37 35 16 11 16 39 38 39 33 3 48 35 35 38 41 40 5 13
split_gain=18.2944 18.1317 23.4491 15.7569 7.64395 11.3696 9.98512 7.21925 11.8559 11.072 11.4719 15.0141 9.5868 6.06314 15.376 5.90705 5.80237 4.63787 3.46517 3.42682 2.79906 2.18036 2.13924 2.09113 1.70708 1.5954 0.757418 0.708484 0.459272 0.445375 0.40156 0.36544 0.719564 0.167369 0.128878
threshold=-0.19051344692707059 0.015850429423153404 0.39518812298774725 0.037212114781141288 -0.21261303126811978 -0.089848469942808137 0.015927899628877643 0.067380785942077651 -0.057002017274498933 -0.084287427365779863 0.24341033399105075 0.14484699070453647 0.0090297367423772829 0.49450919032096868 0.29454140365123754 0.14366941154003146 0.21088963001966479 0.013954304158687593 -0.1185823231935501 0.021916245110332969 0.016358722001314167 0.018108302727341655 0.51072001457214367 -0.28619307279586786 0.67162084579467785 0.019030765630304817 -0.30495813488960261 0.90517240762710582 -0.1264439523220062 -0.14790331572294232 -0.027091239579021927 0.78562900424003612 1.0358697175979616 -0.24224065989255902 -0.25401501357555384
decision_type=2 2 2 2 2 2 2 2 2 2 2 2 2 2 2 2 2 2 2 2 2 2 2 2 2 2 2 2 2 2 2 2 2 2 2
left_child=23 7 4 13 6 25 18 8 12 22 17 -12 20 14 -4 -7 30 -11 -3 -15 -2 -14 -9 28 -18 -6 -25 -24 -1 -28 -10 32 -31 -30 -8
right_child=1 2 3 -5 5 15 34 9 16 10 11 -13 21 19 -16 -17 24 -19 -20 -21 -22 -23 27 26 -26 -27 29 -29 33 31 -32 -33 -34 -35 -36
leaf_value=-0.0022475846019529163 0.0024818465347473209 0.0039596866364116409 -0.0022660376753264873 0.0066015408855037427 -0.0016194206984426185 0.001676387106941065 -0.0016449901440313886 0.00034805900344382163 0.00056515377922793661 0.00043068611717582861 -0.001984893646440613 0.00094904702976471821 -0.0010509006305549707 0.00024552348828093943 0.0030357014942264033 0.0042554685173861106 0.0010109433332510607 0.0033662178833074575 0.0075780534018682587 -0.0028831867316569822 -0.00070943508656626502 -3.8445500256232186e-05 -0.0031317700534469746 -0.0011376323922920753 0.0045202891505106207 0.001215748682138078 -0.0020601653073458594 -0.0052980885971815163 0.0005971833144181541 -0.0032778796951530675 -0.0012900977000810099 -0.0020457163630459934 -0.0050331760001533178 -0.00084166001028973959 -0.0003414427542393761
leaf_weight=60 610 316 511 107 440 2411 60 66 141 1496 2415 978 1869 170 378 417 68 249 172 765 132 1564 607 65 383 94 91 75 60 315 66 60 167 63 67
leaf_count=60 610 316 511 107 440 2411 60 66 141 1496 2415 978 1869 170 378 417 68 249 172 765 132 1564 607 65 383 94 91 75 60 315 66 60 167 63 67
internal_value=1.79904e-05 0.000167075 0.00105644 -0.000750664 0.00193402 0.0015559 0.00398182 -0.000323181 0.000249388 -0.000793375 -0.000461306 -0.00113883 -0.000144311 -0.00119264 -8.00571e-06 0.00206114 0.00273824 0.000855198 0.00527556 -0.0023143 0.00191221 -0.000590375 -0.00306207 -0.00278555 0.00400354 -0.00111448 -0.00328374 -0.00339362 -0.00085766 -0.00349613 -3.15933e-05 -0.00372273 -0.00391548 -0.000134341 -0.000988734
internal_weight=17508 16627 5908 1931 3977 3362 615 10719 4833 5886 5138 3393 4175 1824 889 2828 658 1745 488 935 742 3433 748 881 451 534 698 682 183 633 207 542 482 123 127
internal_count=17508 16627 5908 1931 3977 3362 615 10719 4833 5886 5138 3393 4175 1824 889 2828 658 1745 488 935 742 3433 748 881 451 534 698 682 183 633 207 542 482 123 127
is_linear=0
shrinkage=0.02


Tree=8
num_leaves=38
num_cat=0
split_feature=36 37 36 16 38 35 15 35 38 38 36 16 37 36 35 36 25 37 16 35 11 38 16 38 39 39 48 37 5 39 16 35 39 5 14 13 11
split_gain=16.5774 16.1433 21.1637 13.3339 6.90289 10.0691 8.9442 6.85007 12.3504 10.9883 10.6614 14.3079 8.84575 5.64575 16.4138 4.60671 4.59725 4.45585 3.30702 3.19052 2.89576 1.97806 1.95839 1.76104 1.53788 0.878763 0.788942 0.634378 0.520988 0.592606 0.490799 0.429075 0.418533 0.363012 0.32349 0.289213 0.0713551
threshold=-0.19051344692707059 0.015850429423153404 0.39518812298774725 0.037212114781141288 -0.21261303126811978 0.015927899628877643 0.16379310190677646 0.067380785942077651 -0.055584881454706185 -0.084287427365779863 0.24341033399105075 0.02383771259337664 0.0090297367423772829 0.49450919032096868 0.29454140365123754 0.21088963001966479 4.8447258472442636 0.013954304158687593 0.021916245110332969 -0.1185823231935501 0.016358722001314167 -0.26762485504150385 0.018108302727341655 -0.13728472590446469 0.51072001457214367 0.69296321272850048 0.86720469594001781 0.020132557488977913 -0.54642742872238148 1.1210025548934939 0.016566904261708263 -0.14790331572294232 0.76390826702117931 -0.13468135893344876 0.42828319966793066 -0.26656489074230189 0.016086583957076076
decision_type=2 2 2 2 2 2 2 2 2 2 2 2 2 2 2 2 2 2 2 2 2 2 2 2 2 2 2 2 2 2 2 2 2 2 2 2 2
left_child=21 7 4 13 5 19 23 8 12 24 17 -12 20 14 -4 30 -8 -11 -15 -3 -2 27 -14 -6 -9 -17 -26 35 -23 31 -10 -30 -33 34 -31 -1 -7
right_child=1 2 3 -5 6 36 16 9 15 10 11 -13 22 18 -16 25 -18 -19 -20 -21 -22 28 -24 -25 26 -27 -28 -29 29 33 -32 32 -34 -35 -36 -37 -38
leaf_value=0.00054202912702178 0.0023949509629451983 0.003859388263437933 -0.0023340279986961035 0.0062321447708751443 0.0016335628243192796 -0.00061818363993532133 0.0010979371257661028 -0.00011471648668141468 -0.0012588407321791372 0.00037156454361288166 -0.0022178165894466218 0.00043338680401508152 -0.0010587039801234575 0.00026546665123177256 0.0030436620226327801 0.0018257824733271264 0.0027074255973944424 0.0032579370301021268 -0.0027694733758563497 0.0074105133293308765 -0.00075383485566620553 -0.0013969868891657545 -9.5141005992187909e-05 -0.0020322947010189018 -0.0030103669022924534 0.0043036070968837164 -0.004982493603395091 -0.0023922386549137609 -0.0013810942485456316 -0.0046128520846080321 0.00087701201173864926 -0.0039014129056570367 -0.0023003762401041707 -0.0056374936388149909 -0.0023228628235076789 -0.0011668681715956972 -0.0016264791417197558
leaf_weight=76 597 308 522 101 60 69 1591 66 64 1500 1997 1371 1867 175 397 77 1294 247 771 163 143 62 1543 318 590 370 105 95 68 62 117 184 137 73 64 76 61
leaf_count=76 597 308 522 101 60 69 1591 66 64 1500 1997 1371 1867 175 397 77 1294 247 771 163 143 62 1543 318 590 370 105 95 68 62 117 184 137 73 64 76 61
internal_value=-4.03477e-05 0.000103887 0.000949756 -0.000738485 0.0018089 0.00377618 0.00144311 -0.000359025 0.000203149 -0.000816191 -0.00048148 -0.00113888 -0.000192861 -0.00112592 -7.48361e-06 0.00281015 0.00182224 0.000785112 -0.00220792 0.00512957 0.00178454 -0.00268355 -0.000623459 -0.00143951 -0.00305389 0.00389402 -0.00332988 -0.00113521 -0.00326247 -0.00344939 0.000108147 -0.00293795 -0.00324882 -0.00438573 -0.00353851 -0.000312015 -0.00112484
internal_weight=17381 16484 5830 1966 3864 601 3263 10654 4778 5876 5115 3368 4150 1865 919 628 2885 1747 946 471 740 897 3410 378 761 447 695 247 650 588 181 389 321 199 126 152 130
internal_count=17381 16484 5830 1966 3864 601 3263 10654 4778 5876 5115 3368 4150 1865 919 628 2885 1747 946 471 740 897 3410 378 761 447 695 247 650 588 181 389 321 199 126 152 130
is_linear=0
shrinkage=0.02


Tree=9
num_leaves=37
num_cat=0
split_feature=36 37 36 16 38 35 15 35 38 38 36 16 37 36 35 36 25 17 35 16 11 36 39 38 38 37 35 41 48 39 39 46 35 16 5 11
split_gain=16.5128 15.1333 20.9232 13.9061 7.35217 9.39111 8.85896 6.03061 11.5919 9.93418 10.5737 14.4988 9.15789 5.31734 15.3894 5.31244 5.07716 4.5495 3.70475 3.65899 2.64409 2.13616 1.79366 1.76815 1.43709 0.852396 0.764261 0.875341 0.754228 0.527427 0.710103 0.698987 0.518811 0.367891 0.170123 0.0937296
threshold=-0.19051344692707059 0.015850429423153404 0.40289239585399633 0.037212114781141288 -0.21261303126811978 -0.02959843352437019 0.16379310190677646 0.067380785942077651 -0.055584881454706185 -0.084287427365779863 0.24341033399105075 0.02383771259337664 0.0090297367423772829 0.49450919032096868 0.29454140365123754 0.21088963001966479 4.8447258472442636 0.55622664093971264 0.2585593461990357 0.021916245110332969 0.016358722001314167 0.25759589672088629 0.51072001457214367 -0.28619307279586786 -0.13651525229215619 0.013870859052985908 -0.16454738378524777 0.79818430542945873 0.86720469594001781 1.0819634199142458 0.73167607188224804 0.23105636239051822 -0.1264439523220062 0.016566904261708263 -0.25730521976947779 0.016030004248023037
decision_type=2 2 2 2 2 2 2 2 2 2 2 2 2 2 2 2 2 2 2 2 2 2 2 2 2 2 2 2 2 2 2 2 2 2 2 2
left_child=23 7 4 13 5 17 24 8 12 22 18 -12 20 14 -4 33 -8 -3 -11 -15 -2 -14 -9 32 -6 -17 -25 29 -24 30 -28 -31 -1 -10 -34 -7
right_child=1 2 3 -5 6 35 16 9 15 10 11 -13 21 19 -16 25 -18 -19 -20 -21 -22 -23 28 26 -26 -27 27 -29 -30 31 -32 -33 34 -35 -36 -37
leaf_value=-0.0023632963419533692 0.002399797421070703 0.0035467068426671905 -0.002400823612153193 0.0062479311747946475 0.0012242290867382989 -0.00040757963684913905 0.0010353231050288024 0.00020606067625007459 -0.0012601613982326607 0.0012808785729271908 -0.0021752475048477404 0.00050935804820034011 -0.00074799197974107303 0.00048685653895530966 0.0029521945650810254 0.003240638916397609 0.0026999322465642772 0.0076867484319008009 -0.0010096818354487335 -0.0027666601430948916 -0.00066650844812929215 0.0012048023741192829 -0.0028997112932132325 -0.00094654362602159382 -0.0019846546346884257 0.0052417191642145852 -0.0038402462963031308 -0.0011845196546055377 -0.0049162026046938503 -0.0023772224477420635 -0.0019536014996744968 -0.0051074155689396477 0.00058381887910945803 0.00056143591031087225 -0.00083079011583403277 -0.0015351484820494081
leaf_weight=62 606 297 483 104 65 66 1641 67 63 1412 1986 1349 3181 166 382 300 1335 174 350 787 136 238 586 65 319 143 195 75 94 62 159 158 61 132 69 61
leaf_count=62 606 297 483 104 65 66 1641 67 63 1412 1986 1349 3181 166 382 300 1335 174 350 787 136 238 586 65 319 143 195 75 94 62 159 158 61 132 69 61
internal_value=-7.54029e-06 0.000136757 0.000950859 -0.000760031 0.00178186 0.00382229 0.00141533 -0.000313062 0.000212081 -0.000744359 -0.000427625 -0.00108955 -0.000173251 -0.00117111 -3.36467e-05 0.0027158 0.00178435 0.00511723 0.000824377 -0.00219915 0.00183602 -0.000610827 -0.00289384 -0.002632 -0.00143362 0.00391974 -0.00308985 -0.00329764 -0.0032003 -0.00356441 -0.00301919 -0.00438481 -0.000902906 -3.22061e-05 -0.000161297 -0.000979788
internal_weight=17429 16523 5880 1922 3958 598 3360 10643 4799 5844 5097 3335 4161 1818 865 638 2976 471 1762 953 742 3419 747 906 384 443 714 649 680 574 354 220 192 195 130 127
internal_count=17429 16523 5880 1922 3958 598 3360 10643 4799 5844 5097 3335 4161 1818 865 638 2976 471 1762 953 742 3419 747 906 384 443 714 649 680 574 354 220 192 195 130 127
is_linear=0
shrinkage=0.02


end of trees

feature_importances:
universe58_loo_log_return_60=50
universe58_loo_log_return_126=50
universe58_loo_realized_volatility_20=46
universe58_loo_drawdown_252=38
cross_section_return_dispersion=29
universe58_loo_log_return_20=20
source_beta_universe58_60=17
source_downside_volatility_60=14
source_momentum_12_1=13
universe58_loo_log_return_1=13
cross_section_positive_return_breadth=8
source_beta_universe58_252=8
source_correlation_universe58_60=8
source_log_return_252=7
cross_section_momentum_252_percentile=7
cross_section_beta_60_percentile=7
source_drawdown_from_252_session_peak=5
source_log_return_60=3
source_close_ma200_ratio=3
source_directional_index_spread_14=3
source_idiosyncratic_volatility_60=3
source_downside_volatility_20=2
source_close_ma50_ratio=2
source_residual_momentum_20=2
source_realized_volatility_20=1
source_realized_volatility_60=1
cross_section_momentum_20_percentile=1
source_adx_14=1
source_max_daily_log_return_20=1
source_distance_from_252_session_low=1
source_volatility_ratio_20_60=1
cross_section_momentum_126_percentile=1
cross_section_volatility_60_percentile=1

parameters:
[boosting: gbdt]
[objective: huber]
[metric: huber]
[tree_learner: serial]
[device_type: cpu]
[data_sample_strategy: bagging]
[data: ]
[valid: ]
[num_iterations: 10]
[learning_rate: 0.02]
[num_leaves: 47]
[num_threads: 12]
[seed: 31957]
[deterministic: 1]
[force_col_wise: 1]
[force_row_wise: 0]
[histogram_pool_size: -1]
[max_depth: 6]
[min_data_in_leaf: 60]
[min_sum_hessian_in_leaf: 0.001]
[bagging_fraction: 0.9]
[pos_bagging_fraction: 1]
[neg_bagging_fraction: 1]
[bagging_freq: 1]
[bagging_seed: 31957]
[bagging_by_query: 0]
[feature_fraction: 0.9]
[feature_fraction_bynode: 1]
[feature_fraction_seed: 31957]
[extra_trees: 0]
[extra_seed: 29631]
[early_stopping_round: 0]
[early_stopping_min_delta: 0]
[first_metric_only: 0]
[max_delta_step: 0]
[lambda_l1: 0.05]
[lambda_l2: 3]
[linear_lambda: 0]
[min_gain_to_split: 0]
[drop_rate: 0.1]
[max_drop: 50]
[skip_drop: 0.5]
[xgboost_dart_mode: 0]
[uniform_drop: 0]
[drop_seed: 22469]
[top_rate: 0.2]
[other_rate: 0.1]
[min_data_per_group: 100]
[max_cat_threshold: 32]
[cat_l2: 10]
[cat_smooth: 10]
[max_cat_to_onehot: 4]
[top_k: 20]
[monotone_constraints: ]
[monotone_constraints_method: basic]
[monotone_penalty: 0]
[feature_contri: ]
[forcedsplits_filename: ]
[refit_decay_rate: 0.9]
[cegb_tradeoff: 1]
[cegb_penalty_split: 0]
[cegb_penalty_feature_lazy: ]
[cegb_penalty_feature_coupled: ]
[path_smooth: 0]
[interaction_constraints: ]
[verbosity: -1]
[saved_feature_importance_type: 0]
[use_quantized_grad: 0]
[num_grad_quant_bins: 4]
[quant_train_renew_leaf: 0]
[stochastic_rounding: 1]
[linear_tree: 0]
[max_bin: 255]
[max_bin_by_feature: ]
[min_data_in_bin: 3]
[bin_construct_sample_cnt: 200000]
[data_random_seed: 31957]
[is_enable_sparse: 1]
[enable_bundle: 1]
[use_missing: 1]
[zero_as_missing: 0]
[feature_pre_filter: 1]
[pre_partition: 0]
[two_round: 0]
[header: 0]
[label_column: ]
[weight_column: ]
[group_column: ]
[ignore_column: ]
[categorical_feature: ]
[forcedbins_filename: ]
[precise_float_parser: 0]
[parser_config_file: ]
[objective_seed: 18397]
[num_class: 1]
[is_unbalance: 0]
[scale_pos_weight: 1]
[sigmoid: 1]
[boost_from_average: 1]
[reg_sqrt: 0]
[alpha: 0.9]
[fair_c: 1]
[poisson_max_delta_step: 0.7]
[tweedie_variance_power: 1.5]
[lambdarank_truncation_level: 30]
[lambdarank_norm: 1]
[label_gain: ]
[lambdarank_position_bias_regularization: 0]
[eval_at: ]
[multi_error_top_k: 1]
[auc_mu_weights: ]
[num_machines: 1]
[local_listen_port: 12400]
[time_out: 120]
[machine_list_filename: ]
[machines: ]
[gpu_platform_id: -1]
[gpu_device_id: -1]
[gpu_use_dp: 0]
[num_gpu: 1]

end of parameters

pandas_categorical:[]
